identifier	function	contig	start	stop	position	rank	my_status	pp	Final_status	start of attL	end of attL	start of attR	end of attR	sequence of attL	sequence of attR	Reason for att site
IOMTU433_RS20000	Merged-or-split: membrane protein insertase YidC	NZ_AP014649.1	633	1	0	0.0018750000000000004	0	0	0
IOMTU433_RS00005	membrane protein insertion efficiency factor YidD	NZ_AP014649.1	959	639	1	0.0017647058823529415	0	0	0
IOMTU433_RS00010	ribonuclease P protein component	NZ_AP014649.1	1362	970	2	0.001666666666666667	0	0	0
IOMTU433_RS00015	50S ribosomal protein L34	NZ_AP014649.1	1526	1392	3	0	0	0	0
IOMTU433_RS00020	chromosomal replication initiator protein DnaA	NZ_AP014649.1	2197	3594	4	0.0015000000000000002	0	0	0
IOMTU433_RS00025	DNA polymerase III subunit beta	NZ_AP014649.1	3692	4840	5	0.0014285714285714288	0	0	0
IOMTU433_RS00030	DNA replication/repair protein RecF	NZ_AP014649.1	4855	5937	6	0.001363636363636364	0	0	0
IOMTU433_RS00035	DNA topoisomerase (ATP-hydrolyzing) subunit B	NZ_AP014649.1	5990	8458	7	0.0013043478260869568	0	0	0
IOMTU433_RS00040	cytochrome b562	NZ_AP014649.1	8496	8888	8	0.0012500000000000002	0	0	0
IOMTU433_RS00045	VTT domain-containing protein	NZ_AP014649.1	9531	8974	9	0.0012000000000000003	0	0	0
IOMTU433_RS00050	ATP-binding cassette domain-containing protein	NZ_AP014649.1	11713	9782	10	0.0011538461538461542	0	0	0
IOMTU433_RS00055	hypothetical protein	NZ_AP014649.1	11970	12974	11	0.0011111111111111113	0	0.5	0
IOMTU433_RS00060	hypothetical protein	NZ_AP014649.1	13229	14236	12	0.0010714285714285717	0	0.5	0
IOMTU433_RS00065	hypothetical protein	NZ_AP014649.1	14579	15583	13	0.00103448275862069	0	0.5	0
IOMTU433_RS00070	iron-sulfur cluster insertion protein ErpA	NZ_AP014649.1	15708	16043	14	0.0010000000000000002	0	0	0
IOMTU433_RS00075	alpha/beta hydrolase	NZ_AP014649.1	16945	16100	15	0.0008	0	0	0
IOMTU433_RS00080	anhydro-N-acetylmuramic acid kinase	NZ_AP014649.1	18200	17073	16	0.0007333333333333333	0	0	0
IOMTU433_RS00085	tyrosine--tRNA ligase	NZ_AP014649.1	18262	19494	17	0.0007333333333333333	0	0	0
IOMTU433_RS00115	glutathione S-transferase family protein	NZ_AP014649.1	25836	26435	18	0.0006000000000000001	0	0	0
IOMTU433_RS00120	TIGR04219 family outer membrane beta-barrel protein	NZ_AP014649.1	27185	26493	19	0.0006000000000000001	0	0	0
IOMTU433_RS00125	sodium-dependent transporter	NZ_AP014649.1	27814	29292	20	0.0006000000000000001	0	0	0
IOMTU433_RS00130	methionine/alanine import family NSS transporter small subunit	NZ_AP014649.1	29305	29448	21	0.0005333333333333334	0	0	0
IOMTU433_RS00135	16S rRNA (cytosine(967)-C(5))-methyltransferase RsmB	NZ_AP014649.1	30796	29492	22	0.0002	0	0	0
IOMTU433_RS00140	methionyl-tRNA formyltransferase	NZ_AP014649.1	31755	30793	23	0.0002666666666666667	0	0	0
IOMTU433_RS00145	dihydroxy-acid dehydratase	NZ_AP014649.1	32104	33933	24	0.0002666666666666667	0	0	0
IOMTU433_RS00150	hypothetical protein	NZ_AP014649.1	34247	35536	25	0.0002666666666666667	0	0.5	0
IOMTU433_RS00155	sulfite exporter TauE/SafE family protein	NZ_AP014649.1	35639	36346	26	0.0002666666666666667	0	0	0
IOMTU433_RS00160	LysR family transcriptional regulator	NZ_AP014649.1	37245	36355	27	0.0002666666666666667	0	0	0
IOMTU433_RS00165	NCS2 family nucleobase:cation symporter	NZ_AP014649.1	38620	37325	28	0.0002666666666666667	0	0	0
IOMTU433_RS00170	phosphoenolpyruvate carboxylase	NZ_AP014649.1	41605	38921	29	0.0002666666666666667	0	0	0
IOMTU433_RS00175	TetR/AcrR family transcriptional regulator	NZ_AP014649.1	42399	41776	30	0.0002666666666666667	0	0	0
IOMTU433_RS00180	efflux RND transporter periplasmic adaptor subunit	NZ_AP014649.1	42549	43649	31	0.0002666666666666667	0	0	0
IOMTU433_RS00185	efflux RND transporter permease subunit	NZ_AP014649.1	43652	46777	32	0.0002666666666666667	0	0	0
IOMTU433_RS00190	hypothetical protein	NZ_AP014649.1	46917	47294	33	0.0002666666666666667	0	0.5	0
IOMTU433_RS00195	molecular chaperone DnaJ	NZ_AP014649.1	47399	48511	34	0.0004	0	0	0
IOMTU433_RS00200	hypothetical protein	NZ_AP014649.1	48976	48626	35	0.0004	0	0.5	0
IOMTU433_RS00205	4-hydroxy-tetrahydrodipicolinate reductase	NZ_AP014649.1	49161	49982	36	0.0004	0	0	0
IOMTU433_RS00210	START domain-containing protein	NZ_AP014649.1	50034	50687	37	0.0004	0	0	0
IOMTU433_RS00215	MFS transporter	NZ_AP014649.1	51917	50727	38	0.0004	0	0	0
IOMTU433_RS00220	2,5-didehydrogluconate reductase DkgB	NZ_AP014649.1	52725	51922	39	0.0005333333333333334	0	0	0
IOMTU433_RS00225	LysR family transcriptional regulator	NZ_AP014649.1	52846	53748	40	0.0005333333333333334	0	0	0
IOMTU433_RS00230	hypothetical protein	NZ_AP014649.1	54106	53732	41	0.0006000000000000001	0	0.5	0
IOMTU433_RS20450	hypothetical protein	NZ_AP014649.1	54236	54114	42	0.0006000000000000001	0	0.5	0
IOMTU433_RS00235	PLP-dependent aminotransferase family protein	NZ_AP014649.1	54197	55621	43	0.0006000000000000001	0	0	0
IOMTU433_RS00240	NAD(P)-dependent alcohol dehydrogenase	NZ_AP014649.1	56652	55624	44	0.0007333333333333334	0	0	0
IOMTU433_RS00245	DNA-3-methyladenine glycosylase I	NZ_AP014649.1	57251	56691	45	0.0007333333333333334	0	0	0
IOMTU433_RS00250	hypothetical protein	NZ_AP014649.1	57527	57282	46	0.0007333333333333334	0	0.5	0
IOMTU433_RS00255	M23 family metallopeptidase	NZ_AP014649.1	58073	57537	47	0.0007333333333333334	0	0	0
IOMTU433_RS00260	A/G-specific adenine glycosylase	NZ_AP014649.1	59155	58121	48	0.0007333333333333334	0	0	0
IOMTU433_RS00265	HIT family protein	NZ_AP014649.1	59658	59296	49	0.0005333333333333334	0	0	0
IOMTU433_RS00270	dienelactone hydrolase family protein	NZ_AP014649.1	60581	59844	50	0.0005333333333333334	0	0	0
IOMTU433_RS00275	DUF1328 domain-containing protein	NZ_AP014649.1	60911	60753	51	0.0005333333333333334	0	0	0
IOMTU433_RS00280	YcgN family cysteine cluster protein	NZ_AP014649.1	61106	61564	52	0.0005333333333333334	0	0.5	0
IOMTU433_RS00285	PQQ-dependent sugar dehydrogenase	NZ_AP014649.1	61674	62846	53	0.00046666666666666666	0	0	0
IOMTU433_RS00290	replication-associated recombination protein A	NZ_AP014649.1	62952	64217	54	0.00046666666666666666	0	0	0
IOMTU433_RS00295	formate/nitrite transporter family protein	NZ_AP014649.1	65071	64233	55	0.00046666666666666666	0	0	0
IOMTU433_RS00300	hypothetical protein	NZ_AP014649.1	65560	65357	56	0.00046666666666666666	0	0.5	0
IOMTU433_RS00305	phosphoribosylaminoimidazolesuccinocarboxamide synthase	NZ_AP014649.1	66472	65753	57	0.00046666666666666666	0	0	0
IOMTU433_RS00310	hypothetical protein	NZ_AP014649.1	67111	66509	58	0.00046666666666666666	0	0.5	0
IOMTU433_RS00315	4-hydroxy-tetrahydrodipicolinate synthase	NZ_AP014649.1	68020	67127	59	0.00046666666666666666	0	0	0
IOMTU433_RS00320	bifunctional nicotinamidase/pyrazinamidase	NZ_AP014649.1	68350	68994	60	0.00046666666666666666	0	0	0
IOMTU433_RS00325	bile acid:sodium symporter family protein	NZ_AP014649.1	69049	69987	61	0.00046666666666666666	0	0	0
IOMTU433_RS00330	MATE family efflux transporter	NZ_AP014649.1	70166	71509	62	0.00046666666666666666	0	0	0
IOMTU433_RS00335	DUF523 domain-containing protein	NZ_AP014649.1	71991	71518	63	0.00046666666666666666	0	0	0
IOMTU433_RS00340	4-hydroxyphenylpyruvate dioxygenase	NZ_AP014649.1	72514	73569	64	0.0003333333333333333	0	0	0
IOMTU433_RS00345	IclR family transcriptional regulator	NZ_AP014649.1	74414	73635	65	0.0003333333333333333	0	0	0
IOMTU433_RS00350	VOC family protein	NZ_AP014649.1	75262	74714	66	0.0003333333333333333	0	0	0
IOMTU433_RS00355	maleylacetoacetate isomerase	NZ_AP014649.1	75912	75280	67	0.0003333333333333333	0	0	0
IOMTU433_RS00360	fumarylacetoacetase	NZ_AP014649.1	77206	75899	68	0.0003333333333333333	0	0	0
IOMTU433_RS00365	amino acid permease	NZ_AP014649.1	77565	78953	69	0.0003333333333333333	0	0	0
IOMTU433_RS00370	hypothetical protein	NZ_AP014649.1	79116	79799	70	0.0004	0	0.5	0
IOMTU433_RS00375	zinc metallochaperone GTPase ZigA	NZ_AP014649.1	79942	81207	71	0.00046666666666666666	0	0	0
IOMTU433_RS00380	acyltransferase	NZ_AP014649.1	82352	81240	72	0.00046666666666666666	0	0	0
IOMTU433_RS00385	histidine utilization repressor	NZ_AP014649.1	82705	83457	73	0.00046666666666666666	0	0	0
IOMTU433_RS00390	HutD family protein	NZ_AP014649.1	83454	84029	74	0.0003333333333333333	0	0	0
IOMTU433_RS00395	urocanate hydratase	NZ_AP014649.1	84281	85957	75	0.0003333333333333333	0	0	0
IOMTU433_RS00400	histidine ammonia-lyase	NZ_AP014649.1	86045	87583	76	0.0003333333333333333	0	0	0
IOMTU433_RS00405	amino acid permease	NZ_AP014649.1	87648	89060	77	0.0003333333333333333	0	0	0
IOMTU433_RS00410	imidazolonepropionase	NZ_AP014649.1	89112	90317	78	0.0003333333333333333	0	0	0
IOMTU433_RS00415	formimidoylglutamase	NZ_AP014649.1	90328	91248	79	0.0003333333333333333	0	0	0
IOMTU433_RS00420	DUF885 domain-containing protein	NZ_AP014649.1	91502	93328	80	0.0003333333333333333	0	0	0
IOMTU433_RS00425	HAD family hydrolase	NZ_AP014649.1	93427	94065	81	0.0003333333333333333	0	0	0
IOMTU433_RS00430	glutamate racemase	NZ_AP014649.1	94089	94889	82	0.0003333333333333333	0	0	0
IOMTU433_RS00435	glutamine--fructose-6-phosphate transaminase (isomerizing)	NZ_AP014649.1	96813	94975	83	0.0003333333333333333	0	0	0
IOMTU433_RS00440	bifunctional UDP-N-acetylglucosamine diphosphorylase/glucosamine-1-phosphate N-acetyltransferase GlmU	NZ_AP014649.1	98190	96826	84	0.0003333333333333333	0	0	0
IOMTU433_RS00445	phosphatidylglycerophosphatase A	NZ_AP014649.1	98722	98207	85	0.0003333333333333333	0	0	0
IOMTU433_RS00450	thiamine-phosphate kinase	NZ_AP014649.1	99617	98700	86	0.0003333333333333333	0	0	0
IOMTU433_RS00455	transcription antitermination factor NusB	NZ_AP014649.1	100082	99633	87	0.0003333333333333333	0	0	0
IOMTU433_RS00460	6,7-dimethyl-8-ribityllumazine synthase	NZ_AP014649.1	100556	100086	88	0.0003333333333333333	0	0	0
IOMTU433_RS00465	bifunctional 3,4-dihydroxy-2-butanone-4-phosphate synthase/GTP cyclohydrolase II	NZ_AP014649.1	101689	100568	89	0.0003333333333333333	0	0	0
IOMTU433_RS00470	hypothetical protein	NZ_AP014649.1	103236	101929	90	0.0003333333333333333	0	0.5	0
IOMTU433_RS00475	phosphoserine phosphatase SerB	NZ_AP014649.1	103296	104519	91	0.0003333333333333333	0	0	0
IOMTU433_RS00480	hypothetical protein	NZ_AP014649.1	104929	105264	92	0.0003333333333333333	0	0.5	0
IOMTU433_RS00485	hypothetical protein	NZ_AP014649.1	105518	105997	93	0.0003333333333333333	0	0.5	0
IOMTU433_RS00490	D-tyrosyl-tRNA(Tyr) deacylase	NZ_AP014649.1	106480	106037	94	0.0003333333333333333	0	0	0
IOMTU433_RS00495	catalase	NZ_AP014649.1	106681	108204	95	0.0003333333333333333	0	0	0
IOMTU433_RS00500	ankyrin repeat domain-containing protein	NZ_AP014649.1	108334	108819	96	0.0003333333333333333	0	0	0
IOMTU433_RS00505	nicotinate phosphoribosyltransferase	NZ_AP014649.1	108960	110174	97	0.0003333333333333333	0	0	0
IOMTU433_RS00510	sulfurtransferase	NZ_AP014649.1	110325	111173	98	0.0003333333333333333	0	0	0
IOMTU433_RS00515	phosphatidylserine decarboxylase	NZ_AP014649.1	111170	112021	99	0.0002	0	0	0
IOMTU433_RS00520	acetamidase/formamidase family protein	NZ_AP014649.1	112448	113668	100	0.00013333333333333334	0	0	0
IOMTU433_RS00525	AcfC family putative adhesin	NZ_AP014649.1	114453	113695	101	0.0	0	0	0
IOMTU433_RS00530	alpha/beta fold hydrolase	NZ_AP014649.1	114745	115887	102	0.0	0	0	0
IOMTU433_RS00535	phosphate regulon sensor histidine kinase PhoR	NZ_AP014649.1	117315	115957	103	0.0	0	0	0
IOMTU433_RS00540	phosphate regulon transcriptional regulator PhoB	NZ_AP014649.1	118035	117325	104	0.0	0	0	0
IOMTU433_RS00545	TetR/AcrR family transcriptional regulator	NZ_AP014649.1	118962	118291	105	0.0	0	0	0
IOMTU433_RS00550	SDR family NAD(P)-dependent oxidoreductase	NZ_AP014649.1	119159	119992	106	0.0	0	0	0
IOMTU433_RS00555	MATE family efflux transporter	NZ_AP014649.1	121416	120049	107	0.0	0	0	0
IOMTU433_RS00560	pyridoxal phosphate-dependent aminotransferase	NZ_AP014649.1	122677	121523	108	0.0	0	0	0
IOMTU433_RS00565	DUF445 domain-containing protein	NZ_AP014649.1	124015	122705	109	0.0	0	0	0
IOMTU433_RS00570	hypothetical protein	NZ_AP014649.1	124592	124029	110	0.0	0	0.5	0
IOMTU433_RS00575	DUF924 domain-containing protein	NZ_AP014649.1	125191	124652	111	0.0	0	0	0
IOMTU433_RS00580	glutamate--cysteine ligase	NZ_AP014649.1	125360	126937	112	0.0	0	0	0
IOMTU433_RS00585	disulfide bond formation protein B	NZ_AP014649.1	126952	127467	113	0.0	0	0	0
IOMTU433_RS00590	type VI secretion system tip protein VgrG	NZ_AP014649.1	127633	130947	114	0.0	0	0	0
IOMTU433_RS00595	hypothetical protein	NZ_AP014649.1	130940	131503	115	6.666666666666667e-05	0	0.5	0
IOMTU433_RS00600	hypothetical protein	NZ_AP014649.1	131503	132321	116	6.666666666666667e-05	0	0.5	0
IOMTU433_RS00605	IS30-like element ISAba125 family transposase	NZ_AP014649.1	133361	132336	117	6.666666666666667e-05	0	0.75	0
IOMTU433_RS00610	hypothetical protein	NZ_AP014649.1	133654	133938	118	6.666666666666667e-05	0	0.5	0
IOMTU433_RS20030	IS91 family transposase	NZ_AP014649.1	135678	134149	119	6.666666666666667e-05	0	0.75	0
IOMTU433_RS00625	chaperonin GroEL	NZ_AP014649.1	137507	135867	120	6.666666666666667e-05	0	0	0
IOMTU433_RS00630	co-chaperone GroES	NZ_AP014649.1	137853	137563	121	0.0004	0	0	0
IOMTU433_RS20035	divalent-cation tolerance protein CutA	NZ_AP014649.1	138047	138376	122	0.0006000000000000001	0	0	0
IOMTU433_RS00640	protein-disulfide reductase DsbD N-terminal domain-containing protein	NZ_AP014649.1	138381	139412	123	0.0006000000000000001	0	0	0
IOMTU433_RS00645	phosphoribosylanthranilate isomerase	NZ_AP014649.1	140061	139423	124	0.0006000000000000001	0	0	0
IOMTU433_RS00650	bleomycin binding protein Ble-MBL	NZ_AP014649.1	140431	140066	125	0.0006000000000000001	0	0	0
IOMTU433_RS00655	subclass B1 metallo-beta-lactamase NDM-1	NZ_AP014649.1	141247	140435	126	0.0006000000000000001	0	0	0
IOMTU433_RS00660	IS30-like element ISAba125 family transposase	NZ_AP014649.1	142373	141348	127	0.0006000000000000001	0	0.75	0
IOMTU433_RS00665	LysM peptidoglycan-binding domain-containing protein	NZ_AP014649.1	142430	143551	128	0.0006000000000000001	0	0	0
IOMTU433_RS00670	SH3 domain-containing protein	NZ_AP014649.1	143548	144273	129	0.0006000000000000001	0	0	0
IOMTU433_RS00675	hypothetical protein	NZ_AP014649.1	145681	144338	130	0.0006666666666666668	0	0.5	0
IOMTU433_RS00680	esterase	NZ_AP014649.1	145893	146474	131	0.0006666666666666668	0	0	0
IOMTU433_RS00685	DNA topoisomerase IV subunit B	NZ_AP014649.1	146489	148372	132	0.0006666666666666668	0	0	0
IOMTU433_RS00690	SDR family oxidoreductase	NZ_AP014649.1	148829	149623	133	0.0006666666666666668	0	0	0
IOMTU433_RS00695	ureidoglycolate lyase	NZ_AP014649.1	150230	149727	134	0.0006666666666666668	0	0	0
IOMTU433_RS00700	allantoicase	NZ_AP014649.1	151237	150227	135	0.0006666666666666668	0	0	0
IOMTU433_RS00705	FAD-dependent urate hydroxylase HpxO	NZ_AP014649.1	151437	152594	136	0.0006666666666666668	0	0	0
IOMTU433_RS00710	ion channel protein Tsx	NZ_AP014649.1	153372	152647	137	0.0006666666666666668	0	0	0
IOMTU433_RS00715	purine permease	NZ_AP014649.1	154862	153495	138	0.0006666666666666668	0	0	0
IOMTU433_RS00720	hydroxyisourate hydrolase	NZ_AP014649.1	155210	154887	139	0.0008000000000000001	0	0	0
IOMTU433_RS00725	2-oxo-4-hydroxy-4-carboxy-5-ureidoimidazoline decarboxylase	NZ_AP014649.1	155710	155207	140	0.0008000000000000001	0	0	0
IOMTU433_RS00730	allantoinase PuuE	NZ_AP014649.1	156775	155810	141	0.0008000000000000001	0	0	0
IOMTU433_RS00735	HPF/RaiA family ribosome-associated protein	NZ_AP014649.1	157028	157378	142	0.0008000000000000001	0	0	0
IOMTU433_RS00740	ankyrin repeat domain-containing protein	NZ_AP014649.1	157538	158083	143	0.0008000000000000001	0	0	0
IOMTU433_RS00745	transporter	NZ_AP014649.1	158096	158863	144	0.0008000000000000001	0	0	0
IOMTU433_RS00750	protein-disulfide reductase DsbD	NZ_AP014649.1	158892	160706	145	0.0007333333333333334	0	0	0
IOMTU433_RS00755	GGDEF domain-containing protein	NZ_AP014649.1	161891	160698	146	0.0007333333333333334	0	0	0
IOMTU433_RS00760	alpha/beta hydrolase	NZ_AP014649.1	162978	162067	147	0.0007333333333333334	0	0	0
IOMTU433_RS00765	DUF2147 domain-containing protein	NZ_AP014649.1	163128	163565	148	0.0007333333333333334	0	0	0
IOMTU433_RS00770	arsenate reductase	NZ_AP014649.1	163954	163604	149	0.0007333333333333334	0	0	0
IOMTU433_RS00775	exodeoxyribonuclease III	NZ_AP014649.1	165234	164410	150	0.0007333333333333334	0	0	0
IOMTU433_RS00780	orotate phosphoribosyltransferase	NZ_AP014649.1	165273	165923	151	0.0004	0	0	0
IOMTU433_RS00785	TonB-dependent siderophore receptor	NZ_AP014649.1	168132	165973	152	0.0002	0	0	0
IOMTU433_RS00790	DUF1737 domain-containing protein	NZ_AP014649.1	168604	168392	153	0.0002	0	0	0
IOMTU433_RS00795	glutathione synthase	NZ_AP014649.1	168766	169710	154	0.0002	0	0	0
IOMTU433_RS00800	undecaprenyldiphospho-muramoylpentapeptide beta-N-acetylglucosaminyltransferase	NZ_AP014649.1	169948	171045	155	0.0002	0	0	0
IOMTU433_RS00805	UDP-N-acetylmuramate--L-alanine ligase	NZ_AP014649.1	171057	172505	156	0.0002	0	0	0
IOMTU433_RS00810	D-alanine--D-alanine ligase	NZ_AP014649.1	172543	173469	157	0.0002	0	0	0
IOMTU433_RS00815	cell division protein FtsQ/DivIB	NZ_AP014649.1	173472	174326	158	0.0002	0	0	0
IOMTU433_RS00820	cell division protein FtsA	NZ_AP014649.1	174387	175649	159	0.0002	0	0	0
IOMTU433_RS00825	cell division protein FtsZ	NZ_AP014649.1	175814	176989	160	0.00013333333333333334	0	0	0
IOMTU433_RS00830	UDP-3-O-acyl-N-acetylglucosamine deacetylase	NZ_AP014649.1	177100	178002	161	0.00013333333333333334	0	0	0
IOMTU433_RS00835	DUF721 domain-containing protein	NZ_AP014649.1	178540	178100	162	0.00013333333333333334	0	0	0
IOMTU433_RS00840	M23 family metallopeptidase	NZ_AP014649.1	178648	179340	163	0.00013333333333333334	0	0	0
IOMTU433_RS00845	pyruvate dehydrogenase (acetyl-transferring), homodimeric type	NZ_AP014649.1	179591	182308	164	0.00013333333333333334	0	0	0
IOMTU433_RS00850	2-oxo acid dehydrogenase subunit E2	NZ_AP014649.1	182311	184290	165	0.00013333333333333334	0	0	0
IOMTU433_RS00855	hypothetical protein	NZ_AP014649.1	184439	184711	166	0.00013333333333333334	0	0.5	0
IOMTU433_RS00860	TMEM165/GDT1 family protein	NZ_AP014649.1	184960	185535	167	0.00013333333333333334	0	0	0
IOMTU433_RS00865	TonB-dependent siderophore receptor	NZ_AP014649.1	187751	185595	168	0.00013333333333333334	0	0	0
IOMTU433_RS00870	MBL fold metallo-hydrolase	NZ_AP014649.1	187979	188776	169	0.0	0	0	0
IOMTU433_RS00875	YkgJ family cysteine cluster protein	NZ_AP014649.1	188868	189233	170	0.0	0	0.5	0
IOMTU433_RS00880	IMP dehydrogenase	NZ_AP014649.1	189369	190835	171	0.0	0	0	0
IOMTU433_RS00885	phosphoglucosamine mutase	NZ_AP014649.1	190985	192322	172	0.0	0	0	0
IOMTU433_RS00890	pyridoxamine 5'-phosphate oxidase	NZ_AP014649.1	192333	192989	173	0.0	0	0	0
IOMTU433_RS00895	single-stranded-DNA-specific exonuclease RecJ	NZ_AP014649.1	192990	194690	174	0.0	0	0	0
IOMTU433_RS00900	putative porin	NZ_AP014649.1	195502	194735	175	0.0	0	0	0
IOMTU433_RS00905	Merged-or-split: peptide chain release factor 2	NZ_AP014649.1	195895	196990	176	0.0	0	0	0
IOMTU433_RS00910	ArsR family transcriptional regulator	NZ_AP014649.1	197190	197492	177	0.0	0	0	0
IOMTU433_RS00915	alkene reductase	NZ_AP014649.1	197521	198579	178	0.0	0	0	0
IOMTU433_RS00920	3-deoxy-D-manno-octulosonic acid transferase	NZ_AP014649.1	198748	200040	179	0.0	0	0	0
IOMTU433_RS00925	16S rRNA (uracil(1498)-N(3))-methyltransferase	NZ_AP014649.1	200037	200744	180	6.666666666666667e-05	0	0	0
IOMTU433_RS00930	mechanosensitive ion channel family protein	NZ_AP014649.1	201704	200724	181	6.666666666666667e-05	0	0	0
IOMTU433_RS00935	DUF805 domain-containing protein	NZ_AP014649.1	202392	201817	182	6.666666666666667e-05	0	0	0
IOMTU433_RS00940	acetate--CoA ligase	NZ_AP014649.1	202687	204636	183	6.666666666666667e-05	0	0	0
IOMTU433_RS00945	cysteine hydrolase	NZ_AP014649.1	205225	204683	184	6.666666666666667e-05	0	0	0
IOMTU433_RS00950	winged helix-turn-helix transcriptional regulator	NZ_AP014649.1	205331	205744	185	6.666666666666667e-05	0	1	0
IOMTU433_RS00955	dimethyl sulfone monooxygenase SfnG	NZ_AP014649.1	206948	205836	186	6.666666666666667e-05	0	0	0
IOMTU433_RS00960	FMN reductase	NZ_AP014649.1	207730	206993	187	6.666666666666667e-05	0	0	0
IOMTU433_RS00965	response regulator transcription factor	NZ_AP014649.1	208107	208757	188	6.666666666666667e-05	0	0	0
IOMTU433_RS00970	hypothetical protein	NZ_AP014649.1	209567	208800	189	6.666666666666667e-05	0	0.5	0
IOMTU433_RS00975	hybrid sensor histidine kinase/response regulator	NZ_AP014649.1	213458	209961	190	6.666666666666667e-05	0	0	0
IOMTU433_RS00980	DUF485 domain-containing protein	NZ_AP014649.1	213642	213974	191	6.666666666666667e-05	0	0	0
IOMTU433_RS00985	cation acetate symporter	NZ_AP014649.1	213976	215691	192	6.666666666666667e-05	0	0	0
IOMTU433_RS00990	ion channel	NZ_AP014649.1	215873	216553	193	6.666666666666667e-05	0	0	0
IOMTU433_RS00995	choline BCCT transporter BetT	NZ_AP014649.1	216719	218686	194	6.666666666666667e-05	0	0	0
IOMTU433_RS01000	porin Omp33-36	NZ_AP014649.1	219644	218745	195	6.666666666666667e-05	0	0	0
IOMTU433_RS01005	GGDEF domain-containing protein	NZ_AP014649.1	220637	222343	196	6.666666666666667e-05	0	0	0
IOMTU433_RS01010	AAA family ATPase	NZ_AP014649.1	222426	224081	197	6.666666666666667e-05	0	0	0
IOMTU433_RS01015	excinuclease ABC subunit UvrA	NZ_AP014649.1	226927	224096	198	6.666666666666667e-05	0	0	0
IOMTU433_RS01020	TetR/AcrR family transcriptional regulator	NZ_AP014649.1	227224	227826	199	0.00013333333333333334	0	0	0
IOMTU433_RS01025	zinc-binding dehydrogenase	NZ_AP014649.1	227830	228807	200	0.00013333333333333334	0	0	0
IOMTU433_RS01030	DUF1304 domain-containing protein	NZ_AP014649.1	228872	229225	201	0.0002	0	0	0
IOMTU433_RS01035	GlpM family protein	NZ_AP014649.1	229278	229619	202	0.0002666666666666667	0	0	0
IOMTU433_RS01040	thiaminase II	NZ_AP014649.1	230343	229669	203	0.0002666666666666667	0	0	0
IOMTU433_RS01045	DUF475 domain-containing protein	NZ_AP014649.1	230606	231688	204	0.0002666666666666667	0	0	0
IOMTU433_RS01050	MFS transporter	NZ_AP014649.1	231835	233199	205	0.0002666666666666667	0	0	0
IOMTU433_RS01055	single-stranded DNA-binding protein	NZ_AP014649.1	233251	233832	206	0.0002666666666666667	0	0	0
IOMTU433_RS01060	AzlD domain-containing protein	NZ_AP014649.1	234196	233873	207	0.0002666666666666667	0	0	0
IOMTU433_RS01065	AzlC family ABC transporter permease	NZ_AP014649.1	234888	234193	208	0.0002666666666666667	0	0	0
IOMTU433_RS01070	helix-turn-helix transcriptional regulator	NZ_AP014649.1	234957	235505	209	0.0002666666666666667	0	1	0
IOMTU433_RS01075	amino acid permease	NZ_AP014649.1	235811	237253	210	0.0002	0	0	0
IOMTU433_RS01080	PLP-dependent aminotransferase family protein	NZ_AP014649.1	238817	237318	211	0.0002	0	0	0
IOMTU433_RS01085	4-aminobutyrate--2-oxoglutarate transaminase	NZ_AP014649.1	238974	240266	212	0.0002666666666666667	0	0	0
IOMTU433_RS01090	NAD-dependent succinate-semialdehyde dehydrogenase	NZ_AP014649.1	240263	241711	213	0.0014666666666666667	0	0	0
IOMTU433_RS01095	LysR family transcriptional regulator	NZ_AP014649.1	242791	241817	214	0.0014666666666666667	0	0	0
IOMTU433_RS01100	hydrolase	NZ_AP014649.1	243438	242812	215	0.0016	0	0	0
IOMTU433_RS01105	pirin family protein	NZ_AP014649.1	243716	244588	216	0.0016	0	0	0
IOMTU433_RS01110	FAD-dependent oxidoreductase	NZ_AP014649.1	245028	246326	217	0.0017333333333333335	0	0	0
IOMTU433_RS01115	class I SAM-dependent methyltransferase	NZ_AP014649.1	246331	247158	218	0.0017333333333333335	0	0	0
IOMTU433_RS01120	GFA family protein	NZ_AP014649.1	247167	247589	219	0.0017333333333333335	0	0	0
IOMTU433_RS01130	MFS transporter	NZ_AP014649.1	249675	248431	220	0.0017333333333333335	0	0	0
IOMTU433_RS01135	LysR family transcriptional regulator	NZ_AP014649.1	249814	250734	221	0.0017333333333333335	0	0	0
IOMTU433_RS01140	DMT family transporter	NZ_AP014649.1	251618	250731	222	0.0017333333333333335	0	0	0
IOMTU433_RS01145	hypothetical protein	NZ_AP014649.1	251847	252590	223	0.002266666666666667	0	0.5	0
IOMTU433_RS01150	hypothetical protein	NZ_AP014649.1	252615	253007	224	0.0023333333333333335	0	0.5	0
IOMTU433_RS01155	aldo/keto reductase	NZ_AP014649.1	254055	253054	225	0.002466666666666667	0	0	0
IOMTU433_RS01160	AraC family transcriptional regulator	NZ_AP014649.1	255069	254167	226	0.002466666666666667	0	0	0
IOMTU433_RS01165	TetR/AcrR family transcriptional regulator	NZ_AP014649.1	256198	256749	227	0.0027333333333333337	0	0	0
IOMTU433_RS01170	sel1 repeat family protein	NZ_AP014649.1	256938	257501	228	0.003333333333333334	0	0	0
IOMTU433_RS01175	hypothetical protein	NZ_AP014649.1	257644	257949	229	0.0037333333333333337	0	0.5	0
IOMTU433_RS01180	hypothetical protein	NZ_AP014649.1	257994	258875	230	0.0037333333333333337	0	0.5	0
IOMTU433_RS20920	hypothetical protein	NZ_AP014649.1	259158	258940	231	0.0038000000000000004	0	0.5	0
IOMTU433_RS01185	helix-turn-helix transcriptional regulator	NZ_AP014649.1	259521	259186	232	0.005200000000000001	0	1	0
IOMTU433_RS01190	NAD(P)H-dependent oxidoreductase	NZ_AP014649.1	259638	260195	233	0.005200000000000001	0	0	0
IOMTU433_RS01195	hypothetical protein	NZ_AP014649.1	260370	261326	234	0.005200000000000001	0	0.5	0
IOMTU433_RS01200	hypothetical protein	NZ_AP014649.1	261320	261670	235	0.005200000000000001	0	0.5	0
IOMTU433_RS01210	Merged-or-split: IS3-like element ISAba22 family transposase	NZ_AP014649.1	261738	262903	236	0.005266666666666668	0	0.75	0
IOMTU433_RS01220	potassium transporter Kup	NZ_AP014649.1	263332	265209	237	0.005266666666666668	0	0	0
IOMTU433_RS01225	hypothetical protein	NZ_AP014649.1	265708	265265	238	0.005266666666666668	0	0.5	0
IOMTU433_RS01230	DNA/RNA non-specific endonuclease	NZ_AP014649.1	265964	267043	239	0.005266666666666668	0	0	0
IOMTU433_RS01235	LysE family translocator	NZ_AP014649.1	267152	267739	240	0.005266666666666668	0	0	0
IOMTU433_RS01240	hypothetical protein	NZ_AP014649.1	267785	268027	241	0.005266666666666668	0	0.5	0
IOMTU433_RS01245	aquaporin Z	NZ_AP014649.1	268895	268206	242	0.005200000000000001	0	0	0
IOMTU433_RS01250	AraC family transcriptional regulator	NZ_AP014649.1	270032	269028	243	0.004	0	0	0
IOMTU433_RS01255	hypothetical protein	NZ_AP014649.1	270142	270780	244	0.004	0	0.5	0
IOMTU433_RS01260	imidazole glycerol phosphate synthase subunit HisF	NZ_AP014649.1	271580	270822	245	0.0038666666666666667	0	0	0
IOMTU433_RS01265	homoserine kinase	NZ_AP014649.1	271693	272643	246	0.003933333333333334	0	0	0
IOMTU433_RS01270	DUF1294 domain-containing protein	NZ_AP014649.1	272656	273285	247	0.0038	0	0	0
IOMTU433_RS01275	hypothetical protein	NZ_AP014649.1	273322	273711	248	0.0038	0	0.5	0
IOMTU433_RS01280	antibiotic biosynthesis monooxygenase	NZ_AP014649.1	273718	274029	249	0.003933333333333334	0	0	0
IOMTU433_RS01285	DMT family transporter	NZ_AP014649.1	274957	274055	250	0.004	0	0	0
IOMTU433_RS01290	helix-turn-helix transcriptional regulator	NZ_AP014649.1	275056	275607	251	0.004	0	1	0
IOMTU433_RS01295	1-(5-phosphoribosyl)-5-[(5- phosphoribosylamino)methylideneamino]imidazole-4- carboxamide isomerase	NZ_AP014649.1	276407	275676	252	0.004	0	0	0
IOMTU433_RS01300	3'-5' exonuclease domain-containing protein 2	NZ_AP014649.1	277143	276502	253	0.003466666666666667	0	0	0
IOMTU433_RS01305	DUF805 domain-containing protein	NZ_AP014649.1	277778	277230	254	0.0034000000000000002	0	0	0
IOMTU433_RS01310	imidazole glycerol phosphate synthase subunit HisH	NZ_AP014649.1	278549	277932	255	0.003266666666666667	0	0	0
IOMTU433_RS01315	imidazoleglycerol-phosphate dehydratase HisB	NZ_AP014649.1	279142	278549	256	0.003266666666666667	0	0	0
IOMTU433_RS01320	GNAT family N-acetyltransferase	NZ_AP014649.1	279245	279628	257	0.0030000000000000005	0	0	0
IOMTU433_RS01335	GNAT family acetyltransferase	NZ_AP014649.1	280614	280183	258	0.0024000000000000002	0	0	0
IOMTU433_RS01340	acetyl-CoA hydrolase/transferase family protein	NZ_AP014649.1	282259	280745	259	0.0019333333333333336	0	0	0
IOMTU433_RS20455	hypothetical protein	NZ_AP014649.1	282423	282295	260	0.0019333333333333336	0	0.5	0
IOMTU433_RS01345	HAMP domain-containing protein	NZ_AP014649.1	283908	282451	261	0.002	0	0	0
IOMTU433_RS01350	two-component system response regulator OmpR	NZ_AP014649.1	284690	283926	262	0.0005333333333333334	0	0	0
IOMTU433_RS01355	RNA-binding transcriptional accessory protein	NZ_AP014649.1	285346	287694	263	0.0005333333333333334	0	0	0
IOMTU433_RS01360	bifunctional SulP family inorganic anion transporter/carbonic anhydrase	NZ_AP014649.1	287997	290186	264	0.0005333333333333334	0	0	0
IOMTU433_RS01365	SDR family NAD(P)-dependent oxidoreductase	NZ_AP014649.1	291144	290254	265	0.0005333333333333334	0	0	0
IOMTU433_RS01370	aminotransferase class I/II-fold pyridoxal phosphate-dependent enzyme	NZ_AP014649.1	292695	291418	266	0.00046666666666666666	0	0	0
IOMTU433_RS01375	energy-dependent translational throttle protein EttA	NZ_AP014649.1	292994	294655	267	0.00046666666666666666	0	0	0
IOMTU433_RS01380	sel1 repeat family protein	NZ_AP014649.1	295042	294698	268	0.00046666666666666666	0	0	0
IOMTU433_RS01385	hypothetical protein	NZ_AP014649.1	296113	295421	269	0.00046666666666666666	0	0.5	0
IOMTU433_RS01390	hypothetical protein	NZ_AP014649.1	296262	296660	270	0.00046666666666666666	0	0.5	0
IOMTU433_RS01395	hypothetical protein	NZ_AP014649.1	296716	296910	271	0.00046666666666666666	0	0.5	0
IOMTU433_RS01400	isoprenylcysteine carboxylmethyltransferase family protein	NZ_AP014649.1	296901	297518	272	0.00046666666666666666	0	0	0
IOMTU433_RS20460	hypothetical protein	NZ_AP014649.1	297663	297836	273	0.00046666666666666666	0	0.5	0
IOMTU433_RS01405	hypothetical protein	NZ_AP014649.1	298055	298426	274	0.0005333333333333334	0	0.5	0
IOMTU433_RS01410	TolC family protein	NZ_AP014649.1	298484	299893	275	0.0005333333333333334	0	0	0
IOMTU433_RS01415	efflux RND transporter periplasmic adaptor subunit	NZ_AP014649.1	299893	301101	276	0.00046666666666666666	0	0	0
IOMTU433_RS01420	CusA/CzcA family heavy metal efflux RND transporter	NZ_AP014649.1	301091	304249	277	0.00046666666666666666	0	0	0
IOMTU433_RS01425	cation diffusion facilitator family transporter	NZ_AP014649.1	304382	305338	278	0.00046666666666666666	0	0	0
IOMTU433_RS01430	hypothetical protein	NZ_AP014649.1	305695	305357	279	0.0003333333333333333	0	0.5	0
IOMTU433_RS01435	hypothetical protein	NZ_AP014649.1	305969	306916	280	0.0004	0	0.5	0
IOMTU433_RS01450	hypothetical protein	NZ_AP014649.1	308207	307323	281	0.0006666666666666666	0	0.5	0
IOMTU433_RS01455	amino acid permease	NZ_AP014649.1	309744	308326	282	0.002866666666666667	0	0	0
IOMTU433_RS01470	glutamate--tRNA ligase	NZ_AP014649.1	311618	310110	283	0.004	0	0	0
IOMTU433_RS01475	hypothetical protein	NZ_AP014649.1	312034	311735	284	0.004600000000000001	0	0.5	0
IOMTU433_RS01480	sulfate ABC transporter substrate-binding protein	NZ_AP014649.1	312431	313432	285	0.0058000000000000005	0	0	0
IOMTU433_RS01485	16S rRNA (cytosine(1402)-N(4))-methyltransferase RsmH	NZ_AP014649.1	313655	314578	286	0.005933333333333334	0	0	0
IOMTU433_RS01490	cell division protein FtsL	NZ_AP014649.1	314578	314910	287	0.006466666666666667	0	0	0
IOMTU433_RS01495	penicillin-binding protein PBP3	NZ_AP014649.1	314922	316754	288	0.007000000000000001	0	0	0
IOMTU433_RS01500	UDP-N-acetylmuramoyl-L-alanyl-D-glutamate--2, 6-diaminopimelate ligase	NZ_AP014649.1	316758	318257	289	0.007733333333333333	0	0	0
IOMTU433_RS01505	UDP-N-acetylmuramoyl-tripeptide--D-alanyl-D- alanine ligase	NZ_AP014649.1	318266	319666	290	0.008533333333333334	0	0	0
IOMTU433_RS01510	phospho-N-acetylmuramoyl-pentapeptide- transferase	NZ_AP014649.1	319667	320785	291	0.011199999999999998	0	0	0
IOMTU433_RS01515	hypothetical protein	NZ_AP014649.1	320846	321178	292	0.014133333333333331	0	0.5	0
IOMTU433_RS01520	methyltransferase domain-containing protein	NZ_AP014649.1	321181	322005	293	0.014333333333333332	0	0	0
IOMTU433_RS01525	penicillin-binding protein PBP1a	NZ_AP014649.1	324578	322023	294	0.014466666666666664	0	0	0
IOMTU433_RS01530	pilus assembly protein PilM	NZ_AP014649.1	324741	325799	295	0.017799999999999996	0	0	0
IOMTU433_RS01535	PilN domain-containing protein	NZ_AP014649.1	325799	326440	296	0.020866666666666662	0	0	0
IOMTU433_RS01540	type 4a pilus biogenesis protein PilO	NZ_AP014649.1	326437	327177	297	0.026999999999999993	0	0	0
IOMTU433_RS01545	pilus assembly protein PilP	NZ_AP014649.1	327188	327715	298	0.03533333333333333	0	0	0
IOMTU433_RS01550	type IV pilus secretin PilQ family protein	NZ_AP014649.1	327783	329948	299	0.036733333333333326	0	0	0
IOMTU433_RS01555	shikimate kinase AroK	NZ_AP014649.1	329960	330529	300	0.04306666666666666	0	0	0
IOMTU433_RS01560	3-dehydroquinate synthase	NZ_AP014649.1	330558	331640	301	0.04513333333333333	0	0	0
IOMTU433_RS01565	hypothetical protein	NZ_AP014649.1	331656	332531	302	0.04913333333333333	0	0.5	0
IOMTU433_RS01570	glutamate synthase large subunit	NZ_AP014649.1	332992	337467	303	0.052399999999999995	0	0	0
IOMTU433_RS01575	FAD-dependent oxidoreductase	NZ_AP014649.1	337537	338958	304	0.053000000000000005	0	0	0
IOMTU433_RS01580	metal-dependent hydrolase	NZ_AP014649.1	339133	340020	305	0.05586666666666667	0	0	0
IOMTU433_RS01585	LemA family protein	NZ_AP014649.1	340151	340741	306	0.05900000000000001	0	0	0
IOMTU433_RS01590	TPM domain-containing protein	NZ_AP014649.1	340763	341845	307	0.06006666666666668	0	0	0
IOMTU433_RS01595	TPM domain-containing protein	NZ_AP014649.1	341839	342399	308	0.06120000000000001	0	0	0
IOMTU433_RS01600	pilin	NZ_AP014649.1	342743	343204	309	0.061333333333333344	0	0	0
IOMTU433_RS01605	O-antigen ligase family protein	NZ_AP014649.1	343446	345074	310	0.061466666666666676	0	0	0
IOMTU433_RS01610	bacterioferritin	NZ_AP014649.1	345579	345115	311	0.06406666666666667	0	0	0
IOMTU433_RS01615	bacterioferritin-associated ferredoxin	NZ_AP014649.1	346018	345824	312	0.06273333333333335	0	0	0
IOMTU433_RS01620	RidA family protein	NZ_AP014649.1	346611	346228	313	0.062133333333333346	0	0	0
IOMTU433_RS01625	bifunctional (p)ppGpp synthetase/guanosine-3',5'-bis(diphosphate) 3'-pyrophosphohydrolase	NZ_AP014649.1	348837	346732	314	0.06153333333333335	0	0	0
IOMTU433_RS20465	hypothetical protein	NZ_AP014649.1	349007	348877	315	0.06086666666666669	0	0.5	0
IOMTU433_RS01630	DNA-directed RNA polymerase subunit omega	NZ_AP014649.1	349324	349046	316	0.061266666666666685	0	0	0
IOMTU433_RS01635	guanylate kinase	NZ_AP014649.1	350026	349397	317	0.060800000000000014	0	0	0
IOMTU433_RS01640	4-hydroxy-3-methylbut-2-enyl diphosphate reductase	NZ_AP014649.1	350149	351099	318	0.060266666666666684	0	0	0
IOMTU433_RS01645	GspH/FimT family pseudopilin	NZ_AP014649.1	351269	351742	319	0.059533333333333355	0	0	0
IOMTU433_RS01650	type IV pilus modification protein PilV	NZ_AP014649.1	351736	352296	320	0.05873333333333335	0	0	0
IOMTU433_RS01655	PilW family protein	NZ_AP014649.1	352297	353298	321	0.05586666666666668	0	0	0
IOMTU433_RS01660	hypothetical protein	NZ_AP014649.1	353295	354113	322	0.05293333333333336	0	0.5	0
IOMTU433_RS01665	VWA domain-containing protein	NZ_AP014649.1	354125	357979	323	0.05273333333333335	0	0	0
IOMTU433_RS01670	prepilin-type N-terminal cleavage/methylation domain-containing protein	NZ_AP014649.1	357992	358474	324	0.052600000000000015	0	0	0
IOMTU433_RS01675	type IV pilin protein	NZ_AP014649.1	358471	358896	325	0.04926666666666668	0	0	0
IOMTU433_RS01680	30S ribosomal protein S16	NZ_AP014649.1	359043	359294	326	0	0	0	0
IOMTU433_RS01685	ribosome maturation factor RimM	NZ_AP014649.1	359314	359862	327	0.040066666666666674	0	0	0
IOMTU433_RS01690	tRNA (guanosine(37)-N1)-methyltransferase TrmD	NZ_AP014649.1	359908	360648	328	0.031733333333333336	0	0	0
IOMTU433_RS01695	50S ribosomal protein L19	NZ_AP014649.1	360856	361224	329	0	0	0	0
IOMTU433_RS01700	triacylglycerol lipase	NZ_AP014649.1	362217	361276	330	0.024000000000000004	0	0	0
IOMTU433_RS01705	lipase secretion chaperone	NZ_AP014649.1	363366	362332	331	0.021933333333333336	0	0	0
IOMTU433_RS01710	tRNA pseudouridine(55) synthase TruB	NZ_AP014649.1	363520	364425	332	0	0	0	0
IOMTU433_RS01715	TSUP family transporter	NZ_AP014649.1	364445	365221	333	0.014666666666666668	0	0	0
IOMTU433_RS01720	hemerythrin domain-containing protein	NZ_AP014649.1	365431	365874	334	0.014000000000000002	0	0	0
IOMTU433_RS01725	EamA family transporter	NZ_AP014649.1	366742	365882	335	0.011133333333333335	0	0	0
IOMTU433_RS01730	EamA family transporter	NZ_AP014649.1	367718	366834	336	0.008000000000000002	0	0	0
IOMTU433_RS01735	phosphoglycerate dehydrogenase	NZ_AP014649.1	369049	367817	337	0.006933333333333334	0	0	0
IOMTU433_RS01740	FAD-binding oxidoreductase	NZ_AP014649.1	369429	370838	338	0.0058	0	0	0
IOMTU433_RS01745	hypothetical protein	NZ_AP014649.1	370934	371302	339	0.005666666666666668	0	0.5	0
IOMTU433_RS01750	antibiotic biosynthesis monooxygenase	NZ_AP014649.1	371661	371347	340	0.005400000000000001	0	0	0
IOMTU433_RS01755	NAD(P)H-dependent oxidoreductase	NZ_AP014649.1	372262	371675	341	0.002533333333333333	0	0	0
IOMTU433_RS01760	hypothetical protein	NZ_AP014649.1	372487	372852	342	0.0016666666666666668	0	0.5	0
IOMTU433_RS01765	MFS transporter	NZ_AP014649.1	373222	374451	343	0.0011333333333333334	0	0	0
IOMTU433_RS01770	TIGR01666 family membrane protein	NZ_AP014649.1	376639	374489	344	0.0011333333333333334	0	0	0
IOMTU433_RS01775	superoxide dismutase family protein	NZ_AP014649.1	377410	376835	345	0.0006000000000000001	0	0	0
IOMTU433_RS01780	AI-2E family transporter	NZ_AP014649.1	378644	377526	346	6.666666666666667e-05	0	0	0
IOMTU433_RS01785	ParA family protein	NZ_AP014649.1	379411	378767	347	6.666666666666667e-05	0	0	0
IOMTU433_RS01790	endonuclease	NZ_AP014649.1	379570	380037	348	6.666666666666667e-05	0	0	0
IOMTU433_RS01795	hypothetical protein	NZ_AP014649.1	380177	380740	349	6.666666666666667e-05	0	0.5	0
IOMTU433_RS01800	hypothetical protein	NZ_AP014649.1	381323	380790	350	6.666666666666667e-05	0	0.5	0
IOMTU433_RS01805	class I SAM-dependent methyltransferase	NZ_AP014649.1	382133	381339	351	6.666666666666667e-05	0	0	0
IOMTU433_RS01810	hypothetical protein	NZ_AP014649.1	382261	383538	352	6.666666666666667e-05	0	0.5	0
IOMTU433_RS01815	amino acid permease	NZ_AP014649.1	383952	385385	353	6.666666666666667e-05	0	0	0
IOMTU433_RS01820	Glu/Leu/Phe/Val dehydrogenase	NZ_AP014649.1	386421	387692	354	6.666666666666667e-05	0	0	0
IOMTU433_RS01825	aspartate aminotransferase family protein	NZ_AP014649.1	387837	389051	355	6.666666666666667e-05	0	0	0
IOMTU433_RS01830	arginine N-succinyltransferase	NZ_AP014649.1	389070	390101	356	6.666666666666667e-05	0	0	0
IOMTU433_RS01835	succinylglutamate-semialdehyde dehydrogenase	NZ_AP014649.1	390101	391570	357	6.666666666666667e-05	0	0	0
IOMTU433_RS01840	N-succinylarginine dihydrolase	NZ_AP014649.1	391588	392931	358	6.666666666666667e-05	0	0	0
IOMTU433_RS01845	succinylglutamate desuccinylase	NZ_AP014649.1	392944	393918	359	6.666666666666667e-05	0	0	0
IOMTU433_RS01850	hypothetical protein	NZ_AP014649.1	394808	393981	360	6.666666666666667e-05	0	0.5	0
IOMTU433_RS01855	hypothetical protein	NZ_AP014649.1	395402	395710	361	6.666666666666667e-05	0	0.5	0
IOMTU433_RS01860	S8 family serine peptidase	NZ_AP014649.1	395746	397101	362	6.666666666666667e-05	0	0	0
IOMTU433_RS01865	hypothetical protein	NZ_AP014649.1	397632	397201	363	6.666666666666667e-05	0	0.5	0
IOMTU433_RS01870	hypothetical protein	NZ_AP014649.1	398146	397727	364	6.666666666666667e-05	0	0.5	0
IOMTU433_RS01875	LysR family transcriptional regulator	NZ_AP014649.1	399161	398295	365	6.666666666666667e-05	0	0	0
IOMTU433_RS01880	DMT family transporter	NZ_AP014649.1	399270	400172	366	6.666666666666667e-05	0	0	0
IOMTU433_RS01885	hypothetical protein	NZ_AP014649.1	400208	400492	367	6.666666666666667e-05	0	0.5	0
IOMTU433_RS01890	hypothetical protein	NZ_AP014649.1	401394	400564	368	0.00013333333333333334	0	0.5	0
IOMTU433_RS01895	glycine--tRNA ligase subunit beta	NZ_AP014649.1	403687	401618	369	0.00013333333333333334	0	0	0
IOMTU433_RS01900	glycine--tRNA ligase subunit alpha	NZ_AP014649.1	404664	403687	370	0.00013333333333333334	0	0	0
IOMTU433_RS01905	hypothetical protein	NZ_AP014649.1	405181	404759	371	0.00013333333333333334	0	0.5	0
IOMTU433_RS01910	DUF1311 domain-containing protein	NZ_AP014649.1	405211	405627	372	0.00013333333333333334	0	0	0
IOMTU433_RS01915	putative DNA modification/repair radical SAM protein	NZ_AP014649.1	405737	406999	373	0.00013333333333333334	0	0	0
IOMTU433_RS01920	TIGR03915 family putative DNA repair protein	NZ_AP014649.1	407002	407799	374	0.00013333333333333334	0	0	0
IOMTU433_RS01925	HPP family protein	NZ_AP014649.1	407932	409032	375	0.00013333333333333334	0	0	0
IOMTU433_RS01930	PspC domain-containing protein	NZ_AP014649.1	409356	409102	376	0.0002	0	0	0
IOMTU433_RS01935	hypothetical protein	NZ_AP014649.1	409609	410256	377	0.00013333333333333334	0	0.5	0
IOMTU433_RS01940	acyl-CoA dehydrogenase C-terminal domain-containing protein	NZ_AP014649.1	412151	410328	378	0.00013333333333333334	0	0	0
IOMTU433_RS01945	hypothetical protein	NZ_AP014649.1	412408	414711	379	0.0002	0	0.5	0
IOMTU433_RS01950	shikimate dehydrogenase	NZ_AP014649.1	415546	414758	380	0.0002	0	0	0
IOMTU433_RS01955	oxygen-dependent coproporphyrinogen oxidase	NZ_AP014649.1	416670	415720	381	0.0002	0	0	0
IOMTU433_RS01960	GTP cyclohydrolase II	NZ_AP014649.1	417400	416798	382	0.0002	0	0	0
IOMTU433_RS01965	1-deoxy-D-xylulose-5-phosphate synthase	NZ_AP014649.1	417704	419608	383	0.0002	0	0	0
IOMTU433_RS01970	inositol monophosphatase	NZ_AP014649.1	419731	420561	384	0.0002	0	0	0
IOMTU433_RS01975	DEAD/DEAH box helicase	NZ_AP014649.1	420971	422818	385	0.0002	0	0	0
IOMTU433_RS20470	hypothetical protein	NZ_AP014649.1	422910	423095	386	0.0002666666666666667	0	0.5	0
IOMTU433_RS01985	ABC transporter ATP-binding protein	NZ_AP014649.1	423222	424040	387	0.0003333333333333333	0	0	0
IOMTU433_RS01990	lipid asymmetry maintenance ABC transporter permease subunit MlaE	NZ_AP014649.1	424037	424813	388	0.0003333333333333333	0	0	0
IOMTU433_RS01995	outer membrane lipid asymmetry maintenance protein MlaD	NZ_AP014649.1	424813	425493	389	0.0006666666666666666	0	0	0
IOMTU433_RS02000	ABC transporter substrate-binding protein	NZ_AP014649.1	425520	426161	390	0.0008	0	0	0
IOMTU433_RS02005	STAS domain-containing protein	NZ_AP014649.1	426173	426460	391	0.0011333333333333334	0	0	0
IOMTU433_RS02010	magnesium transporter	NZ_AP014649.1	427543	426530	392	0.0018000000000000002	0	0	0
IOMTU433_RS02015	TIGR00730 family Rossman fold protein	NZ_AP014649.1	427701	428282	393	0.003666666666666667	0	0	0
IOMTU433_RS02020	NUDIX domain-containing protein	NZ_AP014649.1	428297	428698	394	0.005666666666666667	0	0	0
IOMTU433_RS02025	ComF family protein	NZ_AP014649.1	429336	428701	395	0.008466666666666667	0	0	0
IOMTU433_RS02030	ATP-dependent DNA helicase RecG	NZ_AP014649.1	431374	429329	396	0.0146	0	0	0
IOMTU433_RS02035	NAD(P)H-binding protein	NZ_AP014649.1	431395	432210	397	0.024866666666666665	0	0	0
IOMTU433_RS02040	putative multidrug efflux protein AdeT2	NZ_AP014649.1	432290	433276	398	0.0304	0	0	0
IOMTU433_RS02045	glycerol-3-phosphate 1-O-acyltransferase PlsB	NZ_AP014649.1	435893	433320	399	0.0346	0	0	0
IOMTU433_RS02050	acyl-CoA thioesterase II	NZ_AP014649.1	436169	437041	400	0.04646666666666667	0	0	0
IOMTU433_RS02055	dicarboxylate/amino acid:cation symporter	NZ_AP014649.1	437148	438413	401	0.04833333333333334	0	0	0
IOMTU433_RS02060	metal-dependent hydrolase	NZ_AP014649.1	439406	438456	402	0.04986666666666668	0	0	0
IOMTU433_RS02065	ribosome biogenesis GTP-binding protein YihA/YsxC	NZ_AP014649.1	440306	439530	403	0.05413333333333334	0	0	0
IOMTU433_RS02070	Rrf2 family transcriptional regulator	NZ_AP014649.1	440852	440415	404	0.05633333333333334	0	0	0
IOMTU433_RS02075	flavohemoprotein	NZ_AP014649.1	441702	440938	405	0.058933333333333345	0	0	0
IOMTU433_RS20475	hypothetical protein	NZ_AP014649.1	441826	441705	406	0.06606666666666666	0	0.5	0
IOMTU433_RS02080	DUF853 domain-containing protein	NZ_AP014649.1	443395	441848	407	0.06913333333333332	0	0	0
IOMTU433_RS02085	PLP-dependent transferase	NZ_AP014649.1	444629	443439	408	0.07273333333333333	0	0	0
IOMTU433_RS02090	type 1 glutamine amidotransferase	NZ_AP014649.1	444797	445525	409	0.0844	0	0	0
IOMTU433_RS02095	30S ribosomal protein S10	NZ_AP014649.1	445777	446088	410	0	0	0	0
IOMTU433_RS02100	50S ribosomal protein L3	NZ_AP014649.1	446146	446784	411	0	0	0	0
IOMTU433_RS02105	50S ribosomal protein L4	NZ_AP014649.1	446796	447398	412	0	0	0	0
IOMTU433_RS02110	50S ribosomal protein L23	NZ_AP014649.1	447395	447715	413	0	0	0	0
IOMTU433_RS02115	50S ribosomal protein L2	NZ_AP014649.1	447727	448551	414	0	0	0	0
IOMTU433_RS02120	30S ribosomal protein S19	NZ_AP014649.1	448565	448840	415	0	0	0	0
IOMTU433_RS02125	50S ribosomal protein L22	NZ_AP014649.1	448852	449181	416	0	0	0	0
IOMTU433_RS02130	30S ribosomal protein S3	NZ_AP014649.1	449183	449935	417	0	0	0	0
IOMTU433_RS02135	50S ribosomal protein L16	NZ_AP014649.1	449939	450352	418	0	0	0	0
IOMTU433_RS02140	50S ribosomal protein L29	NZ_AP014649.1	450352	450549	419	0	0	0	0
IOMTU433_RS02145	30S ribosomal protein S17	NZ_AP014649.1	450546	450803	420	0	0	0	0
IOMTU433_RS02150	50S ribosomal protein L14	NZ_AP014649.1	450896	451264	421	0	0	0	0
IOMTU433_RS02155	50S ribosomal protein L24	NZ_AP014649.1	451274	451591	422	0	0	0	0
IOMTU433_RS02160	50S ribosomal protein L5	NZ_AP014649.1	451607	452143	423	0	0	0	0
IOMTU433_RS02165	30S ribosomal protein S14	NZ_AP014649.1	452153	452458	424	0	0	0	0
IOMTU433_RS02170	30S ribosomal protein S8	NZ_AP014649.1	452470	452865	425	0	0	0	0
IOMTU433_RS02175	50S ribosomal protein L6	NZ_AP014649.1	452879	453412	426	0	0	0	0
IOMTU433_RS02180	50S ribosomal protein L18	NZ_AP014649.1	453427	453777	427	0	0	0	0
IOMTU433_RS02185	30S ribosomal protein S5	NZ_AP014649.1	453780	454277	428	0	0	0	0
IOMTU433_RS02190	50S ribosomal protein L30	NZ_AP014649.1	454284	454460	429	0	0	0	0
IOMTU433_RS02195	50S ribosomal protein L15	NZ_AP014649.1	454464	454904	430	0	0	0	0
IOMTU433_RS02200	preprotein translocase subunit SecY	NZ_AP014649.1	454950	456269	431	0	0	0	0
IOMTU433_RS02205	50S ribosomal protein L36	NZ_AP014649.1	456290	456406	432	0	0	0	0
IOMTU433_RS02210	30S ribosomal protein S13	NZ_AP014649.1	456514	456870	433	0	0	0	0
IOMTU433_RS02215	30S ribosomal protein S11	NZ_AP014649.1	456890	457276	434	0	0	0	0
IOMTU433_RS02220	30S ribosomal protein S4	NZ_AP014649.1	457289	457915	435	0	0	0	0
IOMTU433_RS02225	DNA-directed RNA polymerase subunit alpha	NZ_AP014649.1	457933	458940	436	0.23366666666666663	0	0	0
IOMTU433_RS02230	50S ribosomal protein L17	NZ_AP014649.1	458959	459336	437	0	0	0	0
IOMTU433_RS02235	NAD(P)/FAD-dependent oxidoreductase	NZ_AP014649.1	459518	461008	438	0.22699999999999998	0	0	0
IOMTU433_RS02240	acyl-CoA dehydrogenase family protein	NZ_AP014649.1	462230	461058	439	0.21526666666666663	0	0	0
IOMTU433_RS02245	succinate dehydrogenase assembly factor 2	NZ_AP014649.1	462418	462675	440	0.20739999999999997	0	0	0
IOMTU433_RS02250	hypothetical protein	NZ_AP014649.1	462682	463071	441	0.19046666666666665	0	0.5	0
IOMTU433_RS02255	hypothetical protein	NZ_AP014649.1	463841	464926	442	0.17940000000000003	0	0.5	0
IOMTU433_RS02260	rhombosortase	NZ_AP014649.1	465004	465570	443	0.17206666666666667	0	0	0
IOMTU433_RS02265	TRAP transporter large permease subunit	NZ_AP014649.1	465758	467953	444	0.1554	0	0	0
IOMTU433_RS02270	hypothetical protein	NZ_AP014649.1	468532	468101	445	0.1333333333333333	0	0.5	0
IOMTU433_RS02275	YheV family putative metal-binding protein	NZ_AP014649.1	468753	468544	446	0.1125333333333333	0	0.5	0
IOMTU433_RS02280	M3 family metallopeptidase	NZ_AP014649.1	470848	468794	447	0.08819999999999997	0	0	0
IOMTU433_RS02285	ribonuclease R	NZ_AP014649.1	473399	470982	448	0.07006666666666665	0	0	0
IOMTU433_RS02305	HAD-IB family hydrolase	NZ_AP014649.1	474062	474655	449	0.047400000000000005	0	0	0
IOMTU433_RS02310	hypothetical protein	NZ_AP014649.1	477138	474715	450	0.03186666666666667	0	0.5	0
IOMTU433_RS20055	Merged-or-split: IS4-like element ISAba1 family transposase	NZ_AP014649.1	477938	479028	451	0.018133333333333335	0	0.75	0
IOMTU433_RS02330	nitroreductase family protein	NZ_AP014649.1	479809	479117	452	0.014333333333333333	0	0	0
IOMTU433_RS02335	YcxB family protein	NZ_AP014649.1	480034	480531	453	0.011466666666666668	0	0.5	0
IOMTU433_RS02340	fumarylacetoacetate hydrolase family protein	NZ_AP014649.1	480571	481212	454	0.004066666666666667	0	0	0
IOMTU433_RS02345	helix-turn-helix transcriptional regulator	NZ_AP014649.1	482082	481288	455	0.0018666666666666666	0	1	0
IOMTU433_RS02350	DMT family transporter	NZ_AP014649.1	482188	483102	456	0.00046666666666666666	0	0	0
IOMTU433_RS02355	YihY family inner membrane protein	NZ_AP014649.1	484370	483123	457	0.0003333333333333333	0	0.5	0
IOMTU433_RS02360	NAD(P)H:quinone oxidoreductase	NZ_AP014649.1	484658	485251	458	0.0003333333333333333	0	0	0
IOMTU433_RS02365	xanthine phosphoribosyltransferase	NZ_AP014649.1	485879	485304	459	0.0003333333333333333	0	0	0
IOMTU433_RS02370	DUF3108 domain-containing protein	NZ_AP014649.1	486665	485952	460	0.00013333333333333334	0	0	0
IOMTU433_RS02375	hypothetical protein	NZ_AP014649.1	487494	486823	461	0.00013333333333333334	0	0.5	0
IOMTU433_RS02380	energy transducer TonB	NZ_AP014649.1	487725	488609	462	6.666666666666667e-05	0	0	0
IOMTU433_RS02385	rRNA maturation RNase YbeY	NZ_AP014649.1	489175	488699	463	0.00013333333333333334	0	0	0
IOMTU433_RS02390	PhoH family protein	NZ_AP014649.1	490273	489185	464	0.00013333333333333334	0	0	0
IOMTU433_RS02395	tRNA (N6-isopentenyl adenosine(37)-C2)-methylthiotransferase MiaB	NZ_AP014649.1	491762	490311	465	0.00013333333333333334	0	0	0
IOMTU433_RS02400	lytic transglycosylase domain-containing protein	NZ_AP014649.1	492051	493994	466	0.0003333333333333333	0	0	0
IOMTU433_RS02405	hypothetical protein	NZ_AP014649.1	494052	494714	467	0.0003333333333333333	0	0.5	0
IOMTU433_RS02410	malate dehydrogenase	NZ_AP014649.1	494926	495912	468	0.0004	0	0	0
IOMTU433_RS02415	DUF2789 domain-containing protein	NZ_AP014649.1	496075	496320	469	0.0012666666666666666	0	0	0
IOMTU433_RS02420	hypothetical protein	NZ_AP014649.1	496896	496369	470	0.0013333333333333333	0	0.5	0
IOMTU433_RS02425	2OG-Fe(II) oxygenase	NZ_AP014649.1	497569	496964	471	0.0016	0	0	0
IOMTU433_RS02430	23S rRNA (adenine(2030)-N(6))-methyltransferase RlmJ	NZ_AP014649.1	497687	498544	472	0.0017333333333333335	0	0	0
IOMTU433_RS02435	CDP-diacylglycerol--serine O-phosphatidyltransferase	NZ_AP014649.1	498586	499419	473	0.0017333333333333335	0	0	0
IOMTU433_RS02440	hypothetical protein	NZ_AP014649.1	499438	500505	474	0.0017333333333333335	0	0.5	0
IOMTU433_RS02470	GFA family protein	NZ_AP014649.1	506496	506846	475	0.0017333333333333335	0	0	0
IOMTU433_RS02475	DUF4256 domain-containing protein	NZ_AP014649.1	506866	507429	476	0.0017333333333333335	0	0	0
IOMTU433_RS02480	acyl-CoA dehydrogenase family protein	NZ_AP014649.1	507566	508729	477	0.0017333333333333335	0	0	0
IOMTU433_RS02485	TetR/AcrR family transcriptional regulator	NZ_AP014649.1	509360	508761	478	0.0017333333333333335	0	0	0
IOMTU433_RS02490	DUF1446 domain-containing protein	NZ_AP014649.1	509547	511352	479	0.0018000000000000002	0	0	0
IOMTU433_RS02495	SDR family oxidoreductase	NZ_AP014649.1	511373	512284	480	0.0017333333333333335	0	0	0
IOMTU433_RS02500	acetyl-CoA carboxylase carboxyltransferase subunit	NZ_AP014649.1	512296	513909	481	0.0017333333333333335	0	0	0
IOMTU433_RS02505	acyl-CoA dehydrogenase family protein	NZ_AP014649.1	513952	515109	482	0.0017333333333333335	0	0	0
IOMTU433_RS02510	enoyl-CoA hydratase/isomerase family protein	NZ_AP014649.1	515120	515956	483	0.0018000000000000002	0	0	0
IOMTU433_RS02515	acetyl/propionyl/methylcrotonyl-CoA carboxylase subunit alpha	NZ_AP014649.1	515975	517915	484	0.0018666666666666669	0	0	0
IOMTU433_RS02520	roadblock/LC7 domain-containing protein	NZ_AP014649.1	518386	517967	485	0.0020000000000000005	0	0	0
IOMTU433_RS02525	ATP/GTP-binding protein	NZ_AP014649.1	518939	518379	486	0.0020000000000000005	0	0	0
IOMTU433_RS02530	hypothetical protein	NZ_AP014649.1	519913	518948	487	0.0020000000000000005	0	0.5	0
IOMTU433_RS02535	hypothetical protein	NZ_AP014649.1	520358	519999	488	0.0023333333333333335	0	0.5	0
IOMTU433_RS02540	hypothetical protein	NZ_AP014649.1	521356	520700	489	0.0023333333333333335	0	0.5	0
IOMTU433_RS02545	ClpXP protease specificity-enhancing factor	NZ_AP014649.1	521802	521374	490	0.0023333333333333335	0	0	0
IOMTU433_RS02550	glutathione S-transferase N-terminal domain-containing protein	NZ_AP014649.1	522462	521809	491	0.0023333333333333335	0	0	0
IOMTU433_RS02555	30S ribosomal protein S9	NZ_AP014649.1	523019	522633	492	0	0	0	0
IOMTU433_RS02560	50S ribosomal protein L13	NZ_AP014649.1	523460	523032	493	0	0	0	0
IOMTU433_RS02565	4-hydroxythreonine-4-phosphate dehydrogenase PdxA	NZ_AP014649.1	523633	524616	494	0.0023333333333333335	0	0	0
IOMTU433_RS02570	16S rRNA (adenine(1518)-N(6)/adenine(1519)-N(6))- dimethyltransferase RsmA	NZ_AP014649.1	524640	525452	495	0.0023333333333333335	0	0	0
IOMTU433_RS02575	symmetrical bis(5'-nucleosyl)-tetraphosphatase	NZ_AP014649.1	525453	526292	496	0.0021333333333333334	0	0	0
IOMTU433_RS02580	DUF2147 domain-containing protein	NZ_AP014649.1	526778	526335	497	0.0021333333333333334	0	0	0
IOMTU433_RS02585	LrgB family protein	NZ_AP014649.1	527537	526863	498	0.0021333333333333334	0	0	0
IOMTU433_RS02590	hypothetical protein	NZ_AP014649.1	527919	527548	499	0.0012666666666666668	0	0.5	0
IOMTU433_RS02595	GTPase HflX	NZ_AP014649.1	529296	527962	500	0.0012000000000000001	0	0	0
IOMTU433_RS02600	1-acyl-sn-glycerol-3-phosphate acyltransferase	NZ_AP014649.1	529500	530309	501	0.0009333333333333334	0	0	0
IOMTU433_RS02605	phospholipase D family protein	NZ_AP014649.1	531935	530310	502	0.0008	0	0	0
IOMTU433_RS02610	metallophosphoesterase	NZ_AP014649.1	532042	533052	503	0.0008	0	0	0
IOMTU433_RS02615	OmpA family protein	NZ_AP014649.1	533579	533100	504	0.0008	0	0	0
IOMTU433_RS02620	diguanylate cyclase	NZ_AP014649.1	534817	533594	505	0.0008	0	0	0
IOMTU433_RS02625	YfiR family protein	NZ_AP014649.1	535326	534823	506	0.0008	0	0.5	0
IOMTU433_RS02655	dihydrolipoyl dehydrogenase	NZ_AP014649.1	542781	541408	507	0.0008	0	0	0
IOMTU433_RS02660	hypothetical protein	NZ_AP014649.1	542929	544404	508	0.0008	0	0.5	0
IOMTU433_RS02665	TIGR01244 family phosphatase	NZ_AP014649.1	545021	544686	509	0.0007333333333333336	0	0	0
IOMTU433_RS02670	alpha/beta hydrolase	NZ_AP014649.1	545214	546110	510	0.0007333333333333336	0	0	0
IOMTU433_RS02675	thioredoxin TrxC	NZ_AP014649.1	546111	546548	511	0.0008666666666666668	0	0	0
IOMTU433_RS02680	acyl-CoA thioesterase	NZ_AP014649.1	546550	546972	512	0.0009333333333333334	0	0	0
IOMTU433_RS02685	DUF4442 domain-containing protein	NZ_AP014649.1	547506	547012	513	0.0008666666666666667	0	0	0
IOMTU433_RS02690	YajQ family cyclic di-GMP-binding protein	NZ_AP014649.1	548030	547542	514	0.0008	0	0.5	0
IOMTU433_RS02695	sulfurtransferase	NZ_AP014649.1	548122	548436	515	0.0011333333333333334	0	0	0
IOMTU433_RS02700	FAD-dependent 5-carboxymethylaminomethyl-2-thiouridine(34) oxidoreductase MnmC	NZ_AP014649.1	550359	548488	516	0.0011333333333333334	0	0	0
IOMTU433_RS02705	hypothetical protein	NZ_AP014649.1	550862	550383	517	0.0011333333333333334	0	0.5	0
IOMTU433_RS02710	hypothetical protein	NZ_AP014649.1	551169	550867	518	0.0008666666666666667	0	0.5	0
IOMTU433_RS02715	septation protein IspZ	NZ_AP014649.1	551818	551204	519	0.0008666666666666667	0	0	0
IOMTU433_RS02720	PHP domain-containing protein	NZ_AP014649.1	551863	552714	520	0.001	0	0	0
IOMTU433_RS02725	bestrophin	NZ_AP014649.1	553633	552722	521	0.001	0	0	0
IOMTU433_RS02730	DNA repair protein RadC	NZ_AP014649.1	554414	553695	522	0.001	0	0	0
IOMTU433_RS02735	bifunctional phosphopantothenoylcysteine decarboxylase/phosphopantothenate--cysteine ligase CoaBC	NZ_AP014649.1	554515	555768	523	0.0009333333333333333	0	0	0
IOMTU433_RS20480	Merged-or-split: IS3 family transposase	NZ_AP014649.1	555855	557233	524	0.0009333333333333333	0	0.75	0
IOMTU433_RS02750	protein translocase subunit SecF	NZ_AP014649.1	558264	557299	525	0.0009333333333333333	0	0	0
IOMTU433_RS02755	protein translocase subunit SecD	NZ_AP014649.1	560174	558273	526	0.0009333333333333333	0	0	0
IOMTU433_RS02760	preprotein translocase subunit YajC	NZ_AP014649.1	560555	560226	527	0.0009333333333333333	0	0	0
IOMTU433_RS02765	tRNA guanosine(34) transglycosylase Tgt	NZ_AP014649.1	561787	560654	528	0.0008666666666666666	0	0	0
IOMTU433_RS02770	LemA family protein	NZ_AP014649.1	562288	562031	529	0.0008666666666666666	0	0	0
IOMTU433_RS02775	IS5 family transposase	NZ_AP014649.1	563275	562343	530	0.0008666666666666666	0	0.75	0
IOMTU433_RS02780	LemA family protein	NZ_AP014649.1	563648	563331	531	0.0008666666666666666	0	0	0
IOMTU433_RS02785	hypothetical protein	NZ_AP014649.1	564761	563733	532	0.0008666666666666666	0	0.5	0
IOMTU433_RS02790	tRNA preQ1(34) S-adenosylmethionine ribosyltransferase-isomerase QueA	NZ_AP014649.1	565952	564915	533	0.0009333333333333332	0	0	0
IOMTU433_RS02800	HAMP domain-containing histidine kinase	NZ_AP014649.1	566755	568023	534	0.0009333333333333332	0	0	0
IOMTU433_RS02805	bifunctional [glutamate--ammonia ligase]-adenylyl-L-tyrosine phosphorylase/[glutamate--ammonia-ligase] adenylyltransferase	NZ_AP014649.1	568092	570842	535	0.0009333333333333332	0	0	0
IOMTU433_RS02810	branched-chain amino acid transaminase	NZ_AP014649.1	570867	571793	536	0.0009333333333333332	0	0	0
IOMTU433_RS02815	mitochondrial fission ELM1 family protein	NZ_AP014649.1	571861	572748	537	0.0009333333333333332	0	0	0
IOMTU433_RS02820	polysaccharide deacetylase family protein	NZ_AP014649.1	572762	573571	538	0.0009333333333333332	0	0	0
IOMTU433_RS02825	glycosyltransferase	NZ_AP014649.1	573584	574579	539	0.0009333333333333332	0	0	0
IOMTU433_RS02830	mitochondrial fission ELM1 family protein	NZ_AP014649.1	574572	575600	540	0.0009333333333333332	0	0	0
IOMTU433_RS02835	glycosyltransferase family 4 protein	NZ_AP014649.1	575597	576664	541	0.0008	0	0	0
IOMTU433_RS02840	acyltransferase	NZ_AP014649.1	577862	576733	542	0.0007333333333333333	0	0	0
IOMTU433_RS02845	hypothetical protein	NZ_AP014649.1	577966	578820	543	0.0007333333333333333	0	0.5	0
IOMTU433_RS02850	glycosyl transferase family 8	NZ_AP014649.1	579835	578903	544	0.0007333333333333333	0	0	0
IOMTU433_RS02855	glycosyltransferase	NZ_AP014649.1	580970	579921	545	0.0002666666666666667	0	0	0
IOMTU433_RS02860	hypothetical protein	NZ_AP014649.1	581231	581013	546	0.0002666666666666667	0	0.5	0
IOMTU433_RS02865	aspartate--tRNA ligase	NZ_AP014649.1	583149	581371	547	0.0002666666666666667	0	0	0
IOMTU433_RS02870	DUF4184 family protein	NZ_AP014649.1	584084	583320	548	0.0002	0	0	0
IOMTU433_RS02875	zinc piracy TonB-dependent receptor ZnuD	NZ_AP014649.1	584220	586295	549	0.0002	0	0	0
IOMTU433_RS02880	phospholipase D family protein	NZ_AP014649.1	586371	587834	550	6.666666666666667e-05	0	0	0
IOMTU433_RS02885	hypothetical protein	NZ_AP014649.1	588475	588029	551	6.666666666666667e-05	0	0.5	0
IOMTU433_RS02890	RcnB family protein	NZ_AP014649.1	588640	589023	552	6.666666666666667e-05	0	0	0
IOMTU433_RS02895	phosphate-starvation-inducible PsiE family protein	NZ_AP014649.1	589543	589061	553	6.666666666666667e-05	0	0	0
IOMTU433_RS02900	acyl-CoA dehydrogenase C-terminal domain-containing protein	NZ_AP014649.1	591443	589662	554	6.666666666666667e-05	0	0	0
IOMTU433_RS02905	acyl-CoA dehydrogenase C-terminal domain-containing protein	NZ_AP014649.1	593413	591611	555	6.666666666666667e-05	0	0	0
IOMTU433_RS02910	hypothetical protein	NZ_AP014649.1	594083	593703	556	6.666666666666667e-05	0	0.5	0
IOMTU433_RS02915	sensor histidine kinase efflux regulator BaeS	NZ_AP014649.1	594215	595873	557	6.666666666666667e-05	0	0	0
IOMTU433_RS02920	response regulator	NZ_AP014649.1	595893	596579	558	6.666666666666667e-05	0	0	0
IOMTU433_RS02925	YdiU family protein	NZ_AP014649.1	598085	596643	559	6.666666666666667e-05	0	0.5	0
IOMTU433_RS02930	acyl-CoA desaturase	NZ_AP014649.1	599371	598199	560	6.666666666666667e-05	0	0	0
IOMTU433_RS02935	META domain-containing protein	NZ_AP014649.1	599580	600110	561	6.666666666666667e-05	0	0	0
IOMTU433_RS02940	glycerophosphodiester phosphodiesterase	NZ_AP014649.1	600852	600139	562	6.666666666666667e-05	0	0	0
IOMTU433_RS02945	cob(I)yrinic acid a,c-diamide adenosyltransferase	NZ_AP014649.1	601503	600925	563	0.0	0	0	0
IOMTU433_RS02950	TonB-dependent receptor	NZ_AP014649.1	603461	601599	564	0.0	0	0	0
IOMTU433_RS02955	phosphoribosylanthranilate isomerase	NZ_AP014649.1	603831	604490	565	0.0	0	0	0
IOMTU433_RS02960	tryptophan synthase subunit beta	NZ_AP014649.1	604474	605703	566	0.0	0	0	0
IOMTU433_RS02965	DUF1543 domain-containing protein	NZ_AP014649.1	605713	606225	567	0.0	0	0	0
IOMTU433_RS02970	DUF2804 domain-containing protein	NZ_AP014649.1	606263	607258	568	0.0	0	0	0
IOMTU433_RS02975	metal-dependent hydrolase	NZ_AP014649.1	608142	607267	569	0.0	0	0	0
IOMTU433_RS02980	AraC family transcriptional regulator	NZ_AP014649.1	608263	609312	570	0.0	0	0	0
IOMTU433_RS02985	tryptophan synthase subunit alpha	NZ_AP014649.1	609557	610360	571	0.0	0	0	0
IOMTU433_RS02990	acetyl-CoA carboxylase, carboxyltransferase subunit beta	NZ_AP014649.1	610357	611253	572	0.0	0	0	0
IOMTU433_RS02995	bifunctional tetrahydrofolate synthase/dihydrofolate synthase	NZ_AP014649.1	611250	612536	573	0.0	0	0	0
IOMTU433_RS03000	SPOR domain-containing protein	NZ_AP014649.1	612527	613597	574	0.0	0	0	0
IOMTU433_RS03005	dual specificity protein phosphatase family protein	NZ_AP014649.1	614194	613616	575	0.0	0	0	0
IOMTU433_RS03010	MBL fold metallo-hydrolase	NZ_AP014649.1	615003	614191	576	0.0	0	0	0
IOMTU433_RS03015	peroxiredoxin	NZ_AP014649.1	615861	615220	577	0.0	0	0	0
IOMTU433_RS03020	preprotein translocase subunit SecA	NZ_AP014649.1	616269	618992	578	0.0	0	0	0
IOMTU433_RS03025	hypothetical protein	NZ_AP014649.1	619123	619566	579	0.0	0	0.5	0
IOMTU433_RS03030	MHS family MFS transporter	NZ_AP014649.1	620943	619633	580	0.0	0	0	0
IOMTU433_RS03035	hemolysin III family protein	NZ_AP014649.1	621719	621078	581	0.0	0	0	0
IOMTU433_RS03040	SAM-dependent methyltransferase	NZ_AP014649.1	621846	623057	582	0.0	0	0	0
IOMTU433_RS03045	GNAT family N-acetyltransferase	NZ_AP014649.1	623070	623489	583	0.0	0	0	0
IOMTU433_RS03050	patatin family protein	NZ_AP014649.1	624379	623519	584	0.0	0	0	0
IOMTU433_RS03055	hypothetical protein	NZ_AP014649.1	624649	624395	585	0.0	0	0.5	0
IOMTU433_RS03060	enoyl-CoA hydratase/isomerase family protein	NZ_AP014649.1	626949	624814	586	0.0	0	0	0
IOMTU433_RS03065	acetyl-CoA C-acetyltransferase	NZ_AP014649.1	628173	626968	587	0.0	0	0	0
IOMTU433_RS03070	AraC family transcriptional regulator	NZ_AP014649.1	629354	628344	588	0.0	0	0	0
IOMTU433_RS03075	CoA transferase	NZ_AP014649.1	629565	630683	589	0.0	0	0	0
IOMTU433_RS03080	carbohydrate porin	NZ_AP014649.1	630839	632071	590	6.666666666666667e-05	0	0	0
IOMTU433_RS03085	glucose/quinate/shikimate family membrane-bound PQQ-dependent dehydrogenase	NZ_AP014649.1	632245	634650	591	6.666666666666667e-05	0	0	0
IOMTU433_RS03090	nitrite/sulfite reductase	NZ_AP014649.1	634817	636460	592	6.666666666666667e-05	0	0	0
IOMTU433_RS03095	DUF934 domain-containing protein	NZ_AP014649.1	636453	636938	593	6.666666666666667e-05	0	0	0
IOMTU433_RS03100	quaternary ammonium transporter	NZ_AP014649.1	637020	637373	594	6.666666666666667e-05	0	0	0
IOMTU433_RS03105	VOC family protein	NZ_AP014649.1	637859	637416	595	6.666666666666667e-05	0	0	0
IOMTU433_RS03110	thiolase family protein	NZ_AP014649.1	639161	637986	596	0.00013333333333333334	0	0	0
IOMTU433_RS03115	GspH/FimT family pseudopilin	NZ_AP014649.1	639785	639270	597	0.0002666666666666667	0	0	0
IOMTU433_RS03120	OmpA family protein	NZ_AP014649.1	640167	641237	598	0.0002666666666666667	0	0	0
IOMTU433_RS20800	hypothetical protein	NZ_AP014649.1	641520	641362	599	0.0002666666666666667	0	0.5	0
IOMTU433_RS03130	RtcB family protein	NZ_AP014649.1	642729	641524	600	0.0002666666666666667	0	0	0
IOMTU433_RS03135	amino acid permease	NZ_AP014649.1	644466	643006	601	0.0002666666666666667	0	0	0
IOMTU433_RS03140	methyltransferase	NZ_AP014649.1	645501	644488	602	0.0007333333333333333	0	0	0
IOMTU433_RS03145	uracil-xanthine permease family protein	NZ_AP014649.1	646922	645564	603	0.0008	0	0	0
IOMTU433_RS03150	translational GTPase TypA	NZ_AP014649.1	647101	648936	604	0.001	0	0	0
IOMTU433_RS03155	large conductance mechanosensitive channel protein MscL	NZ_AP014649.1	649191	649622	605	0.0012	0	0	0
IOMTU433_RS03160	gamma-glutamylcyclotransferase	NZ_AP014649.1	649765	650118	606	0.0013999999999999998	0	0	0
IOMTU433_RS03165	peptidylprolyl isomerase	NZ_AP014649.1	650419	650129	607	0.0014666666666666667	0	0	0
IOMTU433_RS03170	bifunctional DNA-formamidopyrimidine glycosylase/DNA-(apurinic or apyrimidinic site) lyase	NZ_AP014649.1	651263	650439	608	0.0014666666666666667	0	0	0
IOMTU433_RS03175	DNA-3-methyladenine glycosylase	NZ_AP014649.1	651339	651905	609	0.0014666666666666667	0	0	0
IOMTU433_RS03180	TonB-dependent receptor	NZ_AP014649.1	652038	654167	610	0.0015333333333333334	0	0	0
IOMTU433_RS03185	NADH:flavin oxidoreductase/NADH oxidase	NZ_AP014649.1	654177	655286	611	0.0015333333333333334	0	0	0
IOMTU433_RS03190	AEC family transporter	NZ_AP014649.1	655351	656274	612	0.0015333333333333334	0	0	0
IOMTU433_RS03195	sel1 repeat family protein	NZ_AP014649.1	657132	656308	613	0.0015333333333333334	0	0	0
IOMTU433_RS03200	DsbC family protein	NZ_AP014649.1	658025	657315	614	0.0015333333333333334	0	0	0
IOMTU433_RS03205	folate-binding protein YgfZ	NZ_AP014649.1	658893	658171	615	0.0016666666666666668	0	0	0
IOMTU433_RS03210	SRPBCC family protein	NZ_AP014649.1	659110	659559	616	0.0016666666666666668	0	0	0
IOMTU433_RS03215	DUF488 domain-containing protein	NZ_AP014649.1	659703	660059	617	0.0016666666666666668	0	0	0
IOMTU433_RS03220	alkylphosphonate utilization protein	NZ_AP014649.1	660150	660494	618	0.0016666666666666668	0	0	0
IOMTU433_RS03225	YegP family protein	NZ_AP014649.1	660706	661047	619	0.0016666666666666668	0	0.5	0
IOMTU433_RS03230	proline--tRNA ligase	NZ_AP014649.1	662816	661101	620	0.0016	0	0	0
IOMTU433_RS03235	efflux RND transporter permease subunit	NZ_AP014649.1	665973	662875	621	0.0016	0	0	0
IOMTU433_RS03240	efflux RND transporter periplasmic adaptor subunit	NZ_AP014649.1	667107	665989	622	0.0016	0	0	0
IOMTU433_RS03245	hypothetical protein	NZ_AP014649.1	667805	667167	623	0.0016	0	0.5	0
IOMTU433_RS03250	twitching motility response regulator PilG	NZ_AP014649.1	668088	668471	624	0.0016	0	0	0
IOMTU433_RS03255	response regulator	NZ_AP014649.1	668495	668857	625	0.0016	0	0	0
IOMTU433_RS03260	purine-binding chemotaxis protein CheW	NZ_AP014649.1	668918	669454	626	0.0015333333333333334	0	0	0
IOMTU433_RS03265	methyl-accepting chemotaxis protein	NZ_AP014649.1	669501	671579	627	0.0013999999999999998	0	0	0
IOMTU433_RS03270	Hpt domain-containing protein	NZ_AP014649.1	671726	676246	628	0.0013999999999999998	0	0	0
IOMTU433_RS03275	hypothetical protein	NZ_AP014649.1	676243	676707	629	0.0013999999999999998	0	0.5	0
IOMTU433_RS03280	succinyl-diaminopimelate desuccinylase	NZ_AP014649.1	677879	676743	630	0.0013999999999999998	0	0	0
IOMTU433_RS03285	entericidin A/B family lipoprotein	NZ_AP014649.1	678148	678005	631	0.0013999999999999998	0	0	0
IOMTU433_RS03290	DUF1853 family protein	NZ_AP014649.1	679155	678247	632	0.0009333333333333333	0	0	0
IOMTU433_RS03295	YbaN family protein	NZ_AP014649.1	679260	679628	633	0.0008666666666666668	0	0.5	0
IOMTU433_RS03300	L,D-transpeptidase	NZ_AP014649.1	679779	680282	634	0.0006666666666666666	0	0	0
IOMTU433_RS03335	YdcF family protein	NZ_AP014649.1	682137	681352	635	0.00046666666666666666	0	0.5	0
IOMTU433_RS03340	PepSY domain-containing protein	NZ_AP014649.1	684810	682264	636	0.0002666666666666667	0	0	0
IOMTU433_RS03345	SdpI family protein	NZ_AP014649.1	685543	684968	637	0.0002	0	0	0
IOMTU433_RS03350	TIGR01666 family membrane protein	NZ_AP014649.1	687818	685644	638	0.0002	0	0	0
IOMTU433_RS03355	multidrug effflux MFS transporter	NZ_AP014649.1	687946	689160	639	0.0002	0	0	0
IOMTU433_RS03360	nitroreductase	NZ_AP014649.1	689892	689188	640	0.00013333333333333334	0	0	0
IOMTU433_RS03365	hypothetical protein	NZ_AP014649.1	690403	690606	641	0.00013333333333333334	0	0.5	0
IOMTU433_RS20490	hypothetical protein	NZ_AP014649.1	690789	690929	642	0.00013333333333333334	0	0.5	0
IOMTU433_RS03370	alanine:cation symporter family protein	NZ_AP014649.1	691029	692504	643	0.00013333333333333334	0	0	0
IOMTU433_RS03375	patatin-like phospholipase family protein	NZ_AP014649.1	692709	693644	644	0.0002	0	0	0
IOMTU433_RS03380	threonine ammonia-lyase	NZ_AP014649.1	693842	695077	645	6.666666666666667e-05	0	0	0
IOMTU433_RS03385	peptide antibiotic transporter SbmA	NZ_AP014649.1	695314	696507	646	6.666666666666667e-05	0	0	0
IOMTU433_RS03390	M13 family metallopeptidase	NZ_AP014649.1	696776	698824	647	6.666666666666667e-05	0	0	0
IOMTU433_RS03395	DUF4850 domain-containing protein	NZ_AP014649.1	699615	698866	648	6.666666666666667e-05	0	0	0
IOMTU433_RS03400	DUF1176 domain-containing protein	NZ_AP014649.1	699740	700807	649	6.666666666666667e-05	0	0	0
IOMTU433_RS03405	hypothetical protein	NZ_AP014649.1	700891	701409	650	6.666666666666667e-05	0	0.5	0
IOMTU433_RS03410	DJ-1/PfpI family protein	NZ_AP014649.1	702065	701487	651	0.00013333333333333334	0	0	0
IOMTU433_RS03415	Asp-tRNA(Asn)/Glu-tRNA(Gln) amidotransferase subunit GatB	NZ_AP014649.1	703704	702235	652	0.00013333333333333334	0	0	0
IOMTU433_RS03420	Asp-tRNA(Asn)/Glu-tRNA(Gln) amidotransferase subunit GatA	NZ_AP014649.1	705182	703704	653	0.0003333333333333333	0	0	0
IOMTU433_RS03425	Asp-tRNA(Asn)/Glu-tRNA(Gln) amidotransferase subunit GatC	NZ_AP014649.1	705550	705236	654	0.0005333333333333334	0	0	0
IOMTU433_RS03430	rod shape-determining protein	NZ_AP014649.1	705684	706724	655	0.0005333333333333334	0	0	0
IOMTU433_RS03435	rod shape-determining protein MreC	NZ_AP014649.1	706741	707598	656	0.0005333333333333334	0	0	0
IOMTU433_RS03440	rod shape-determining protein MreD	NZ_AP014649.1	707585	708076	657	0.0006000000000000001	0	0	0
IOMTU433_RS03445	Maf-like protein	NZ_AP014649.1	708064	708624	658	0.0006000000000000001	0	0	0
IOMTU433_RS03450	ribonuclease G	NZ_AP014649.1	708738	710192	659	0.0006000000000000001	0	0	0
IOMTU433_RS20495	hypothetical protein	NZ_AP014649.1	710332	710505	660	0.0006000000000000001	0	0.5	0
IOMTU433_RS03460	wax ester/triacylglycerol synthase family O-acyltransferase	NZ_AP014649.1	711920	710535	661	0.0006000000000000001	0	0	0
IOMTU433_RS03465	phosphoadenylyl-sulfate reductase	NZ_AP014649.1	712826	712092	662	0.0006000000000000001	0	0	0
IOMTU433_RS03470	bifunctional phosphoserine phosphatase/homoserine phosphotransferase ThrH	NZ_AP014649.1	713011	713628	663	0.0006000000000000001	0	0	0
IOMTU433_RS03475	outer membrane protein transport protein	NZ_AP014649.1	715126	713696	664	0.0006000000000000001	0	0	0
IOMTU433_RS03480	NAD(P)H-dependent oxidoreductase	NZ_AP014649.1	716423	715725	665	0.0006000000000000001	0	0	0
IOMTU433_RS03485	AraC family transcriptional regulator ligand-binding domain-containing protein	NZ_AP014649.1	716587	717183	666	0.0006000000000000001	0	0	0
IOMTU433_RS20070	Merged-or-split: IS4-like element ISAba1 family transposase	NZ_AP014649.1	718287	717197	667	0.0006000000000000001	0	0.75	0
IOMTU433_RS03495	helix-turn-helix transcriptional regulator	NZ_AP014649.1	718337	718810	668	0.0006000000000000001	0	1	0
IOMTU433_RS03500	fatty acid desaturase family protein	NZ_AP014649.1	719845	718853	669	0.0006000000000000001	0	0	0
IOMTU433_RS03505	PaaX family transcriptional regulator	NZ_AP014649.1	720752	719952	670	0.0006666666666666668	0	0	0
IOMTU433_RS03510	undecaprenyl-diphosphate phosphatase	NZ_AP014649.1	721108	721926	671	0.0006666666666666668	0	0	0
IOMTU433_RS03515	AraC family transcriptional regulator	NZ_AP014649.1	722086	722979	672	0.0006666666666666668	0	0	0
IOMTU433_RS03520	NAD(P)H-quinone oxidoreductase	NZ_AP014649.1	723026	724024	673	0.0006666666666666668	0	0	0
IOMTU433_RS03525	protein deglycase HchA	NZ_AP014649.1	724227	725102	674	0.0006666666666666668	0	0	0
IOMTU433_RS03535	amino acid permease	NZ_AP014649.1	726620	725265	675	0.0006666666666666668	0	0	0
IOMTU433_RS03540	2-methylaconitate cis-trans isomerase PrpF	NZ_AP014649.1	727000	728187	676	0.0006666666666666668	0	0	0
IOMTU433_RS03545	polyprenyl synthetase family protein	NZ_AP014649.1	728346	729257	677	0.0006666666666666668	0	0	0
IOMTU433_RS03550	MmcQ/YjbR family DNA-binding protein	NZ_AP014649.1	729317	729685	678	0.0006666666666666668	0	0	0
IOMTU433_RS03555	SPFH/Band 7/PHB domain protein	NZ_AP014649.1	730609	729755	679	0.0006666666666666668	0	0	0
IOMTU433_RS03560	NfeD family protein	NZ_AP014649.1	731099	730638	680	0.0006666666666666668	0	0	0
IOMTU433_RS03565	patatin-like phospholipase family protein	NZ_AP014649.1	732122	731205	681	0.0006000000000000001	0	0	0
IOMTU433_RS03570	lysophospholipid acyltransferase family protein	NZ_AP014649.1	732816	732190	682	0.0006000000000000001	0	0	0
IOMTU433_RS03575	MFS transporter	NZ_AP014649.1	732944	734191	683	0.0004	0	0	0
IOMTU433_RS03580	porin	NZ_AP014649.1	734738	736111	684	0.0002	0	0	0
IOMTU433_RS03585	phosphoethanolamine--lipid A transferase	NZ_AP014649.1	736291	737940	685	0.0002	0	0	0
IOMTU433_RS03590	DNA-binding response regulator PmrA	NZ_AP014649.1	737955	738629	686	0.0002	0	0	0
IOMTU433_RS03595	two-component system sensor histidine kinase PmrB	NZ_AP014649.1	738655	739989	687	0.0002	0	0	0
IOMTU433_RS03600	phosphatase PAP2 family protein	NZ_AP014649.1	740688	739990	688	0.0002	0	0	0
IOMTU433_RS03605	ammonium transporter	NZ_AP014649.1	742028	740841	689	0.0002	0	0	0
IOMTU433_RS03610	LysR family transcriptional regulator	NZ_AP014649.1	743215	742331	690	0.0002	0	0	0
IOMTU433_RS03615	AEC family transporter	NZ_AP014649.1	743332	744237	691	0.0002	0	0	0
IOMTU433_RS03620	hypothetical protein	NZ_AP014649.1	744334	745350	692	0.0002666666666666667	0	0.5	0
IOMTU433_RS03625	methyltransferase domain-containing protein	NZ_AP014649.1	745489	746073	693	0.0002666666666666667	0	0	0
IOMTU433_RS03630	valine--tRNA ligase	NZ_AP014649.1	749009	746130	694	0.0003333333333333333	0	0	0
IOMTU433_RS03635	hypothetical protein	NZ_AP014649.1	749206	749883	695	0.0003333333333333333	0	0.5	0
IOMTU433_RS03640	SDR family NAD(P)-dependent oxidoreductase	NZ_AP014649.1	749909	750715	696	0.00046666666666666666	0	0	0
IOMTU433_RS03645	nuclear transport factor 2 family protein	NZ_AP014649.1	750770	751204	697	0.0007333333333333333	0	0	0
IOMTU433_RS03650	YbjQ family protein	NZ_AP014649.1	751635	751201	698	0.0010666666666666667	0	0.5	0
IOMTU433_RS03655	YbjQ family protein	NZ_AP014649.1	751993	751643	699	0.0012666666666666666	0	0.5	0
IOMTU433_RS03660	multidrug efflux RND transporter outer membrane channel subunit AdeK	NZ_AP014649.1	753557	752103	700	0.0012	0	0	0
IOMTU433_RS03665	multidrug efflux RND transporter permease subunit AdeJ	NZ_AP014649.1	756733	753557	701	0.0012	0	0	0
IOMTU433_RS03670	multidrug efflux RND transporter periplasmic adaptor subunit AdeI	NZ_AP014649.1	757996	756746	702	0.0012	0	0	0
IOMTU433_RS03675	phosphatase PAP2 family protein	NZ_AP014649.1	758647	758021	703	0.001333333333333333	0	0	0
IOMTU433_RS03680	site-specific recombinase	NZ_AP014649.1	760892	758832	704	0.0015333333333333336	0	1.5	0
IOMTU433_RS03685	polyprenyl synthetase family protein	NZ_AP014649.1	761884	760907	705	0.0016666666666666668	0	0	0
IOMTU433_RS03690	hypothetical protein	NZ_AP014649.1	762231	761932	706	0.0018000000000000002	0	0.5	0
IOMTU433_RS03695	50S ribosomal protein L21	NZ_AP014649.1	762328	762639	707	0	0	0	0
IOMTU433_RS03700	50S ribosomal protein L27	NZ_AP014649.1	762658	762915	708	0	0	0	0
IOMTU433_RS03705	outer membrane lipoprotein chaperone LolA	NZ_AP014649.1	763156	763851	709	0.002133333333333334	0	0	0
IOMTU433_RS03710	RsiV family protein	NZ_AP014649.1	763979	764767	710	0.002133333333333334	0	0	0
IOMTU433_RS03715	serine--tRNA ligase	NZ_AP014649.1	764886	766157	711	0.002133333333333334	0	0	0
IOMTU433_RS03720	siroheme synthase CysG	NZ_AP014649.1	766225	767598	712	0.002133333333333334	0	0	0
IOMTU433_RS03725	tRNA (cytidine(34)-2'-O)-methyltransferase	NZ_AP014649.1	767675	768148	713	0.002133333333333334	0	0	0
IOMTU433_RS03730	helix-turn-helix transcriptional regulator	NZ_AP014649.1	768578	768198	714	0.002133333333333334	0	1	0
IOMTU433_RS03735	flavodoxin family protein	NZ_AP014649.1	768696	769256	715	0.003133333333333334	0	0	0
IOMTU433_RS03740	APC family permease	NZ_AP014649.1	770680	769295	716	0.0032666666666666673	0	0	0
IOMTU433_RS03745	iron-containing alcohol dehydrogenase	NZ_AP014649.1	772130	770946	717	0.0032	0	0	0
IOMTU433_RS03750	hypothetical protein	NZ_AP014649.1	772665	772132	718	0.0032	0	0.5	0
IOMTU433_RS03755	lipoyl(octanoyl) transferase LipB	NZ_AP014649.1	773399	772746	719	0.0032	0	0	0
IOMTU433_RS03760	DUF493 domain-containing protein	NZ_AP014649.1	773870	773583	720	0.003266666666666667	0	0	0
IOMTU433_RS03765	RNA polymerase sigma factor RpoD	NZ_AP014649.1	775854	773968	721	0.0033333333333333335	0	0	0
IOMTU433_RS03770	hypothetical protein	NZ_AP014649.1	776213	776419	722	0.003266666666666667	0	0.5	0
IOMTU433_RS03775	YecA family protein	NZ_AP014649.1	776495	777019	723	0.0033333333333333335	0	0.5	0
IOMTU433_RS03780	rhodanese-related sulfurtransferase	NZ_AP014649.1	778075	777143	724	0.003266666666666667	0	0	0
IOMTU433_RS03785	DUF1289 domain-containing protein	NZ_AP014649.1	778187	778672	725	0.0034000000000000002	0	0	0
IOMTU433_RS03790	citrate (Si)-synthase	NZ_AP014649.1	780016	778742	726	0.0032666666666666677	0	0	0
IOMTU433_RS03795	succinate dehydrogenase, cytochrome b556 subunit	NZ_AP014649.1	780971	781372	727	0.003000000000000001	0	0	0
IOMTU433_RS03800	succinate dehydrogenase, hydrophobic membrane anchor protein	NZ_AP014649.1	781372	781737	728	0.002666666666666667	0	0	0
IOMTU433_RS03805	succinate dehydrogenase flavoprotein subunit	NZ_AP014649.1	781750	783585	729	0.002466666666666667	0	0	0
IOMTU433_RS03810	succinate dehydrogenase iron-sulfur subunit	NZ_AP014649.1	783600	784310	730	0.002466666666666667	0	0	0
IOMTU433_RS20080	hypothetical protein	NZ_AP014649.1	784594	784723	731	0.0026000000000000003	0	0.5	0
IOMTU433_RS20500	hypothetical protein	NZ_AP014649.1	784878	784744	732	0.0026000000000000003	0	0.5	0
IOMTU433_RS03815	2-oxoglutarate dehydrogenase E1 component	NZ_AP014649.1	784881	787721	733	0.002666666666666667	0	0	0
IOMTU433_RS03820	2-oxoglutarate dehydrogenase complex dihydrolipoyllysine-residue succinyltransferase	NZ_AP014649.1	787721	788917	734	0.0024000000000000007	0	0	0
IOMTU433_RS03825	dihydrolipoyl dehydrogenase	NZ_AP014649.1	788980	790413	735	0.002333333333333334	0	0	0
IOMTU433_RS03830	ADP-forming succinate--CoA ligase subunit beta	NZ_AP014649.1	790561	791727	736	0.003000000000000001	0	0	0
IOMTU433_RS03835	succinate--CoA ligase subunit alpha	NZ_AP014649.1	791742	792632	737	0.0031333333333333335	0	0	0
IOMTU433_RS03840	tryptophan--tRNA ligase	NZ_AP014649.1	794056	793043	738	0.0032666666666666673	0	0	0
IOMTU433_RS03845	DUF808 domain-containing protein	NZ_AP014649.1	794264	795187	739	0.0032666666666666677	0	0	0
IOMTU433_RS03850	neutral zinc metallopeptidase	NZ_AP014649.1	795217	796116	740	0.0032666666666666677	0	0	0
IOMTU433_RS03855	cation:proton antiporter	NZ_AP014649.1	796354	797856	741	0.0033333333333333344	0	0	0
IOMTU433_RS20085	Ig-like domain repeat protein	NZ_AP014649.1	798317	822349	742	0.0035333333333333345	0	0	0
IOMTU433_RS03865	poly alpha-glucosyltransferase	NZ_AP014649.1	822496	824151	743	0.0035333333333333345	0	0	0
IOMTU433_RS03870	CapA family protein	NZ_AP014649.1	824148	825872	744	0.0037333333333333346	0	0	0
IOMTU433_RS03875	metalloprotease	NZ_AP014649.1	826585	825869	745	0.0027333333333333337	0	0	0
IOMTU433_RS03880	MGMT family protein	NZ_AP014649.1	826667	826996	746	0.0032666666666666673	0	0	0
IOMTU433_RS03885	universal stress protein	NZ_AP014649.1	827488	827051	747	0.0034666666666666674	0	0	0
IOMTU433_RS03890	CatB-related O-acetyltransferase	NZ_AP014649.1	828243	827611	748	0.0034666666666666674	0	0	0
IOMTU433_RS03895	RidA family protein	NZ_AP014649.1	828748	828356	749	0.0034666666666666674	0	0	0
IOMTU433_RS03900	TetR/AcrR family transcriptional regulator	NZ_AP014649.1	828889	829476	750	0.0034000000000000007	0	0	0
IOMTU433_RS03905	transcription elongation factor GreA	NZ_AP014649.1	830033	829557	751	0.003333333333333334	0	0	0
IOMTU433_RS03910	carbamoyl-phosphate synthase large subunit	NZ_AP014649.1	833351	830121	752	0.003333333333333334	0	0	0
IOMTU433_RS03915	glutamine-hydrolyzing carbamoyl-phosphate synthase small subunit	NZ_AP014649.1	834505	833366	753	0.0032666666666666673	0	0	0
IOMTU433_RS03920	hypothetical protein	NZ_AP014649.1	834819	835406	754	0.0032666666666666673	0	0.5	0
IOMTU433_RS03925	DOMON-like domain-containing protein	NZ_AP014649.1	836002	835466	755	0.003133333333333334	0	0	0
IOMTU433_RS03930	ribosome assembly RNA-binding protein YhbY	NZ_AP014649.1	836340	836017	756	0.003133333333333334	0	0	0
IOMTU433_RS03935	23S rRNA (uridine(2552)-2'-O)-methyltransferase RlmE	NZ_AP014649.1	836540	837190	757	0.003133333333333334	0	0	0
IOMTU433_RS03940	ATP-dependent zinc metalloprotease FtsH	NZ_AP014649.1	837325	839220	758	0.003133333333333334	0	0	0
IOMTU433_RS03945	dihydropteroate synthase	NZ_AP014649.1	839361	840203	759	0.003133333333333334	0	0	0
IOMTU433_RS03950	hypothetical protein	NZ_AP014649.1	840338	840652	760	0.003133333333333334	0	0.5	0
IOMTU433_RS03955	hypothetical protein	NZ_AP014649.1	840997	840653	761	0.0030000000000000005	0	0.5	0
IOMTU433_RS03965	alkaline phosphatase D family protein	NZ_AP014649.1	841354	843117	762	0.0030000000000000005	0	0	0
IOMTU433_RS03980	bifunctional methylenetetrahydrofolate dehydrogenase/methenyltetrahydrofolate cyclohydrolase FolD	NZ_AP014649.1	843543	844391	763	0.0028	0	0	0
IOMTU433_RS03985	methyltransferase	NZ_AP014649.1	844632	845300	764	0.0028	0	0	0
IOMTU433_RS03990	hypothetical protein	NZ_AP014649.1	845745	845323	765	0.0027333333333333333	0	0.5	0
IOMTU433_RS03995	MFS transporter	NZ_AP014649.1	847193	845862	766	0.002	0	0	0
IOMTU433_RS04000	glycerol kinase GlpK	NZ_AP014649.1	847568	849076	767	0.0018	0	0	0
IOMTU433_RS04005	glycerol-3-phosphate dehydrogenase	NZ_AP014649.1	849231	850748	768	0.0016	0	0	0
IOMTU433_RS04010	phosphoenolpyruvate carboxykinase (GTP)	NZ_AP014649.1	852622	850790	769	0.0014	0	0	0
IOMTU433_RS04015	NAD(+)/NADH kinase	NZ_AP014649.1	853015	853953	770	0.0014	0	0	0
IOMTU433_RS04020	metallophosphoesterase	NZ_AP014649.1	853934	854692	771	0.0013333333333333333	0	0	0
IOMTU433_RS04025	Ig-like domain repeat protein	NZ_AP014649.1	854996	864814	772	0.0011333333333333334	0	0	0
IOMTU433_RS04030	co-chaperone GroES	NZ_AP014649.1	865055	865345	773	0.0011333333333333334	0	0	0
IOMTU433_RS04035	chaperonin GroEL	NZ_AP014649.1	865404	867038	774	0.0009333333333333334	0	0	0
IOMTU433_RS04040	diacylglycerol kinase	NZ_AP014649.1	867588	867214	775	0.0009333333333333334	0	0	0
IOMTU433_RS04045	MBL fold metallo-hydrolase	NZ_AP014649.1	867695	868657	776	0.0002666666666666667	0	0	0
IOMTU433_RS04050	glycerophosphodiester phosphodiesterase	NZ_AP014649.1	869844	868702	777	6.666666666666667e-05	0	0	0
IOMTU433_RS04055	multidrug efflux RND transporter permease subunit	NZ_AP014649.1	870108	873203	778	6.666666666666667e-05	0	0	0
IOMTU433_RS04060	DUF4112 domain-containing protein	NZ_AP014649.1	873276	873851	779	6.666666666666667e-05	0	0	0
IOMTU433_RS04065	protease HtpX	NZ_AP014649.1	874806	873901	780	6.666666666666667e-05	0	0	0
IOMTU433_RS04070	lytic transglycosylase domain-containing protein	NZ_AP014649.1	875840	875064	781	6.666666666666667e-05	0	0	0
IOMTU433_RS04075	tRNA 2-thiocytidine(32) synthetase TtcA	NZ_AP014649.1	876431	877336	782	6.666666666666667e-05	0	0	0
IOMTU433_RS04080	SCP2 sterol-binding domain-containing protein	NZ_AP014649.1	877543	877926	783	6.666666666666667e-05	0	0	0
IOMTU433_RS04085	transglycosylase SLT domain-containing protein	NZ_AP014649.1	879130	878018	784	6.666666666666667e-05	0	0	0
IOMTU433_RS04090	transcription elongation factor GreB	NZ_AP014649.1	879503	879997	785	6.666666666666667e-05	0	0	0
IOMTU433_RS04100	SgcJ/EcaC family oxidoreductase	NZ_AP014649.1	880786	880256	786	0.00013333333333333334	0	0	0
IOMTU433_RS04105	non-ribosomal peptide synthetase	NZ_AP014649.1	881393	885391	787	0.0002	0	0	0
IOMTU433_RS04110	N-acetyltransferase	NZ_AP014649.1	885966	885460	788	0.0002	0	0	0
IOMTU433_RS04115	YjhX family toxin	NZ_AP014649.1	886257	886000	789	0.0002	0	0.5	0
IOMTU433_RS04120	TetR/AcrR family transcriptional regulator	NZ_AP014649.1	887185	887763	790	0.0002	0	0	0
IOMTU433_RS04125	metal-dependent hydrolase	NZ_AP014649.1	888706	887843	791	0.0002	0	0	0
IOMTU433_RS04130	TetR/AcrR family transcriptional regulator	NZ_AP014649.1	888815	889432	792	0.0002	0	0	0
IOMTU433_RS04135	nitroreductase family protein	NZ_AP014649.1	890152	889547	793	0.0002	0	0	0
IOMTU433_RS04140	SDR family oxidoreductase	NZ_AP014649.1	890972	890190	794	0.0002	0	0	0
IOMTU433_RS04145	TetR/AcrR family transcriptional regulator	NZ_AP014649.1	891095	891661	795	0.0002	0	0	0
IOMTU433_RS04150	glycerate kinase	NZ_AP014649.1	892815	891658	796	0.00013333333333333334	0	0	0
IOMTU433_RS04155	FdhF/YdeP family oxidoreductase	NZ_AP014649.1	893210	895618	797	0.00013333333333333334	0	0	0
IOMTU433_RS04160	formate dehydrogenase accessory sulfurtransferase FdhD	NZ_AP014649.1	895698	896489	798	0.00013333333333333334	0	0	0
IOMTU433_RS04165	DUF1232 domain-containing protein	NZ_AP014649.1	896609	897001	799	0.00013333333333333334	0	0	0
IOMTU433_RS04170	4-phosphoerythronate dehydrogenase	NZ_AP014649.1	897106	898173	800	0.00013333333333333334	0	0	0
IOMTU433_RS04175	EF-P lysine aminoacylase GenX	NZ_AP014649.1	898170	899144	801	0.00013333333333333334	0	0	0
IOMTU433_RS04180	39S ribosomal protein L45	NZ_AP014649.1	900180	899203	802	0	0	0	0
IOMTU433_RS04185	DNA repair protein RadA	NZ_AP014649.1	901651	900263	803	0.00013333333333333334	0	0	0
IOMTU433_RS04190	amino acid permease	NZ_AP014649.1	902141	903547	804	0.00013333333333333334	0	0	0
IOMTU433_RS04195	hypothetical protein	NZ_AP014649.1	903688	903912	805	0.00013333333333333334	0	0.5	0
IOMTU433_RS04200	diaminopimelate decarboxylase	NZ_AP014649.1	903935	905185	806	0.00013333333333333334	0	0	0
IOMTU433_RS04205	diaminopimelate epimerase	NZ_AP014649.1	905191	906036	807	0.00013333333333333334	0	0	0
IOMTU433_RS04210	LysE family translocator	NZ_AP014649.1	906746	906123	808	0.00013333333333333334	0	0	0
IOMTU433_RS04215	tyrosine recombinase	NZ_AP014649.1	906909	907796	809	0.00013333333333333334	0	1.5	0
IOMTU433_RS04220	electron transfer flavoprotein subunit beta/FixA family protein	NZ_AP014649.1	908232	908981	810	0.00013333333333333334	0	0	0
IOMTU433_RS04225	FAD-binding protein	NZ_AP014649.1	908999	909931	811	0.00013333333333333334	0	0	0
IOMTU433_RS04230	DNA gyrase subunit A	NZ_AP014649.1	910298	913012	812	0.00013333333333333334	0	0	0
IOMTU433_RS04235	glycosyltransferase family 39 protein	NZ_AP014649.1	914709	913063	813	0.00013333333333333334	0	0	0
IOMTU433_RS04240	GtrA family protein	NZ_AP014649.1	915099	914719	814	0.00013333333333333334	0	0	0
IOMTU433_RS04245	glycosyltransferase family 2 protein	NZ_AP014649.1	916079	915099	815	0.0002	0	0	0
IOMTU433_RS04250	ChbG/HpnK family deacetylase	NZ_AP014649.1	916870	916076	816	0.00013333333333333334	0	0	0
IOMTU433_RS04255	ABC transporter permease	NZ_AP014649.1	918226	917135	817	6.666666666666667e-05	0	0	0
IOMTU433_RS04260	ABC transporter permease	NZ_AP014649.1	919293	918223	818	6.666666666666667e-05	0	0	0
IOMTU433_RS04265	HlyD family secretion protein	NZ_AP014649.1	920478	919357	819	6.666666666666667e-05	0	0	0
IOMTU433_RS04270	TolC family protein	NZ_AP014649.1	921978	920491	820	6.666666666666667e-05	0	0	0
IOMTU433_RS04275	3-phosphoserine/phosphohydroxythreonine transaminase	NZ_AP014649.1	922358	923437	821	6.666666666666667e-05	0	0	0
IOMTU433_RS20805	hypothetical protein	NZ_AP014649.1	923641	923495	822	6.666666666666667e-05	0	0.5	0
IOMTU433_RS04280	hypothetical protein	NZ_AP014649.1	924616	923675	823	6.666666666666667e-05	0	0.5	0
IOMTU433_RS04285	YaiI/YqxD family protein	NZ_AP014649.1	924873	925358	824	6.666666666666667e-05	0	0.5	0
IOMTU433_RS04290	EamA family transporter	NZ_AP014649.1	925369	926277	825	6.666666666666667e-05	0	0	0
IOMTU433_RS04295	lipoprotein-releasing ABC transporter permease subunit	NZ_AP014649.1	926525	927760	826	6.666666666666667e-05	0	0	0
IOMTU433_RS04300	lipoprotein-releasing ABC transporter ATP-binding protein LolD	NZ_AP014649.1	927753	928439	827	6.666666666666667e-05	0	0	0
IOMTU433_RS04305	DNA internalization-related competence protein ComEC/Rec2	NZ_AP014649.1	928524	930956	828	6.666666666666667e-05	0	0	0
IOMTU433_RS04310	lysophospholipid acyltransferase family protein	NZ_AP014649.1	931892	930909	829	6.666666666666667e-05	0	0	0
IOMTU433_RS04315	signal peptide peptidase SppA	NZ_AP014649.1	932029	933045	830	6.666666666666667e-05	0	0	0
IOMTU433_RS04320	alpha/beta hydrolase	NZ_AP014649.1	933064	933873	831	6.666666666666667e-05	0	0	0
IOMTU433_RS04325	phosphoribosylglycinamide formyltransferase	NZ_AP014649.1	934565	933936	832	0.00013333333333333334	0	0	0
IOMTU433_RS04330	phosphoribosylformylglycinamidine cyclo-ligase	NZ_AP014649.1	935632	934562	833	0.0002	0	0	0
IOMTU433_RS04335	AI-2E family transporter	NZ_AP014649.1	935768	936961	834	0.0003333333333333333	0	0	0
IOMTU433_RS04340	DnaA regulatory inactivator Hda	NZ_AP014649.1	936982	937680	835	0.0003333333333333333	0	0	0
IOMTU433_RS04345	rhombotarget A	NZ_AP014649.1	937997	939850	836	0.00046666666666666666	0	0	0
IOMTU433_RS04350	CSLREA domain-containing protein	NZ_AP014649.1	939866	942307	837	0.0005333333333333334	0	0	0
IOMTU433_RS04355	DUF3106 domain-containing protein	NZ_AP014649.1	942786	942397	838	0.0005333333333333334	0	0	0
IOMTU433_RS04360	hypothetical protein	NZ_AP014649.1	943096	942776	839	0.0005333333333333334	0	0.5	0
IOMTU433_RS04365	RNA polymerase sigma factor	NZ_AP014649.1	943700	943086	840	0.001	0	0	0
IOMTU433_RS04370	RNA methyltransferase	NZ_AP014649.1	944636	943860	841	0.001	0	0	0
IOMTU433_RS04375	class 1 fructose-bisphosphatase	NZ_AP014649.1	945664	944693	842	0.001	0	0	0
IOMTU433_RS04380	NF038105 family protein	NZ_AP014649.1	945847	946035	843	0.0011333333333333334	0	0	0
IOMTU433_RS04385	peptidoglycan-associated lipoprotein Pal	NZ_AP014649.1	946653	946090	844	0.0011333333333333334	0	0	0
IOMTU433_RS04390	Tol-Pal system beta propeller repeat protein TolB	NZ_AP014649.1	947961	946681	845	0.0010666666666666667	0	0	0
IOMTU433_RS04395	cell envelope integrity protein TolA	NZ_AP014649.1	949467	948055	846	0.0012000000000000001	0	0	0
IOMTU433_RS04400	protein TolR	NZ_AP014649.1	949923	949471	847	0.0012000000000000001	0	0	0
IOMTU433_RS04405	protein TolQ	NZ_AP014649.1	950621	949923	848	0.0012666666666666668	0	0	0
IOMTU433_RS04410	tol-pal system-associated acyl-CoA thioesterase	NZ_AP014649.1	951052	950645	849	0.0012666666666666668	0	0	0
IOMTU433_RS04415	amidohydrolase	NZ_AP014649.1	952597	951263	850	0.0012666666666666668	0	0	0
IOMTU433_RS04420	Holliday junction branch migration DNA helicase RuvB	NZ_AP014649.1	953806	952802	851	0.0012666666666666668	0	0	0
IOMTU433_RS04425	Holliday junction branch migration protein RuvA	NZ_AP014649.1	954414	953815	852	0.0012666666666666668	0	0	0
IOMTU433_RS04430	deoxyguanosinetriphosphate triphosphohydrolase	NZ_AP014649.1	955846	954506	853	0.0021333333333333334	0	0	0
IOMTU433_RS04435	phosphoribosylformylglycinamidine synthase	NZ_AP014649.1	956156	959989	854	0.0021333333333333334	0	0	0
IOMTU433_RS04440	multidrug effflux MFS transporter	NZ_AP014649.1	960072	961277	855	0.0024000000000000002	0	0	0
IOMTU433_RS04450	NIF3 1	NZ_AP014649.1	961672	961989	856	0.002466666666666667	0	0	0
IOMTU433_RS04455	enoyl-CoA hydratase/isomerase family protein	NZ_AP014649.1	962786	961986	857	0.0026000000000000003	0	0	0
IOMTU433_RS04460	nicotinate-nicotinamide nucleotide adenylyltransferase	NZ_AP014649.1	962896	963486	858	0.002800000000000001	0	0	0
IOMTU433_RS04465	CAP domain-containing protein	NZ_AP014649.1	964126	963557	859	0.002800000000000001	0	0	0
IOMTU433_RS04470	peroxiredoxin	NZ_AP014649.1	964709	964248	860	0.003000000000000001	0	0	0
IOMTU433_RS04475	diphthine--ammonia ligase	NZ_AP014649.1	965413	964727	861	0.004000000000000001	0	0	0
IOMTU433_RS04480	hypothetical protein	NZ_AP014649.1	965920	965504	862	0.004400000000000001	0	0.5	0
IOMTU433_RS04485	7-cyano-7-deazaguanine synthase QueC	NZ_AP014649.1	966605	965934	863	0.004600000000000002	0	0	0
IOMTU433_RS04490	7-carboxy-7-deazaguanine synthase QueE	NZ_AP014649.1	967356	966646	864	0.004800000000000001	0	0	0
IOMTU433_RS04495	2,3,4,5-tetrahydropyridine-2,6-dicarboxylate N-succinyltransferase	NZ_AP014649.1	968256	967435	865	0.005266666666666669	0	0	0
IOMTU433_RS04500	ornithine uptake porin CarO type 1	NZ_AP014649.1	968551	969300	866	0.006533333333333335	0	0	0
IOMTU433_RS04505	CysB family HTH-type transcriptional regulator	NZ_AP014649.1	970314	969391	867	0.0068666666666666685	0	0	0
IOMTU433_RS04510	sulfate ABC transporter ATP-binding protein	NZ_AP014649.1	971447	970386	868	0.0072000000000000015	0	0	0
IOMTU433_RS04515	sulfate ABC transporter permease subunit CysW	NZ_AP014649.1	972343	971459	869	0.007400000000000002	0	0	0
IOMTU433_RS04520	sulfate ABC transporter permease subunit CysT	NZ_AP014649.1	973173	972340	870	0.007400000000000001	0	0	0
IOMTU433_RS04525	alpha/beta hydrolase	NZ_AP014649.1	973862	973254	871	0.007933333333333336	0	0	0
IOMTU433_RS04530	sulfate ABC transporter substrate-binding protein	NZ_AP014649.1	974900	973893	872	0.009000000000000001	0	0	0
IOMTU433_RS04535	aminodeoxychorismate lyase	NZ_AP014649.1	975164	975976	873	0.010133333333333333	0	0	0
IOMTU433_RS04540	endolytic transglycosylase MltG	NZ_AP014649.1	975978	977048	874	0.010466666666666668	0	0	0
IOMTU433_RS04545	dTMP kinase	NZ_AP014649.1	977058	977657	875	0.011733333333333333	0	0	0
IOMTU433_RS04550	PaaI family thioesterase	NZ_AP014649.1	977796	978212	876	0.019066666666666666	0	0	0
IOMTU433_RS04555	L-aspartate oxidase	NZ_AP014649.1	979910	978267	877	0.026799999999999997	0	0	0
IOMTU433_RS04560	Do family serine endopeptidase	NZ_AP014649.1	980141	981517	878	0.0306	0	0	0
IOMTU433_RS04565	acyl-CoA thioesterase	NZ_AP014649.1	981638	982093	879	0.036	0	0	0
IOMTU433_RS04570	GNAT family N-acetyltransferase	NZ_AP014649.1	982107	982655	880	0.04006666666666667	0	0	0
IOMTU433_RS04575	translation elongation factor 4	NZ_AP014649.1	982839	984656	881	0	0	0	0
IOMTU433_RS04580	signal peptidase I	NZ_AP014649.1	984727	985554	882	0.0416	0	0	0
IOMTU433_RS04585	DUF4845 domain-containing protein	NZ_AP014649.1	985578	985952	883	0.04080000000000001	0	0	0
IOMTU433_RS04590	ribonuclease III	NZ_AP014649.1	985924	986616	884	0.04133333333333334	0	0	0
IOMTU433_RS04595	GTPase Era	NZ_AP014649.1	986628	987650	885	0.04120000000000001	0	0	0
IOMTU433_RS04600	NF038104 family lipoprotein	NZ_AP014649.1	987669	987869	886	0.041133333333333334	0	0	0
IOMTU433_RS04605	DNA repair protein RecO	NZ_AP014649.1	987879	988592	887	0.041	0	0	0
IOMTU433_RS04610	pyridoxine 5'-phosphate synthase	NZ_AP014649.1	988606	989331	888	0.04080000000000001	0	0	0
IOMTU433_RS04615	tRNA-(ms[2]io[6]A)-hydroxylase	NZ_AP014649.1	989338	989982	889	0.04080000000000001	0	0	0
IOMTU433_RS04620	SDR family oxidoreductase	NZ_AP014649.1	990275	991033	890	0.0406	0	0	0
IOMTU433_RS20505	hypothetical protein	NZ_AP014649.1	991351	991485	891	0.0396	0	0.5	0
IOMTU433_RS04630	hypothetical protein	NZ_AP014649.1	991527	991955	892	0.03913333333333333	0	0.5	0
IOMTU433_RS04635	PaaI family thioesterase	NZ_AP014649.1	992406	991969	893	0.038866666666666674	0	0	0
IOMTU433_RS04640	GFA family protein	NZ_AP014649.1	992592	993002	894	0.038533333333333336	0	0	0
IOMTU433_RS04645	Hsp70 family protein	NZ_AP014649.1	993366	995066	895	0.03806666666666667	0	0	0
IOMTU433_RS04650	hypothetical protein	NZ_AP014649.1	997079	995118	896	0.03666666666666667	0	0.5	0
IOMTU433_RS04655	pyridoxal phosphate-dependent aminotransferase	NZ_AP014649.1	998531	997302	897	0.03626666666666667	0	0	0
IOMTU433_RS04660	hypothetical protein	NZ_AP014649.1	998739	998918	898	0.03593333333333334	0	0.5	0
IOMTU433_RS04665	diguanylate cyclase	NZ_AP014649.1	1000389	998953	899	0.03573333333333333	0	0	0
IOMTU433_RS04670	hypothetical protein	NZ_AP014649.1	1001350	1000559	900	0.03526666666666667	0	0.5	0
IOMTU433_RS04675	excinuclease ABC subunit UvrB	NZ_AP014649.1	1001530	1003551	901	0.03473333333333333	0	0	0
IOMTU433_RS04680	lipocalin family protein	NZ_AP014649.1	1003645	1004232	902	0.033666666666666664	0	0	0
IOMTU433_RS04685	EamA family transporter RarD	NZ_AP014649.1	1004341	1005288	903	0.032400000000000005	0	0	0
IOMTU433_RS04690	glyceraldehyde-3-phosphate dehydrogenase	NZ_AP014649.1	1005505	1006962	904	0.03206666666666667	0	0	0
IOMTU433_RS04695	hypothetical protein	NZ_AP014649.1	1007112	1007846	905	0.030800000000000004	0	0.5	0
IOMTU433_RS04700	hypothetical protein	NZ_AP014649.1	1007858	1008532	906	0.0234	0	0.5	0
IOMTU433_RS04705	Obg family GTPase CgtA	NZ_AP014649.1	1008697	1009917	907	0.01566666666666667	0	0	0
IOMTU433_RS04710	glutamate 5-kinase	NZ_AP014649.1	1009933	1011066	908	0.012133333333333336	0	0	0
IOMTU433_RS04715	HAD-IB family hydrolase	NZ_AP014649.1	1011749	1011093	909	0.007266666666666668	0	0	0
IOMTU433_RS04720	DUF1615 domain-containing protein	NZ_AP014649.1	1012924	1011716	910	0.003266666666666667	0	0	0
IOMTU433_RS04725	tRNA dihydrouridine synthase DusB	NZ_AP014649.1	1013008	1014033	911	0	0	0	0
IOMTU433_RS04730	nitronate monooxygenase	NZ_AP014649.1	1015123	1014077	912	0.0038666666666666667	0	0	0
IOMTU433_RS04735	VIT family protein	NZ_AP014649.1	1015935	1015234	913	0.005733333333333334	0	0	0
IOMTU433_RS04740	hypothetical protein	NZ_AP014649.1	1016272	1017408	914	0.0071333333333333335	0	0.5	0
IOMTU433_RS04745	UDP-N-acetylglucosamine 2-epimerase (non-hydrolyzing)	NZ_AP014649.1	1017411	1018547	915	0.013733333333333335	0	0	0
IOMTU433_RS04750	hypothetical protein	NZ_AP014649.1	1019460	1018555	916	0.02393333333333333	0	0.5	0
IOMTU433_RS04755	hypothetical protein	NZ_AP014649.1	1021282	1019438	917	0.0458	0	0.5	0
IOMTU433_RS04760	glycosyltransferase family 2 protein	NZ_AP014649.1	1022533	1021283	918	0.0724	0	0	0
IOMTU433_RS04765	hypothetical protein	NZ_AP014649.1	1023416	1022520	919	0.10226666666666667	0	0.5	0
IOMTU433_RS04770	hypothetical protein	NZ_AP014649.1	1024156	1023416	920	0.13246666666666668	0	0.5	0
IOMTU433_RS04775	DNA photolyase family protein	NZ_AP014649.1	1025793	1024351	921	0.16233333333333333	0	0	0
IOMTU433_RS04780	peptidylprolyl isomerase	NZ_AP014649.1	1026379	1025897	922	0.18893333333333334	0	0	0
IOMTU433_RS04785	NAD(P)/FAD-dependent oxidoreductase	NZ_AP014649.1	1027801	1026515	923	0.2134	0	0	0
IOMTU433_RS04790	D-alanyl-D-alanine carboxypeptidase PBP6B	NZ_AP014649.1	1029220	1027901	924	0.23893333333333333	0	0	0
IOMTU433_RS04795	M61 family metallopeptidase	NZ_AP014649.1	1029393	1031096	925	0.26406666666666667	0	0	0
IOMTU433_RS04800	NADP-dependent isocitrate dehydrogenase	NZ_AP014649.1	1031497	1033734	926	0.2892	0	0	0
IOMTU433_RS04805	rRNA large subunit pseudouridine synthase E	NZ_AP014649.1	1034639	1033851	927	0.3126666666666667	0	0	0
IOMTU433_RS04810	hypothetical protein	NZ_AP014649.1	1034940	1034737	928	0.3346666666666667	0	0.5	0
IOMTU433_RS04815	hypothetical protein	NZ_AP014649.1	1035288	1034941	929	0.35760000000000003	0	0.5	0
IOMTU433_RS04820	methyltransferase domain-containing protein	NZ_AP014649.1	1035767	1035285	930	0.37940000000000007	0	0	0
IOMTU433_RS04825	hypothetical protein	NZ_AP014649.1	1036273	1035764	931	0.39933333333333343	0	0.5	0
IOMTU433_RS04830	hypothetical protein	NZ_AP014649.1	1036547	1036284	932	0.4192666666666668	0	0.5	0
IOMTU433_RS04835	hypothetical protein	NZ_AP014649.1	1037182	1036544	933	0.44133333333333347	0	0.5	0
IOMTU433_RS04840	phage recombination protein Bet	NZ_AP014649.1	1037972	1037349	934	0.46326666666666677	0	1	1	1041305	1041326	1041347	1041368	AACCAGTACCAAAATTGGTAC	AACCAGTACCAAAATTGGTAC	Longest Repeat flanking phage and within 2000 bp
IOMTU433_RS04845	DUF551 domain-containing protein	NZ_AP014649.1	1038224	1037982	935	0.48173333333333346	0	0	1
IOMTU433_RS04850	hypothetical protein	NZ_AP014649.1	1038604	1038224	936	0.5043333333333334	0	0.5	1
IOMTU433_RS04855	hypothetical protein	NZ_AP014649.1	1038795	1038604	937	0.5269333333333335	0	0.5	1
IOMTU433_RS04860	helix-turn-helix domain-containing protein	NZ_AP014649.1	1039659	1038991	938	0.5488666666666668	0	1	1
IOMTU433_RS04865	hypothetical protein	NZ_AP014649.1	1039751	1039966	939	0.5710666666666667	0	0.5	1
IOMTU433_RS04870	hypothetical protein	NZ_AP014649.1	1039969	1040268	940	0.5933333333333335	0	0.5	1
IOMTU433_RS04875	phage antirepressor KilAC domain-containing protein	NZ_AP014649.1	1040293	1041012	941	0.6154666666666667	0	1	1
IOMTU433_RS20010	helix-turn-helix domain-containing protein	NZ_AP014649.1	1041009	1041764	942	0.6366	0	1	1
IOMTU433_RS04885	hypothetical protein	NZ_AP014649.1	1041745	1042257	943	0.6569333333333334	0	0.5	1
IOMTU433_RS04890	hypothetical protein	NZ_AP014649.1	1042536	1042793	944	0.6774000000000001	0	0.5	1
IOMTU433_RS20810	hypothetical protein	NZ_AP014649.1	1042790	1042966	945	0.6940666666666667	0	0.5	1
IOMTU433_RS04895	hypothetical protein	NZ_AP014649.1	1042963	1043295	946	0.7083333333333336	1	0.5	1
IOMTU433_RS04900	hypothetical protein	NZ_AP014649.1	1043292	1043597	947	0.7116000000000001	1	0.5	1
IOMTU433_RS04905	hypothetical protein	NZ_AP014649.1	1043590	1043787	948	0.7104666666666667	1	0.5	1
IOMTU433_RS20815	hypothetical protein	NZ_AP014649.1	1043784	1044074	949	0.7060000000000002	0	0.5	0
IOMTU433_RS20870	hypothetical protein	NZ_AP014649.1	1044060	1044260	950	0.7010666666666666	0	0.5	0
IOMTU433_RS04915	hypothetical protein	NZ_AP014649.1	1044430	1044657	951	0.6855999999999999	0	0.5	0
IOMTU433_RS04920	hypothetical protein	NZ_AP014649.1	1044657	1044911	952	0.6753999999999999	0	0.5	0
IOMTU433_RS04925	hypothetical protein	NZ_AP014649.1	1044908	1045360	953	0.6719333333333333	0	0.5	0
IOMTU433_RS04930	hypothetical protein	NZ_AP014649.1	1045360	1045725	954	0.6735333333333332	0	0.5	0
IOMTU433_RS04935	hypothetical protein	NZ_AP014649.1	1045734	1046249	955	0.6799999999999998	0	0.5	0
IOMTU433_RS04950	hypothetical protein	NZ_AP014649.1	1047243	1047428	956	0.6866	0	0.5	0
IOMTU433_RS04955	hypothetical protein	NZ_AP014649.1	1047454	1047729	957	0.6928	0	0.5	0
IOMTU433_RS04960	hypothetical protein	NZ_AP014649.1	1047765	1048283	958	0.7003999999999999	0	0.5	0
IOMTU433_RS04970	hypothetical protein	NZ_AP014649.1	1048547	1048753	959	0.7080000000000001	1	0.5	2	1048526	1048546	1059222	1059242	CCGCCGAAAGGCGGTTTTTT	CCGCCGAAAGGCGGTTTTTT	Longest Repeat flanking phage and within 2000 bp
IOMTU433_RS04975	hypothetical protein	NZ_AP014649.1	1048821	1049060	960	0.7176666666666668	1	0.5	2
IOMTU433_RS04980	HNH endonuclease	NZ_AP014649.1	1049002	1049325	961	0.7294666666666667	1	0	2
IOMTU433_RS04985	HNH endonuclease	NZ_AP014649.1	1049415	1050218	962	0.7400666666666668	1	0	2
IOMTU433_RS04990	terminase small subunit	NZ_AP014649.1	1050328	1050777	963	0.7498666666666668	1	1	2
IOMTU433_RS04995	hypothetical protein	NZ_AP014649.1	1050790	1050984	964	0.7596666666666666	1	0.5	2
IOMTU433_RS05000	terminase large subunit	NZ_AP014649.1	1050987	1052663	965	0.7694666666666665	1	1	2
IOMTU433_RS05005	HK97 family phage prohead protease	NZ_AP014649.1	1052724	1053317	966	0.7751999999999999	1	1	2
IOMTU433_RS05010	phage major capsid protein	NZ_AP014649.1	1053314	1054645	967	0.7817999999999998	1	1	2
IOMTU433_RS20820	hypothetical protein	NZ_AP014649.1	1054732	1054899	968	0.7892	1	0.5	2
IOMTU433_RS05020	phage portal protein	NZ_AP014649.1	1054911	1056371	969	0.7912666666666667	1	1	2
IOMTU433_RS05025	head-tail connector protein	NZ_AP014649.1	1056368	1056661	970	0.7931333333333332	1	1	2
IOMTU433_RS05030	phage head closure protein	NZ_AP014649.1	1056669	1057016	971	0.792	1	1	2
IOMTU433_RS05035	hypothetical protein	NZ_AP014649.1	1057109	1057324	972	0.7909333333333334	1	0.5	2
IOMTU433_RS05040	HK97 gp10 family phage protein	NZ_AP014649.1	1057678	1058139	973	0.7880666666666667	1	1	2
IOMTU433_RS05045	DUF3168 domain-containing protein	NZ_AP014649.1	1058136	1058498	974	0.7794000000000001	1	0	2
IOMTU433_RS05050	Rha family transcriptional regulator	NZ_AP014649.1	1058620	1059183	975	0.7635333333333333	1	0	2
IOMTU433_RS05055	hypothetical protein	NZ_AP014649.1	1059271	1059732	976	0.7460666666666668	1	0.5	2
IOMTU433_RS05060	phage tail assembly chaperone family protein, TAC	NZ_AP014649.1	1059741	1060211	977	0.7254	1	1	2
IOMTU433_RS05065	hypothetical protein	NZ_AP014649.1	1060520	1061059	978	0.7061999999999998	0	0.5	0
IOMTU433_RS20710	hypothetical protein	NZ_AP014649.1	1061081	1061254	979	0.6825333333333333	0	0.5	0
IOMTU433_RS05070	hypothetical protein	NZ_AP014649.1	1061338	1061874	980	0.6597333333333334	0	0.5	0
IOMTU433_RS05075	hypothetical protein	NZ_AP014649.1	1061922	1064540	981	0.6453333333333333	0	0.5	0
IOMTU433_RS05080	hypothetical protein	NZ_AP014649.1	1064543	1065025	982	0.6289333333333332	0	0.5	0
IOMTU433_RS05085	DUF1833 family protein	NZ_AP014649.1	1065026	1065532	983	0.6081333333333333	0	0	0
IOMTU433_RS05095	hypothetical protein	NZ_AP014649.1	1065846	1068668	984	0.5810666666666666	0	0.5	0
IOMTU433_RS05100	glycoside hydrolase	NZ_AP014649.1	1068728	1070512	985	0.5495333333333333	0	0	0
IOMTU433_RS05105	hypothetical protein	NZ_AP014649.1	1070514	1071440	986	0.5178000000000001	0	0.5	0
IOMTU433_RS05110	hypothetical protein	NZ_AP014649.1	1071520	1071870	987	0.48813333333333353	0	0.5	0
IOMTU433_RS05115	hypothetical protein	NZ_AP014649.1	1071867	1072091	988	0.45853333333333346	0	0.5	0
IOMTU433_RS05120	glycoside hydrolase family 108 protein	NZ_AP014649.1	1072078	1072593	989	0.4280000000000001	0	0	0
IOMTU433_RS05125	hypothetical protein	NZ_AP014649.1	1073026	1072760	990	0.39653333333333346	0	0.5	0
IOMTU433_RS05130	hypothetical protein	NZ_AP014649.1	1073652	1073146	991	0.3648000000000001	0	0.5	0
IOMTU433_RS05135	hypothetical protein	NZ_AP014649.1	1074097	1073693	992	0.3342666666666668	0	0.5	0
IOMTU433_RS05140	hypothetical protein	NZ_AP014649.1	1074235	1074426	993	0.3024000000000001	0	0.5	0
IOMTU433_RS05145	integrase arm-type DNA-binding domain-containing protein	NZ_AP014649.1	1075640	1074423	994	0.2706666666666667	0	1.5	0
IOMTU433_RS05150	NADP-dependent isocitrate dehydrogenase	NZ_AP014649.1	1076028	1077284	995	0.24239999999999995	0	0	0
IOMTU433_RS05155	hypothetical protein	NZ_AP014649.1	1077876	1077385	996	0.21399999999999997	0	0.5	0
IOMTU433_RS05160	hypothetical protein	NZ_AP014649.1	1078287	1077877	997	0.18486666666666665	0	0.5	0
IOMTU433_RS20510	hypothetical protein	NZ_AP014649.1	1078639	1078514	998	0.15519999999999995	0	0.5	0
IOMTU433_RS05165	YbfB/YjiJ family MFS transporter	NZ_AP014649.1	1079796	1078636	999	0.13039999999999996	0	0.5	0
IOMTU433_RS05170	LysR family transcriptional regulator	NZ_AP014649.1	1079911	1080792	1000	0.10619999999999997	0	0	0
IOMTU433_RS05175	L-cystine transporter	NZ_AP014649.1	1080990	1082384	1001	0.08459999999999997	0	0	0
IOMTU433_RS05180	PhzF family phenazine biosynthesis protein	NZ_AP014649.1	1082533	1083348	1002	0.063	0	0	0
IOMTU433_RS05185	insulinase family protein	NZ_AP014649.1	1083471	1086233	1003	0.0436	0	0	0
IOMTU433_RS05190	DUF3144 domain-containing protein	NZ_AP014649.1	1086674	1086291	1004	0.029866666666666666	0	0	0
IOMTU433_RS05195	hypothetical protein	NZ_AP014649.1	1086778	1087410	1005	0.022333333333333334	0	0.5	0
IOMTU433_RS05200	CYTH and CHAD domain-containing protein	NZ_AP014649.1	1088909	1087446	1006	0.015333333333333334	0	0	0
IOMTU433_RS05205	DUF962 domain-containing protein	NZ_AP014649.1	1089075	1089458	1007	0.010866666666666667	0	0	0
IOMTU433_RS05210	thiamine phosphate synthase	NZ_AP014649.1	1089575	1090186	1008	0.004600000000000001	0	0	0
IOMTU433_RS05215	glutamate-1-semialdehyde 2,1-aminomutase	NZ_AP014649.1	1090229	1091527	1009	0.002866666666666667	0	0	0
IOMTU433_RS05220	isochorismatase	NZ_AP014649.1	1091589	1092293	1010	0.0004	0	0	0
IOMTU433_RS05225	RluA family pseudouridine synthase	NZ_AP014649.1	1092426	1093064	1011	0.0004	0	0	0
IOMTU433_RS05230	RNA polymerase-associated protein RapA	NZ_AP014649.1	1093209	1096046	1012	0.0004	0	0	0
IOMTU433_RS05235	AI-2E family transporter	NZ_AP014649.1	1097119	1096103	1013	0.0003333333333333333	0	0	0
IOMTU433_RS05240	HTH-type transcriptional repressor FabR	NZ_AP014649.1	1097981	1097286	1014	0.0002666666666666667	0	0	0
IOMTU433_RS05245	ferredoxin reductase	NZ_AP014649.1	1098122	1099192	1015	0.0002	0	0	0
IOMTU433_RS05250	acyl-CoA desaturase	NZ_AP014649.1	1099205	1100299	1016	0.0002	0	0	0
IOMTU433_RS05255	NAD(P)H-dependent oxidoreductase	NZ_AP014649.1	1100941	1100366	1017	0.0002	0	0	0
IOMTU433_RS05260	LysR family transcriptional regulator	NZ_AP014649.1	1101061	1101957	1018	0.0002	0	0	0
IOMTU433_RS05265	SIMPL domain-containing protein	NZ_AP014649.1	1102776	1102075	1019	0.0002	0	0	0
IOMTU433_RS05270	diaminobutyrate--2-oxoglutarate transaminase	NZ_AP014649.1	1103244	1104617	1020	0.0002	0	0	0
IOMTU433_RS05275	aspartate aminotransferase family protein	NZ_AP014649.1	1104620	1106152	1021	0.0002	0	0	0
IOMTU433_RS05280	aldehyde dehydrogenase family protein	NZ_AP014649.1	1106429	1107859	1022	0.0002	0	0	0
IOMTU433_RS05285	Lrp/AsnC family transcriptional regulator	NZ_AP014649.1	1108416	1107931	1023	0.0002666666666666667	0	0	0
IOMTU433_RS05290	alpha-keto acid decarboxylase family protein	NZ_AP014649.1	1108551	1110272	1024	0.0002666666666666667	0	0	0
IOMTU433_RS05295	amino acid permease	NZ_AP014649.1	1110413	1111792	1025	0.0002666666666666667	0	0	0
IOMTU433_RS05300	substrate-binding domain-containing protein	NZ_AP014649.1	1112248	1113279	1026	0.0002666666666666667	0	0	0
IOMTU433_RS05305	phosphate ABC transporter permease subunit PstC	NZ_AP014649.1	1113380	1114759	1027	0.0002	0	0	0
IOMTU433_RS05310	phosphate ABC transporter permease PstA	NZ_AP014649.1	1114756	1116153	1028	0.0002	0	0	0
IOMTU433_RS05315	phosphate ABC transporter ATP-binding protein	NZ_AP014649.1	1116167	1117069	1029	0.0002	0	0	0
IOMTU433_RS05320	protease SohB	NZ_AP014649.1	1117217	1118179	1030	0.0002	0	0	0
IOMTU433_RS05325	BapA prefix-like domain-containing protein	NZ_AP014649.1	1118455	1120641	1031	0.0002	0	0	0
IOMTU433_RS05330	DUF2238 domain-containing protein	NZ_AP014649.1	1121332	1120691	1032	0.0002	0	0	0
IOMTU433_RS05335	adenylosuccinate lyase	NZ_AP014649.1	1122803	1121415	1033	0.0002	0	0	0
IOMTU433_RS05340	high frequency lysogenization protein HflD	NZ_AP014649.1	1123592	1122858	1034	0.0002	0	0	0
IOMTU433_RS05345	tRNA 2-thiouridine(34) synthase MnmA	NZ_AP014649.1	1124739	1123606	1035	0	0	0	0
IOMTU433_RS05350	NUDIX hydrolase	NZ_AP014649.1	1125232	1124744	1036	0.0002	0	0	0
IOMTU433_RS05355	gamma carbonic anhydrase family protein	NZ_AP014649.1	1125897	1125352	1037	0.0002	0	0	0
IOMTU433_RS05360	D-alanyl-D-alanine carboxypeptidase PBP5/6	NZ_AP014649.1	1127145	1125997	1038	0.0002	0	0	0
IOMTU433_RS05365	hypothetical protein	NZ_AP014649.1	1127694	1127272	1039	0.0002	0	0.5	0
IOMTU433_RS05370	hypothetical protein	NZ_AP014649.1	1128213	1127842	1040	0.0002	0	0.5	0
IOMTU433_RS05375	5'/3'-nucleotidase SurE	NZ_AP014649.1	1128316	1129083	1041	0.0002	0	0	0
IOMTU433_RS05380	peptidoglycan DD-metalloendopeptidase family protein	NZ_AP014649.1	1129198	1130028	1042	0.0002	0	0	0
IOMTU433_RS05385	LysR family transcriptional regulator	NZ_AP014649.1	1130130	1131059	1043	6.666666666666667e-05	0	0	0
IOMTU433_RS05390	ATP-binding protein	NZ_AP014649.1	1133735	1131117	1044	6.666666666666667e-05	0	0	0
IOMTU433_RS05395	MFS transporter	NZ_AP014649.1	1133902	1136091	1045	6.666666666666667e-05	0	0	0
IOMTU433_RS05400	lactoylglutathione lyase	NZ_AP014649.1	1136094	1136495	1046	6.666666666666667e-05	0	0	0
IOMTU433_RS05405	bile acid:sodium symporter	NZ_AP014649.1	1136629	1137600	1047	6.666666666666667e-05	0	0	0
IOMTU433_RS05410	50S ribosomal protein L31	NZ_AP014649.1	1137794	1138018	1048	0	0	0	0
IOMTU433_RS05415	EAL domain-containing protein	NZ_AP014649.1	1140187	1138079	1049	6.666666666666667e-05	0	0	0
IOMTU433_RS05420	hypothetical protein	NZ_AP014649.1	1141929	1140184	1050	6.666666666666667e-05	0	0.5	0
IOMTU433_RS05425	EF-P beta-lysylation protein EpmB	NZ_AP014649.1	1142961	1141945	1051	6.666666666666667e-05	0	0	0
IOMTU433_RS05430	elongation factor P	NZ_AP014649.1	1143035	1143604	1052	6.666666666666667e-05	0	0	0
IOMTU433_RS05435	carbon starvation protein A	NZ_AP014649.1	1143771	1145867	1053	0.0	0	0	0
IOMTU433_RS05440	YbdD/YjiX family protein	NZ_AP014649.1	1145870	1146172	1054	0.0	0	0.5	0
IOMTU433_RS05450	M10 family metallopeptidase C-terminal domain-containing protein	NZ_AP014649.1	1146680	1149976	1055	0.0	0	0	0
IOMTU433_RS05455	PaaX family transcriptional regulator	NZ_AP014649.1	1150209	1151075	1056	0.0	0	0	0
IOMTU433_RS05460	SDR family oxidoreductase	NZ_AP014649.1	1151105	1151989	1057	0.0	0	0	0
IOMTU433_RS05465	fatty acid desaturase family protein	NZ_AP014649.1	1152228	1153247	1058	0.0	0	0	0
IOMTU433_RS05470	fatty acid desaturase family protein	NZ_AP014649.1	1153247	1154239	1059	0.0	0	0	0
IOMTU433_RS05475	metal-dependent hydrolase	NZ_AP014649.1	1154282	1155112	1060	0.0	0	0	0
IOMTU433_RS05480	hydrolase	NZ_AP014649.1	1155854	1155174	1061	0.0	0	0	0
IOMTU433_RS05485	LysR family transcriptional regulator	NZ_AP014649.1	1156037	1156957	1062	0.0	0	0	0
IOMTU433_RS05490	trypsin-like serine protease	NZ_AP014649.1	1157204	1158127	1063	0.0	0	0	0
IOMTU433_RS05495	NAD(P)/FAD-dependent oxidoreductase	NZ_AP014649.1	1159702	1158197	1064	0.0	0	0	0
IOMTU433_RS05500	alpha/beta hydrolase	NZ_AP014649.1	1160678	1159758	1065	0.0	0	0	0
IOMTU433_RS05505	metal-dependent hydrolase	NZ_AP014649.1	1161634	1160687	1066	0.0	0	0	0
IOMTU433_RS05510	SDR family oxidoreductase	NZ_AP014649.1	1162697	1161657	1067	0.0	0	0	0
IOMTU433_RS05515	AraC family transcriptional regulator	NZ_AP014649.1	1162862	1163881	1068	0.0	0	0	0
IOMTU433_RS05520	NADP-dependent oxidoreductase	NZ_AP014649.1	1165279	1164278	1069	0.0	0	0	0
IOMTU433_RS05525	SDR family NAD(P)-dependent oxidoreductase	NZ_AP014649.1	1166281	1165316	1070	0.0	0	0	0
IOMTU433_RS05530	AraC family transcriptional regulator	NZ_AP014649.1	1166392	1167300	1071	0.0	0	0	0
IOMTU433_RS05535	molybdenum cofactor biosysnthesis protein MoeA	NZ_AP014649.1	1167384	1168787	1072	0.0	0	0	0
IOMTU433_RS05540	TetR/AcrR family transcriptional regulator	NZ_AP014649.1	1169490	1170041	1073	0.0	0	0	0
IOMTU433_RS20735	hypothetical protein	NZ_AP014649.1	1170217	1170456	1074	0.0	0	0.5	0
IOMTU433_RS05545	pirin family protein	NZ_AP014649.1	1171176	1170490	1075	0.0	0	0	0
IOMTU433_RS05550	threo-3-hydroxy-L-aspartate ammonia-lyase	NZ_AP014649.1	1172388	1171420	1076	0.0	0	0	0
IOMTU433_RS05555	PAS domain-containing protein	NZ_AP014649.1	1172641	1173264	1077	0.0	0	0	0
IOMTU433_RS05560	acinetobactin utilization protein BauF	NZ_AP014649.1	1174121	1173261	1078	0.0	0	0	0
IOMTU433_RS05565	acinetobactin non-ribosomal peptide synthetase subunit BasA	NZ_AP014649.1	1174514	1176361	1079	0.0	0	0	0
IOMTU433_RS05570	acinetobactin non-ribosomal peptide synthetase subunit BasB	NZ_AP014649.1	1178462	1176432	1080	0.0	0	0	0
IOMTU433_RS05575	ferric acinetobactin ABC transporter permease subunit BauD	NZ_AP014649.1	1179051	1180034	1081	0.0	0	0	0
IOMTU433_RS05580	ferric acinetobactin ABC transporter permease subunit BauC	NZ_AP014649.1	1180034	1180981	1082	0.0	0	0	0
IOMTU433_RS05585	ferric acinetobactin ABC transporter ATP-binding protein BauE	NZ_AP014649.1	1180978	1181748	1083	0.0	0	0	0
IOMTU433_RS05590	siderophore-binding periplasmic lipoprotein BauB	NZ_AP014649.1	1181755	1182723	1084	0.0	0	0	0
IOMTU433_RS05595	TonB-dependent siderophore receptor BauA	NZ_AP014649.1	1182809	1185091	1085	0.0	0	0	0
IOMTU433_RS05600	putative histamine N-monooxygenase	NZ_AP014649.1	1186468	1185158	1086	0.0	0	0	0
IOMTU433_RS05605	acinetobactin non-ribosomal peptide synthetase subunit BasD	NZ_AP014649.1	1189383	1186516	1087	0.0	0	0	0
IOMTU433_RS05610	(2,3-dihydroxybenzoyl)adenylate synthase BasE	NZ_AP014649.1	1189620	1191248	1088	0.0	0	0	0
IOMTU433_RS05615	acinetobactin biosynthesis bifunctional isochorismatase/aryl carrier protein BasF	NZ_AP014649.1	1191266	1192135	1089	0.0	0	0	0
IOMTU433_RS05620	acinetobactin biosynthesis histidine decarboxylase BasG	NZ_AP014649.1	1192252	1193403	1090	0.0	0	0	0
IOMTU433_RS05630	acinetobactin export ABC transporter permease/ATP-binding subunit BarA	NZ_AP014649.1	1193676	1195259	1091	0.0	0	0	0
IOMTU433_RS05635	acinetobactin export ABC transporter permease/ATP-binding subunit BarB	NZ_AP014649.1	1195256	1196851	1092	0.0	0	0	0
IOMTU433_RS05640	acinetobactin biosynthesis thioesterase BasH	NZ_AP014649.1	1196923	1197657	1093	0.0	0	0	0
IOMTU433_RS05645	acinetobactin biosynthesis phosphopantetheinyl transferase BasI	NZ_AP014649.1	1197668	1198423	1094	0.0	0	0	0
IOMTU433_RS05650	acinetobactin biosynthesis isochorismate synthase BasJ	NZ_AP014649.1	1198548	1199717	1095	0.0	0	0	0
IOMTU433_RS05655	L,D-transpeptidase	NZ_AP014649.1	1201086	1199839	1096	0.0004	0	0	0
IOMTU433_RS05660	uroporphyrinogen decarboxylase	NZ_AP014649.1	1201386	1202459	1097	0.0004	0	0	0
IOMTU433_RS05665	DUF817 family protein	NZ_AP014649.1	1202466	1203260	1098	0.0004	0	0	0
IOMTU433_RS05670	DUF3015 family protein	NZ_AP014649.1	1203406	1203876	1099	0.0004	0	0	0
IOMTU433_RS05675	DUF4105 domain-containing protein	NZ_AP014649.1	1203938	1205830	1100	0.0004	0	0	0
IOMTU433_RS05680	class C extended-spectrum beta-lactamase ADC-26	NZ_AP014649.1	1207047	1205896	1101	0.0004	0	0	0
IOMTU433_RS05685	GTP cyclohydrolase I FolE	NZ_AP014649.1	1207757	1207209	1102	0.0004	0	0	0
IOMTU433_RS05690	xanthine dehydrogenase small subunit	NZ_AP014649.1	1208020	1209519	1103	0.0004	0	0	0
IOMTU433_RS05695	xanthine dehydrogenase molybdopterin binding subunit	NZ_AP014649.1	1209521	1211896	1104	0.0004	0	0	0
IOMTU433_RS05700	xanthine dehydrogenase accessory protein XdhC	NZ_AP014649.1	1211903	1212886	1105	0.0004	0	0	0
IOMTU433_RS05705	Smr/MutS family protein	NZ_AP014649.1	1213592	1212897	1106	0.0004	0	0	0
IOMTU433_RS05710	indole-3-glycerol phosphate synthase TrpC	NZ_AP014649.1	1214408	1213602	1107	0.0004	0	0	0
IOMTU433_RS05715	anthranilate phosphoribosyltransferase	NZ_AP014649.1	1215467	1214418	1108	0.0004	0	0	0
IOMTU433_RS05720	TonB-dependent receptor	NZ_AP014649.1	1215822	1218554	1109	0.0004	0	0	0
IOMTU433_RS05725	M1 family metallopeptidase	NZ_AP014649.1	1218562	1221333	1110	0.0004	0	0	0
IOMTU433_RS05730	aminodeoxychorismate/anthranilate synthase component II	NZ_AP014649.1	1222013	1221429	1111	0.0004	0	0	0
IOMTU433_RS05735	aminopeptidase P family protein	NZ_AP014649.1	1224112	1222310	1112	0.0004	0	0	0
IOMTU433_RS05740	peptide MFS transporter	NZ_AP014649.1	1225650	1224109	1113	0.0004	0	0	0
IOMTU433_RS05745	type I glutamate--ammonia ligase	NZ_AP014649.1	1226385	1227800	1114	0.0004	0	0	0
IOMTU433_RS05750	chorismate lyase	NZ_AP014649.1	1227926	1228435	1115	0.0004	0	0	0
IOMTU433_RS05755	4-hydroxybenzoate octaprenyltransferase	NZ_AP014649.1	1228432	1229310	1116	0.0004	0	0	0
IOMTU433_RS05760	alpha/beta hydrolase	NZ_AP014649.1	1229421	1230728	1117	0.0004	0	0	0
IOMTU433_RS05765	hypothetical protein	NZ_AP014649.1	1230835	1231035	1118	0.0004	0	0.5	0
IOMTU433_RS05770	DUF2726 domain-containing protein	NZ_AP014649.1	1231488	1231045	1119	0.0004	0	0	0
IOMTU433_RS05790	superoxide dismutase	NZ_AP014649.1	1232735	1232109	1120	0.00046666666666666666	0	0	0
IOMTU433_RS05795	Nif3-like dinuclear metal center hexameric protein	NZ_AP014649.1	1233639	1232881	1121	0.00046666666666666666	0	0	0
IOMTU433_RS05800	trypsin-like peptidase domain-containing protein	NZ_AP014649.1	1233833	1235008	1122	0.00046666666666666666	0	0	0
IOMTU433_RS05805	multifunctional CCA addition/repair protein	NZ_AP014649.1	1236296	1235058	1123	0.00046666666666666666	0	0	0
IOMTU433_RS05810	NADP-dependent malic enzyme	NZ_AP014649.1	1238658	1236388	1124	0.00046666666666666666	0	0	0
IOMTU433_RS05815	EAL domain-containing protein	NZ_AP014649.1	1241744	1238895	1125	0.0005333333333333334	0	0	0
IOMTU433_RS05820	16S rRNA (uracil(1498)-N(3))-methyltransferase	NZ_AP014649.1	1242601	1241879	1126	0.00013333333333333334	0	0	0
IOMTU433_RS05825	methylenetetrahydrofolate reductase [NAD(P)H]	NZ_AP014649.1	1243456	1242620	1127	0.00013333333333333334	0	0	0
IOMTU433_RS05830	adenosylhomocysteinase	NZ_AP014649.1	1244910	1243528	1128	0.00013333333333333334	0	0	0
IOMTU433_RS05835	hypothetical protein	NZ_AP014649.1	1245132	1245668	1129	0.00013333333333333334	0	0.5	0
IOMTU433_RS05840	carboxymuconolactone decarboxylase family protein	NZ_AP014649.1	1246090	1245707	1130	0.00013333333333333334	0	0	0
IOMTU433_RS05845	acyl-CoA dehydrogenase	NZ_AP014649.1	1248659	1246194	1131	0.00013333333333333334	0	0	0
IOMTU433_RS05850	lipoyl synthase	NZ_AP014649.1	1249956	1248943	1132	0.0002	0	0	0
IOMTU433_RS05855	Si-specific NAD(P)(+) transhydrogenase	NZ_AP014649.1	1250153	1251565	1133	0.0002	0	0	0
IOMTU433_RS05865	MFS transporter	NZ_AP014649.1	1253023	1251809	1134	0.0002	0	0	0
IOMTU433_RS05870	MFS transporter	NZ_AP014649.1	1254544	1253198	1135	0.0003333333333333333	0	0	0
IOMTU433_RS05875	OmpW family protein	NZ_AP014649.1	1256084	1254960	1136	0.00046666666666666666	0	0	0
IOMTU433_RS05880	type I methionyl aminopeptidase	NZ_AP014649.1	1257116	1256289	1137	0.0006000000000000001	0	0	0
IOMTU433_RS05885	30S ribosomal protein S2	NZ_AP014649.1	1257326	1258078	1138	0	0	0	0
IOMTU433_RS05890	elongation factor Ts	NZ_AP014649.1	1258216	1259091	1139	0.0007333333333333334	0	0	0
IOMTU433_RS05895	DUF3465 domain-containing protein	NZ_AP014649.1	1259157	1259642	1140	0.0008	0	0	0
IOMTU433_RS05900	AraC family transcriptional regulator	NZ_AP014649.1	1259741	1260565	1141	0.0008	0	0	0
IOMTU433_RS05905	AzlC family ABC transporter permease	NZ_AP014649.1	1260660	1261376	1142	0.0008	0	0	0
IOMTU433_RS05910	AzlD domain-containing protein	NZ_AP014649.1	1261378	1261695	1143	0.0008	0	0	0
IOMTU433_RS05915	DUF962 domain-containing protein	NZ_AP014649.1	1262188	1261736	1144	0.0008	0	0	0
IOMTU433_RS05920	septal ring lytic transglycosylase RlpA family protein	NZ_AP014649.1	1263363	1262746	1145	0.0008	0	0	0
IOMTU433_RS05925	lytic murein transglycosylase B	NZ_AP014649.1	1264655	1263654	1146	0.0008	0	0	0
IOMTU433_RS05930	rod shape-determining protein RodA	NZ_AP014649.1	1265817	1264675	1147	0.0008	0	0	0
IOMTU433_RS05935	hypothetical protein	NZ_AP014649.1	1266596	1265946	1148	0.0008	0	0.5	0
IOMTU433_RS05940	NADPH-dependent 7-cyano-7-deazaguanine reductase QueF	NZ_AP014649.1	1267432	1266620	1149	0.0008	0	0	0
IOMTU433_RS05945	ABC transporter permease	NZ_AP014649.1	1268202	1267429	1150	0.0007333333333333333	0	0	0
IOMTU433_RS05950	ABC transporter ATP-binding protein	NZ_AP014649.1	1269134	1268199	1151	0.0008666666666666666	0	0	0
IOMTU433_RS05960	hypothetical protein	NZ_AP014649.1	1270063	1269428	1152	0.0008666666666666666	0	0.5	0
IOMTU433_RS05965	DUF3820 family protein	NZ_AP014649.1	1270894	1270208	1153	0.0008666666666666666	0	0	0
IOMTU433_RS05970	alpha/beta fold hydrolase	NZ_AP014649.1	1271144	1272373	1154	0.0008666666666666666	0	0	0
IOMTU433_RS05975	serine hydroxymethyltransferase	NZ_AP014649.1	1272619	1273872	1155	0.0008000000000000001	0	0	0
IOMTU433_RS05980	multidrug efflux RND transporter outer membrane subunit AdeH	NZ_AP014649.1	1275361	1273913	1156	0.0008000000000000001	0	0	0
IOMTU433_RS05985	multidrug efflux RND transporter permease subunit AdeG	NZ_AP014649.1	1278553	1275374	1157	0.0008000000000000001	0	0	0
IOMTU433_RS05990	multidrug efflux RND transporter periplasmic adaptor subunit AdeF	NZ_AP014649.1	1279780	1278560	1158	0.0008000000000000001	0	0	0
IOMTU433_RS05995	multidrug efflux transcriptional repressor AdeL	NZ_AP014649.1	1279978	1281009	1159	0.0008000000000000001	0	0	0
IOMTU433_RS06000	ABC transporter substrate-binding protein	NZ_AP014649.1	1281184	1281969	1160	0.0008000000000000001	0	0	0
IOMTU433_RS06005	histidine ABC transporter permease HisQ	NZ_AP014649.1	1282061	1282750	1161	0.0008000000000000001	0	0	0
IOMTU433_RS06010	ABC transporter permease	NZ_AP014649.1	1282747	1283460	1162	0.0007333333333333334	0	0	0
IOMTU433_RS06015	ATP-binding cassette domain-containing protein	NZ_AP014649.1	1283470	1284246	1163	0.0007333333333333334	0	0	0
IOMTU433_RS06020	multidrug efflux SMR transporter AbeS	NZ_AP014649.1	1284646	1284317	1164	0.0007333333333333334	0	0	0
IOMTU433_RS06025	YfhL family 4Fe-4S dicluster ferredoxin	NZ_AP014649.1	1285146	1284883	1165	0.0006000000000000001	0	0.5	0
IOMTU433_RS06030	tRNA 5-hydroxyuridine modification protein YegQ	NZ_AP014649.1	1286519	1285149	1166	0.00046666666666666666	0	0	0
IOMTU433_RS06035	PLP-dependent aminotransferase family protein	NZ_AP014649.1	1288041	1286605	1167	0.0003333333333333333	0	0	0
IOMTU433_RS06040	PhzF family phenazine biosynthesis protein	NZ_AP014649.1	1288271	1289140	1168	0.0002	0	0	0
IOMTU433_RS06045	ferredoxin--NADP reductase	NZ_AP014649.1	1289974	1289195	1169	0.0002	0	0	0
IOMTU433_RS06050	tRNA (N6-threonylcarbamoyladenosine(37)-N6)-methyltransferase TrmO	NZ_AP014649.1	1290079	1290807	1170	0.00013333333333333334	0	0	0
IOMTU433_RS06055	MgtC/SapB family protein	NZ_AP014649.1	1292085	1290817	1171	0.00013333333333333334	0	0	0
IOMTU433_RS06060	Flp pilus assembly complex ATPase component TadA	NZ_AP014649.1	1292372	1294129	1172	0.00013333333333333334	0	0	0
IOMTU433_RS06065	NirD/YgiW/YdeI family stress tolerance protein	NZ_AP014649.1	1294211	1294570	1173	0.00013333333333333334	0	0	0
IOMTU433_RS06070	response regulator transcription factor	NZ_AP014649.1	1294678	1295340	1174	0.00013333333333333334	0	0	0
IOMTU433_RS06075	GHKL domain-containing protein	NZ_AP014649.1	1295337	1296695	1175	0.00013333333333333334	0	0	0
IOMTU433_RS06080	hemin uptake protein HemP	NZ_AP014649.1	1296931	1296761	1176	0.00013333333333333334	0	0	0
IOMTU433_RS06085	thiamine phosphate synthase	NZ_AP014649.1	1297068	1297967	1177	0.0002	0	0	0
IOMTU433_RS06090	tetratricopeptide repeat protein	NZ_AP014649.1	1298540	1297989	1178	0.0002	0	0	0
IOMTU433_RS06095	penicillin-binding protein 1B	NZ_AP014649.1	1300957	1298561	1179	0.0002	0	0	0
IOMTU433_RS06100	NAD(+) kinase	NZ_AP014649.1	1301143	1302051	1180	0.0002	0	0	0
IOMTU433_RS06105	YeaC family protein	NZ_AP014649.1	1302048	1302320	1181	6.666666666666667e-05	0	0.5	0
IOMTU433_RS06110	glycosyl transferase family protein	NZ_AP014649.1	1303535	1302522	1182	6.666666666666667e-05	0	0	0
IOMTU433_RS06115	dicarboxylate/amino acid:cation symporter	NZ_AP014649.1	1304034	1305392	1183	6.666666666666667e-05	0	0	0
IOMTU433_RS06120	acyl-CoA dehydrogenase family protein	NZ_AP014649.1	1305554	1306699	1184	6.666666666666667e-05	0	0	0
IOMTU433_RS06125	alpha/beta hydrolase	NZ_AP014649.1	1307687	1306743	1185	6.666666666666667e-05	0	0	0
IOMTU433_RS06130	prephenate dehydratase	NZ_AP014649.1	1307873	1308982	1186	0.00013333333333333334	0	0	0
IOMTU433_RS06135	bifunctional prephenate dehydrogenase/3-phosphoshikimate 1-carboxyvinyltransferase	NZ_AP014649.1	1309091	1311337	1187	0.0002666666666666667	0	0	0
IOMTU433_RS06140	hypothetical protein	NZ_AP014649.1	1311465	1311848	1188	0.0006000000000000001	0	0.5	0
IOMTU433_RS06145	aminoacyl-histidine dipeptidase	NZ_AP014649.1	1312019	1313479	1189	0.0006000000000000001	0	0	0
IOMTU433_RS06150	ribonuclease Z	NZ_AP014649.1	1314529	1313573	1190	0.0006000000000000001	0	0	0
IOMTU433_RS06155	hydrolase	NZ_AP014649.1	1315360	1314728	1191	0.0009333333333333334	0	0	0
IOMTU433_RS06160	peroxide stress protein YaaA	NZ_AP014649.1	1315487	1316260	1192	0.0009333333333333334	0	0	0
IOMTU433_RS06165	metal-dependent hydrolase	NZ_AP014649.1	1316280	1316903	1193	0.0009333333333333334	0	0	0
IOMTU433_RS06170	thiazole synthase	NZ_AP014649.1	1317825	1317040	1194	0.0010000000000000002	0	0	0
IOMTU433_RS06175	sulfur carrier protein ThiS	NZ_AP014649.1	1318036	1317839	1195	0.0010000000000000002	0	0	0
IOMTU433_RS06180	DUF423 domain-containing protein	NZ_AP014649.1	1318415	1318050	1196	0.0011333333333333334	0	0	0
IOMTU433_RS06185	RNA polymerase sigma factor RpoH	NZ_AP014649.1	1319393	1318527	1197	0.0012000000000000001	0	0	0
IOMTU433_RS06190	sulfurtransferase TusA family protein	NZ_AP014649.1	1319772	1319527	1198	0.0012666666666666668	0	0	0
IOMTU433_RS06195	cold-shock protein	NZ_AP014649.1	1320147	1320359	1199	0.0013333333333333335	0	0	0
IOMTU433_RS06200	ATP-dependent RNA helicase RhlB	NZ_AP014649.1	1320463	1321614	1200	0.0014000000000000004	0	0	0
IOMTU433_RS06205	hypothetical protein	NZ_AP014649.1	1322033	1321653	1201	0.0025333333333333336	0	0.5	0
IOMTU433_RS06210	nitroreductase	NZ_AP014649.1	1322237	1322812	1202	0.006533333333333334	0	0	0
IOMTU433_RS06215	NAD(P)H-dependent glycerol-3-phosphate dehydrogenase	NZ_AP014649.1	1322847	1323920	1203	0.010733333333333334	0	0	0
IOMTU433_RS06220	histidine phosphatase family protein	NZ_AP014649.1	1323977	1324432	1204	0.014933333333333333	0	0	0
IOMTU433_RS06225	general secretion pathway protein GspL	NZ_AP014649.1	1324455	1325594	1205	0.019666666666666666	0	0	0
IOMTU433_RS06230	type II secretion system protein M	NZ_AP014649.1	1325594	1326073	1206	0.022866666666666664	0	0	0
IOMTU433_RS06235	quinone-dependent dihydroorotate dehydrogenase	NZ_AP014649.1	1326163	1327167	1207	0.0232	0	0	0
IOMTU433_RS06240	CvpA family protein	NZ_AP014649.1	1327174	1327761	1208	0.023266666666666665	0	0	0
IOMTU433_RS06245	amidophosphoribosyltransferase	NZ_AP014649.1	1327787	1329328	1209	0.023266666666666665	0	0	0
IOMTU433_RS06250	M48 family metalloprotease	NZ_AP014649.1	1329407	1331296	1210	0.023266666666666665	0	0	0
IOMTU433_RS06255	hypothetical protein	NZ_AP014649.1	1331397	1332047	1211	0.023266666666666665	0	0.5	0
IOMTU433_RS06260	D-glycerate dehydrogenase	NZ_AP014649.1	1332059	1333024	1212	0.023399999999999997	0	0	0
IOMTU433_RS06265	M48 family metalloprotease	NZ_AP014649.1	1333171	1334598	1213	0.023733333333333332	0	0	0
IOMTU433_RS06270	GatB/YqeY domain-containing protein	NZ_AP014649.1	1335135	1334689	1214	0.024133333333333333	0	0	0
IOMTU433_RS06275	30S ribosomal protein S21	NZ_AP014649.1	1335377	1335162	1215	0	0	0	0
IOMTU433_RS06280	tRNA (adenosine(37)-N6)-threonylcarbamoyltransferase complex transferase subunit TsaD	NZ_AP014649.1	1335523	1336533	1216	0.025333333333333333	0	0	0
IOMTU433_RS06285	hypothetical protein	NZ_AP014649.1	1337639	1336536	1217	0.026533333333333336	0	0.5	0
IOMTU433_RS06290	ATP-binding protein	NZ_AP014649.1	1338624	1337743	1218	0.028333333333333335	0	0	0
IOMTU433_RS06295	DUF3336 domain-containing protein	NZ_AP014649.1	1338803	1340311	1219	0.030066666666666672	0	0	0
IOMTU433_RS06300	protein kinase	NZ_AP014649.1	1340298	1341101	1220	0.03200000000000001	0	0	0
IOMTU433_RS06325	ShlB/FhaC/HecB family hemolysin secretion/activation protein	NZ_AP014649.1	1341875	1343632	1221	0.03380000000000001	0	0	0
IOMTU433_RS06330	hemagglutinin repeat-containing protein	NZ_AP014649.1	1343696	1354725	1222	0.037133333333333345	0	0	0
IOMTU433_RS06335	hypothetical protein	NZ_AP014649.1	1355688	1356014	1223	0.04073333333333335	0	0.5	0
IOMTU433_RS20740	hypothetical protein	NZ_AP014649.1	1356292	1356687	1224	0.04226666666666668	0	0.5	0
IOMTU433_RS06345	hypothetical protein	NZ_AP014649.1	1357046	1357645	1225	0.04253333333333335	0	0.5	0
IOMTU433_RS06350	hypothetical protein	NZ_AP014649.1	1357942	1358496	1226	0.043200000000000016	0	0.5	0
IOMTU433_RS06355	hypothetical protein	NZ_AP014649.1	1358777	1358956	1227	0.044066666666666685	0	0.5	0
IOMTU433_RS06360	hypothetical protein	NZ_AP014649.1	1359209	1360117	1228	0.04580000000000002	0	0.5	0
IOMTU433_RS06365	hypothetical protein	NZ_AP014649.1	1360457	1360786	1229	0.04620000000000002	0	0.5	0
IOMTU433_RS06370	hypothetical protein	NZ_AP014649.1	1360920	1361606	1230	0.04620000000000002	0	0.5	0
IOMTU433_RS06375	hypothetical protein	NZ_AP014649.1	1361740	1362261	1231	0.04546666666666668	0	0.5	0
IOMTU433_RS06380	hypothetical protein	NZ_AP014649.1	1362463	1362861	1232	0.04146666666666668	0	0.5	0
IOMTU433_RS06385	hypothetical protein	NZ_AP014649.1	1363173	1363556	1233	0.03726666666666668	0	0.5	0
IOMTU433_RS06390	TetR/AcrR family transcriptional regulator; helix-turn-helix transcriptional regulator	NZ_AP014649.1	1364173	1364736	1234	0.033066666666666675	0	1	0
IOMTU433_RS06395	LysR family transcriptional regulator	NZ_AP014649.1	1365705	1364788	1235	0.02833333333333334	0	0	0
IOMTU433_RS06400	aspartate aminotransferase family protein	NZ_AP014649.1	1365803	1367185	1236	0.02513333333333334	0	0	0
IOMTU433_RS06405	CoA-acylating methylmalonate-semialdehyde dehydrogenase	NZ_AP014649.1	1367296	1368864	1237	0.02473333333333334	0	0	0
IOMTU433_RS06410	amino acid permease	NZ_AP014649.1	1368967	1370364	1238	0.024666666666666674	0	0	0
IOMTU433_RS06415	DUF2171 domain-containing protein	NZ_AP014649.1	1370745	1370512	1239	0.024666666666666674	0	0	0
IOMTU433_RS06420	acyl-CoA dehydrogenase	NZ_AP014649.1	1371044	1372018	1240	0.024666666666666674	0	0	0
IOMTU433_RS06425	PIG-L family deacetylase	NZ_AP014649.1	1372006	1372800	1241	0.024666666666666674	0	0	0
IOMTU433_RS06430	class I SAM-dependent methyltransferase	NZ_AP014649.1	1372775	1373374	1242	0.02453333333333334	0	0	0
IOMTU433_RS06435	glycosyltransferase	NZ_AP014649.1	1373371	1374015	1243	0.024200000000000006	0	0	0
IOMTU433_RS06440	NirD/YgiW/YdeI family stress tolerance protein	NZ_AP014649.1	1374302	1374664	1244	0.023800000000000005	0	0	0
IOMTU433_RS06445	BLUF domain-containing protein	NZ_AP014649.1	1374828	1375298	1245	0.023333333333333338	0	0	0
IOMTU433_RS06450	hypothetical protein	NZ_AP014649.1	1375621	1375295	1246	0.02253333333333334	0	0.5	0
IOMTU433_RS06455	LysE family translocator	NZ_AP014649.1	1376786	1376181	1247	0.0212	0	0	0
IOMTU433_RS06460	AraC family transcriptional regulator	NZ_AP014649.1	1377673	1376837	1248	0.019133333333333336	0	0	0
IOMTU433_RS06465	alpha/beta hydrolase	NZ_AP014649.1	1378979	1377831	1249	0.017400000000000002	0	0	0
IOMTU433_RS06470	sodium/glutamate symporter	NZ_AP014649.1	1379340	1380575	1250	0.015466666666666668	0	0	0
IOMTU433_RS06475	ATP-binding protein	NZ_AP014649.1	1381530	1380628	1251	0.013333333333333336	0	0	0
IOMTU433_RS06480	FadR family transcriptional regulator	NZ_AP014649.1	1381627	1382325	1252	0.010000000000000002	0	0	0
IOMTU433_RS06485	hypothetical protein	NZ_AP014649.1	1382353	1382544	1253	0.006400000000000001	0	0.5	0
IOMTU433_RS06490	TetR/AcrR family transcriptional regulator	NZ_AP014649.1	1383251	1382613	1254	0.0048000000000000004	0	0	0
IOMTU433_RS06495	Csu fimbrial major subunit CsuAB	NZ_AP014649.1	1383835	1384371	1255	0.004533333333333334	0	0	0
IOMTU433_RS06500	Csu fimbrial biogenesis protein CsuA	NZ_AP014649.1	1384446	1384994	1256	0.0038	0	0	0
IOMTU433_RS06505	Csu fimbrial biogenesis protein CsuB	NZ_AP014649.1	1385000	1385518	1257	0.002866666666666667	0	0	0
IOMTU433_RS06510	Csu fimbrial biogenesis chaperone CsuC	NZ_AP014649.1	1385512	1386345	1258	0.0010666666666666667	0	0	0
IOMTU433_RS06515	Csu fimbrial usher CsuD	NZ_AP014649.1	1386342	1388840	1259	0.0006000000000000001	0	0	0
IOMTU433_RS06520	Csu fimbrial tip adhesin CsuE	NZ_AP014649.1	1388837	1389856	1260	0.0005333333333333334	0	0	0
IOMTU433_RS20875	hypothetical protein	NZ_AP014649.1	1390147	1389914	1261	0.00013333333333333334	0	0.5	0
IOMTU433_RS06530	glycine betaine/L-proline transporter ProP	NZ_AP014649.1	1392064	1390577	1262	0.00013333333333333334	0	0	0
IOMTU433_RS06535	ADP-ribose pyrophosphatase	NZ_AP014649.1	1392577	1392455	1263	0.00013333333333333334	0	0	0
IOMTU433_RS06540	TetR/AcrR family transcriptional regulator	NZ_AP014649.1	1393216	1393770	1264	0.00013333333333333334	0	0	0
IOMTU433_RS06545	DMT family transporter	NZ_AP014649.1	1394005	1394907	1265	0.00013333333333333334	0	0	0
IOMTU433_RS06550	bifunctional aspartate transaminase/aspartate 4-decarboxylase	NZ_AP014649.1	1396556	1394958	1266	0.0002	0	0	0
IOMTU433_RS06555	aspartate-alanine antiporter	NZ_AP014649.1	1398298	1396613	1267	0.0002	0	0	0
IOMTU433_RS06560	tautomerase family protein	NZ_AP014649.1	1399107	1398898	1268	0.0002	0	0	0
IOMTU433_RS06565	paraquat-inducible protein A	NZ_AP014649.1	1399407	1400015	1269	0.0006000000000000001	0	0	0
IOMTU433_RS06570	paraquat-inducible protein A	NZ_AP014649.1	1400012	1400821	1270	0.0006000000000000001	0	0	0
IOMTU433_RS06575	MCE family protein	NZ_AP014649.1	1400829	1402496	1271	0.0006000000000000001	0	0	0
IOMTU433_RS06580	PqiC family protein	NZ_AP014649.1	1402486	1403193	1272	0.0006666666666666668	0	0	0
IOMTU433_RS06585	hydroxyisourate hydrolase	NZ_AP014649.1	1403653	1403252	1273	0.0006666666666666668	0	0	0
IOMTU433_RS06590	heme-binding protein	NZ_AP014649.1	1404131	1403664	1274	0.0008000000000000001	0	0	0
IOMTU433_RS06595	heavy metal response regulator transcription factor	NZ_AP014649.1	1404257	1404928	1275	0.0010666666666666667	0	0	0
IOMTU433_RS06600	heavy metal sensor histidine kinase	NZ_AP014649.1	1404925	1406328	1276	0.0010666666666666667	0	0	0
IOMTU433_RS06605	lipocalin family protein	NZ_AP014649.1	1406425	1406988	1277	0.0010666666666666667	0	0	0
IOMTU433_RS06610	acyl-CoA desaturase	NZ_AP014649.1	1407108	1408079	1278	0.001	0	0	0
IOMTU433_RS06615	FAD-dependent oxidoreductase	NZ_AP014649.1	1408076	1409338	1279	0.001	0	0	0
IOMTU433_RS06620	DUF1365 domain-containing protein	NZ_AP014649.1	1409360	1410151	1280	0.001	0	0	0
IOMTU433_RS06625	cyclopropane-fatty-acyl-phospholipid synthase family protein	NZ_AP014649.1	1410148	1411347	1281	0.001	0	0	0
IOMTU433_RS06630	DUF1295 domain-containing protein	NZ_AP014649.1	1411377	1412156	1282	0.001	0	0	0
IOMTU433_RS06635	cyclopropane-fatty-acyl-phospholipid synthase family protein	NZ_AP014649.1	1412165	1413211	1283	0.0013333333333333333	0	0	0
IOMTU433_RS06640	HAMP domain-containing histidine kinase	NZ_AP014649.1	1413244	1414572	1284	0.0016	0	0	0
IOMTU433_RS06645	response regulator transcription factor	NZ_AP014649.1	1415264	1414569	1285	0.0018	0	0	0
IOMTU433_RS06650	chalcone isomerase family protein	NZ_AP014649.1	1415776	1415282	1286	0.0019333333333333331	0	0	0
IOMTU433_RS06655	nuclear transport factor 2 family protein	NZ_AP014649.1	1416288	1415743	1287	0.0021333333333333334	0	0	0
IOMTU433_RS06660	GNAT family N-acetyltransferase	NZ_AP014649.1	1416976	1416470	1288	0.0021333333333333334	0	0	0
IOMTU433_RS06665	aspartate/glutamate racemase family protein	NZ_AP014649.1	1417114	1417842	1289	0.0022	0	0	0
IOMTU433_RS06670	aromatic amino acid DMT transporter YddG	NZ_AP014649.1	1418768	1417857	1290	0.0032	0	0	0
IOMTU433_RS06675	sorbosone dehydrogenase family protein	NZ_AP014649.1	1419119	1420486	1291	0.0042	0	0	0
IOMTU433_RS06680	GNAT family N-acetyltransferase	NZ_AP014649.1	1420514	1420966	1292	0.004733333333333334	0	0	0
IOMTU433_RS06685	MFS transporter	NZ_AP014649.1	1422226	1421024	1293	0.005333333333333333	0	0	0
IOMTU433_RS06690	TetR/AcrR family transcriptional regulator	NZ_AP014649.1	1422365	1422934	1294	0.0056	0	0	0
IOMTU433_RS06695	dicarboxylate/amino acid:cation symporter	NZ_AP014649.1	1423359	1424657	1295	0.006466666666666667	0	0	0
IOMTU433_RS06700	hypothetical protein	NZ_AP014649.1	1425096	1424893	1296	0.006666666666666667	0	0.5	0
IOMTU433_RS06705	hydroxyacylglutathione hydrolase	NZ_AP014649.1	1426184	1425453	1297	0.007200000000000001	0	0	0
IOMTU433_RS06710	ABC transporter permease	NZ_AP014649.1	1427038	1426343	1298	0.007600000000000001	0	0	0
IOMTU433_RS06715	methionine ABC transporter ATP-binding protein	NZ_AP014649.1	1428060	1427035	1299	0.0078000000000000005	0	0	0
IOMTU433_RS06720	NLPA lipoprotein	NZ_AP014649.1	1429002	1428136	1300	0.0078000000000000005	0	0	0
IOMTU433_RS06725	phosphoribosylamine--glycine ligase	NZ_AP014649.1	1430538	1429252	1301	0.0078000000000000005	0	0	0
IOMTU433_RS06730	bifunctional phosphoribosylaminoimidazolecarboxamide formyltransferase/IMP cyclohydrolase	NZ_AP014649.1	1432238	1430664	1302	0.007733333333333333	0	0	0
IOMTU433_RS06735	DNA-binding transcriptional regulator Fis	NZ_AP014649.1	1432597	1432328	1303	0.007733333333333333	0	0	0
IOMTU433_RS06740	zinc-ribbon and DUF3426 domain-containing protein	NZ_AP014649.1	1433816	1432974	1304	0.007666666666666667	0	0	0
IOMTU433_RS06745	50S ribosomal protein L11 methyltransferase	NZ_AP014649.1	1434735	1433830	1305	0	0	0	0
IOMTU433_RS06750	hypothetical protein	NZ_AP014649.1	1435122	1434892	1306	0.007533333333333334	0	0.5	0
IOMTU433_RS06755	tRNA uridine-5-carboxymethylaminomethyl(34) synthesis enzyme MnmG	NZ_AP014649.1	1435355	1437235	1307	0.007533333333333334	0	0	0
IOMTU433_RS20750	WYL domain-containing protein	NZ_AP014649.1	1438192	1437623	1308	0.007533333333333334	0	0	0
IOMTU433_RS06765	circularly permuted type 2 ATP-grasp protein	NZ_AP014649.1	1438856	1440406	1309	0.007533333333333334	0	0	0
IOMTU433_RS06770	alpha-E domain-containing protein	NZ_AP014649.1	1440429	1441025	1310	0.007533333333333334	0	0	0
IOMTU433_RS06775	transglutaminase family protein	NZ_AP014649.1	1441028	1441807	1311	0.007533333333333334	0	0	0
IOMTU433_RS06780	proteasome-type protease	NZ_AP014649.1	1441824	1442558	1312	0.007533333333333334	0	0	0
IOMTU433_RS06785	alanine racemase	NZ_AP014649.1	1443681	1442611	1313	0.007266666666666667	0	0	0
IOMTU433_RS06790	replicative DNA helicase	NZ_AP014649.1	1445159	1443714	1314	0.007	0	0	0
IOMTU433_RS06795	50S ribosomal protein L9	NZ_AP014649.1	1445806	1445360	1315	0	0	0	0
IOMTU433_RS06800	30S ribosomal protein S18	NZ_AP014649.1	1446042	1445815	1316	0	0	0	0
IOMTU433_RS06805	30S ribosomal protein S6	NZ_AP014649.1	1446437	1446054	1317	0	0	0	0
IOMTU433_RS06810	heme o synthase	NZ_AP014649.1	1447500	1446622	1318	0.006400000000000001	0	0	0
IOMTU433_RS06815	cytochrome o ubiquinol oxidase subunit IV	NZ_AP014649.1	1447840	1447511	1319	0.006333333333333334	0	0	0
IOMTU433_RS06820	cytochrome o ubiquinol oxidase subunit III	NZ_AP014649.1	1448460	1447840	1320	0.005333333333333333	0	0	0
IOMTU433_RS06825	cytochrome o ubiquinol oxidase subunit I	NZ_AP014649.1	1450456	1448465	1321	0.004333333333333333	0	0	0
IOMTU433_RS06830	ubiquinol oxidase subunit II	NZ_AP014649.1	1451512	1450460	1322	0.0038	0	0	0
IOMTU433_RS06835	RDD family protein	NZ_AP014649.1	1452583	1451828	1323	0.0032000000000000006	0	0	0
IOMTU433_RS06840	phosphoenolpyruvate synthase	NZ_AP014649.1	1455035	1452648	1324	0.002933333333333334	0	0	0
IOMTU433_RS06845	kinase/pyrophosphorylase	NZ_AP014649.1	1455182	1456018	1325	0.002066666666666667	0	0	0
IOMTU433_RS06850	poly-beta-1,6 N-acetyl-D-glucosamine exporter porin PgaA	NZ_AP014649.1	1456404	1458842	1326	0.0018000000000000002	0	0	0
IOMTU433_RS06855	poly-beta-1,6-N-acetyl-D-glucosamine N-deacetylase PgaB	NZ_AP014649.1	1458842	1460671	1327	0.0012666666666666668	0	0	0
IOMTU433_RS06860	poly-beta-1,6 N-acetyl-D-glucosamine synthase	NZ_AP014649.1	1460671	1461918	1328	0.0008666666666666665	0	0	0
IOMTU433_RS06865	poly-beta-1,6-N-acetyl-D-glucosamine biosynthesis protein PgaD	NZ_AP014649.1	1461915	1462379	1329	0.0002666666666666667	0	0	0
IOMTU433_RS06870	hypothetical protein	NZ_AP014649.1	1462985	1462422	1330	0.0002666666666666667	0	0.5	0
IOMTU433_RS06875	LLM class flavin-dependent oxidoreductase	NZ_AP014649.1	1464137	1463133	1331	0.0002666666666666667	0	0	0
IOMTU433_RS06880	hypothetical protein	NZ_AP014649.1	1464774	1464271	1332	0.0002666666666666667	0	0.5	0
IOMTU433_RS06885	glycine zipper 2TM domain-containing protein	NZ_AP014649.1	1465431	1465009	1333	0.0002666666666666667	0	0	0
IOMTU433_RS06890	LysR family transcriptional regulator	NZ_AP014649.1	1466531	1465629	1334	0.0002	0	0	0
IOMTU433_RS06895	type 1 glutamine amidotransferase domain-containing protein	NZ_AP014649.1	1466651	1467490	1335	6.666666666666667e-05	0	0	0
IOMTU433_RS06900	peptide chain release factor 1	NZ_AP014649.1	1467681	1468769	1336	6.666666666666667e-05	0	0	0
IOMTU433_RS06905	peptide chain release factor N(5)-glutamine methyltransferase	NZ_AP014649.1	1468769	1469584	1337	6.666666666666667e-05	0	0	0
IOMTU433_RS06910	ABC transporter permease	NZ_AP014649.1	1470426	1469587	1338	6.666666666666667e-05	0	0	0
IOMTU433_RS06915	aliphatic sulfonate ABC transporter substrate-binding protein	NZ_AP014649.1	1471404	1470430	1339	6.666666666666667e-05	0	0	0
IOMTU433_RS06920	AraC family transcriptional regulator	NZ_AP014649.1	1472677	1471649	1340	6.666666666666667e-05	0	0	0
IOMTU433_RS06925	3-hydroxyacyl-CoA dehydrogenase	NZ_AP014649.1	1472843	1473613	1341	6.666666666666667e-05	0	0	0
IOMTU433_RS06930	acyl-CoA dehydrogenase family protein	NZ_AP014649.1	1473632	1474768	1342	6.666666666666667e-05	0	0	0
IOMTU433_RS06935	AMP-binding protein	NZ_AP014649.1	1474989	1476632	1343	0.0	0	0	0
IOMTU433_RS06940	flavin reductase family protein	NZ_AP014649.1	1477255	1476677	1344	0.0	0	0	0
IOMTU433_RS06945	HesA/MoeB/ThiF family protein	NZ_AP014649.1	1477425	1478201	1345	0.0	0	0	0
IOMTU433_RS06950	AarF/ABC1/UbiB kinase family protein	NZ_AP014649.1	1478260	1479558	1346	0.0	0	0	0
IOMTU433_RS06955	dihydroneopterin aldolase	NZ_AP014649.1	1479574	1479954	1347	0.0	0	0	0
IOMTU433_RS06960	2-amino-4-hydroxy-6- hydroxymethyldihydropteridine diphosphokinase	NZ_AP014649.1	1479911	1480348	1348	0.0	0	0	0
IOMTU433_RS06965	potassium-transporting ATPase subunit KdpA	NZ_AP014649.1	1480607	1482316	1349	0.0	0	0	0
IOMTU433_RS06970	potassium-transporting ATPase subunit KdpB	NZ_AP014649.1	1482325	1484364	1350	0.0	0	0	0
IOMTU433_RS06975	potassium-transporting ATPase subunit KdpC	NZ_AP014649.1	1484378	1484983	1351	0.0	0	0	0
IOMTU433_RS06980	sensor histidine kinase KdpD	NZ_AP014649.1	1485021	1487675	1352	0.0	0	0	0
IOMTU433_RS06985	response regulator transcription factor	NZ_AP014649.1	1487687	1488403	1353	0.0	0	0	0
IOMTU433_RS06990	glutamine synthetase family protein	NZ_AP014649.1	1489902	1488478	1354	0.0	0	0	0
IOMTU433_RS06995	DUF2799 domain-containing protein	NZ_AP014649.1	1490299	1490847	1355	0.0	0	0	0
IOMTU433_RS07000	2-polyprenyl-3-methyl-6-methoxy-1,4-benzoquinone monooxygenase	NZ_AP014649.1	1491529	1490894	1356	0.0	0	0	0
IOMTU433_RS07005	MFS transporter	NZ_AP014649.1	1492855	1491533	1357	0.0	0	0	0
IOMTU433_RS07010	outer membrane protein assembly factor	NZ_AP014649.1	1493021	1495741	1358	0.0	0	0	0
IOMTU433_RS07015	translocation/assembly module TamB domain-containing protein	NZ_AP014649.1	1495768	1500273	1359	0.0	0	0	0
IOMTU433_RS07020	hypothetical protein	NZ_AP014649.1	1500416	1500778	1360	0.0	0	0.5	0
IOMTU433_RS07025	bifunctional aconitate hydratase 2/2-methylisocitrate dehydratase	NZ_AP014649.1	1501037	1503676	1361	0.0	0	0	0
IOMTU433_RS07030	hypothetical protein	NZ_AP014649.1	1503905	1504339	1362	0.0	0	0.5	0
IOMTU433_RS07035	ion transporter	NZ_AP014649.1	1504478	1505461	1363	0.0	0	0	0
IOMTU433_RS07040	MFS transporter	NZ_AP014649.1	1506686	1505487	1364	0.00013333333333333334	0	0	0
IOMTU433_RS07045	hypothetical protein	NZ_AP014649.1	1506799	1507029	1365	0.00013333333333333334	0	0.5	0
IOMTU433_RS07050	DUF4198 domain-containing protein	NZ_AP014649.1	1507190	1507984	1366	0.00013333333333333334	0	0	0
IOMTU433_RS07055	LysR family transcriptional regulator	NZ_AP014649.1	1508210	1509130	1367	0.00013333333333333334	0	0	0
IOMTU433_RS07060	DUF441 domain-containing protein	NZ_AP014649.1	1509633	1509181	1368	0.00013333333333333334	0	0	0
IOMTU433_RS07065	hypothetical protein	NZ_AP014649.1	1509887	1510105	1369	0.00013333333333333334	0	0.5	0
IOMTU433_RS07070	rRNA pseudouridine synthase	NZ_AP014649.1	1510206	1510910	1370	0.00013333333333333334	0	0	0
IOMTU433_RS07075	GNAT family N-acetyltransferase	NZ_AP014649.1	1511346	1510903	1371	0.00013333333333333334	0	0	0
IOMTU433_RS07080	type II toxin-antitoxin system RelB/DinJ family antitoxin	NZ_AP014649.1	1511752	1511444	1372	0.00013333333333333334	0	0	0
IOMTU433_RS07085	pseudouridylate synthase	NZ_AP014649.1	1512742	1511864	1373	0.00013333333333333334	0	0	0
IOMTU433_RS07090	tRNA (adenosine(37)-N6)-threonylcarbamoyltransferase complex ATPase subunit type 1 TsaE	NZ_AP014649.1	1512892	1513365	1374	0.00013333333333333334	0	0	0
IOMTU433_RS07095	DNA mismatch repair endonuclease MutL	NZ_AP014649.1	1513358	1515310	1375	0.00013333333333333334	0	0	0
IOMTU433_RS07100	tRNA (adenosine(37)-N6)-dimethylallyltransferase MiaA	NZ_AP014649.1	1515317	1516261	1376	0.0002666666666666667	0	0	0
IOMTU433_RS07105	RNA chaperone Hfq	NZ_AP014649.1	1516356	1516862	1377	0.0002666666666666667	0	0	0
IOMTU433_RS07110	DMT family transporter	NZ_AP014649.1	1516994	1517851	1378	0.0002666666666666667	0	0	0
IOMTU433_RS07115	oxygen-insensitive NAD(P)H nitroreductase	NZ_AP014649.1	1518543	1517890	1379	0.0002666666666666667	0	0	0
IOMTU433_RS07120	hypothetical protein	NZ_AP014649.1	1518683	1518898	1380	0.0002666666666666667	0	0.5	0
IOMTU433_RS07125	UDP-2,3-diacylglucosamine diphosphatase	NZ_AP014649.1	1519629	1518910	1381	0.0002666666666666667	0	0	0
IOMTU433_RS07130	peptidyl-prolyl cis-trans isomerase	NZ_AP014649.1	1520154	1519645	1382	0.0002666666666666667	0	0	0
IOMTU433_RS07135	glutamine--tRNA ligase/YqeY domain fusion protein	NZ_AP014649.1	1520323	1522050	1383	0.0002666666666666667	0	0	0
IOMTU433_RS07140	glutamine amidotransferase	NZ_AP014649.1	1523315	1522593	1384	0.0002666666666666667	0	0	0
IOMTU433_RS07145	ethanolamine ammonia-lyase subunit EutC	NZ_AP014649.1	1524295	1523480	1385	0.0002666666666666667	0	0	0
IOMTU433_RS07150	ethanolamine ammonia-lyase subunit EutB	NZ_AP014649.1	1525691	1524306	1386	0.0002666666666666667	0	0	0
IOMTU433_RS07155	ethanolamine permease	NZ_AP014649.1	1527144	1525708	1387	0.0002666666666666667	0	0	0
IOMTU433_RS07160	aldehyde dehydrogenase family protein	NZ_AP014649.1	1528877	1527366	1388	0.0002666666666666667	0	0	0
IOMTU433_RS07165	transcriptional regulator	NZ_AP014649.1	1529021	1530211	1389	0.0003333333333333333	0	0	0
IOMTU433_RS07170	alpha/beta hydrolase	NZ_AP014649.1	1531176	1530208	1390	0.0005333333333333334	0	0	0
IOMTU433_RS07175	iron-containing alcohol dehydrogenase	NZ_AP014649.1	1532543	1531371	1391	0.0006666666666666666	0	0	0
IOMTU433_RS07180	AAA family ATPase	NZ_AP014649.1	1532774	1534486	1392	0.001	0	0	0
IOMTU433_RS07185	5-carboxymethyl-2-hydroxymuconate Delta-isomerase	NZ_AP014649.1	1534530	1534889	1393	0.0022	0	0	0
IOMTU433_RS07190	hydroxyethylthiazole kinase	NZ_AP014649.1	1535838	1535011	1394	0.0033333333333333335	0	0	0
IOMTU433_RS07195	hypothetical protein	NZ_AP014649.1	1537029	1535872	1395	0.006533333333333334	0	0.5	0
IOMTU433_RS07200	hypothetical protein	NZ_AP014649.1	1537438	1537181	1396	0.0076	0	0.5	0
IOMTU433_RS07205	aminopeptidase N	NZ_AP014649.1	1537757	1540363	1397	0.009200000000000002	0	0	0
IOMTU433_RS07210	spore coat U domain-containing protein	NZ_AP014649.1	1540914	1541444	1398	0.011000000000000001	0	0	0
IOMTU433_RS07215	molecular chaperone	NZ_AP014649.1	1541517	1542221	1399	0.011466666666666668	0	0	0
IOMTU433_RS07220	fimbrial biogenesis outer membrane usher protein	NZ_AP014649.1	1542231	1544690	1400	0.011933333333333334	0	0	0
IOMTU433_RS07225	spore coat U domain-containing protein	NZ_AP014649.1	1544681	1545700	1401	0.012066666666666668	0	0	0
IOMTU433_RS07230	glutathione S-transferase family protein	NZ_AP014649.1	1545927	1546613	1402	0.012266666666666669	0	0	0
IOMTU433_RS07235	SDR family NAD(P)-dependent oxidoreductase	NZ_AP014649.1	1546621	1547382	1403	0.012266666666666669	0	0	0
IOMTU433_RS07240	SDR family NAD(P)-dependent oxidoreductase	NZ_AP014649.1	1547392	1548075	1404	0.012600000000000002	0	0	0
IOMTU433_RS07245	chorismate mutase	NZ_AP014649.1	1548153	1548710	1405	0.013000000000000003	0	0	0
IOMTU433_RS07250	Lrp/AsnC family transcriptional regulator	NZ_AP014649.1	1549224	1548739	1406	0.01306666666666667	0	0	0
IOMTU433_RS07260	hypothetical protein	NZ_AP014649.1	1549827	1550165	1407	0.01326666666666667	0	0.5	0
IOMTU433_RS07265	TetR/AcrR family transcriptional regulator	NZ_AP014649.1	1551104	1551658	1408	0.013333333333333336	0	0	0
IOMTU433_RS07270	TonB-dependent receptor	NZ_AP014649.1	1553970	1551721	1409	0.013733333333333337	0	0	0
IOMTU433_RS07275	mechanosensitive ion channel	NZ_AP014649.1	1554422	1555657	1410	0.01406666666666667	0	0	0
IOMTU433_RS07280	hypothetical protein	NZ_AP014649.1	1555956	1556207	1411	0.01426666666666667	0	0.5	0
IOMTU433_RS07285	hypothetical protein	NZ_AP014649.1	1556620	1557090	1412	0.014533333333333337	0	0.5	0
IOMTU433_RS07290	hypothetical protein	NZ_AP014649.1	1557279	1557560	1413	0.014533333333333337	0	0.5	0
IOMTU433_RS07295	hypothetical protein	NZ_AP014649.1	1557735	1558118	1414	0.014533333333333337	0	0.5	0
IOMTU433_RS07300	N-acetyltransferase	NZ_AP014649.1	1558657	1558151	1415	0.014533333333333337	0	0	0
IOMTU433_RS07305	TonB-dependent siderophore receptor	NZ_AP014649.1	1558850	1561006	1416	0.014533333333333337	0	0	0
IOMTU433_RS07310	OmpW family protein	NZ_AP014649.1	1561312	1562424	1417	0.014533333333333337	0	0	0
IOMTU433_RS20530	hypothetical protein	NZ_AP014649.1	1562604	1562735	1418	0.014533333333333337	0	0.5	0
IOMTU433_RS07320	hypothetical protein	NZ_AP014649.1	1563157	1563582	1419	0.014466666666666671	0	0.5	0
IOMTU433_RS07325	ATP-binding cassette domain-containing protein	NZ_AP014649.1	1565239	1563656	1420	0.01426666666666667	0	0	0
IOMTU433_RS07330	universal stress protein	NZ_AP014649.1	1565942	1565499	1421	0.014133333333333336	0	0	0
IOMTU433_RS07335	hypothetical protein	NZ_AP014649.1	1566231	1566458	1422	0.013800000000000003	0	0.5	0
IOMTU433_RS20825	hypothetical protein	NZ_AP014649.1	1566637	1566810	1423	0.012600000000000004	0	0.5	0
IOMTU433_RS07345	RDD family protein	NZ_AP014649.1	1567083	1567526	1424	0.011333333333333336	0	0	0
IOMTU433_RS20830	hypothetical protein	NZ_AP014649.1	1567828	1567989	1425	0.008133333333333336	0	0.5	0
IOMTU433_RS07350	magnesium-translocating P-type ATPase	NZ_AP014649.1	1568090	1570846	1426	0.007066666666666669	0	0	0
IOMTU433_RS07355	MgtC/SapB family protein	NZ_AP014649.1	1570862	1571581	1427	0.005466666666666667	0	0	0
IOMTU433_RS07360	benzoate/H(+) symporter BenE family transporter	NZ_AP014649.1	1572827	1571655	1428	0.003666666666666667	0	0	0
IOMTU433_RS07365	Lrp/AsnC family transcriptional regulator	NZ_AP014649.1	1573014	1573487	1429	0.0032	0	0	0
IOMTU433_RS07370	leucine efflux protein LeuE	NZ_AP014649.1	1574174	1573524	1430	0.002733333333333333	0	0	0
IOMTU433_RS07375	transaldolase	NZ_AP014649.1	1575236	1574247	1431	0.002666666666666667	0	0	0
IOMTU433_RS07380	LysR family transcriptional regulator	NZ_AP014649.1	1576260	1575367	1432	0.002466666666666667	0	0	0
IOMTU433_RS07385	chlorhexidine efflux PACE transporter AceI	NZ_AP014649.1	1576351	1576785	1433	0.002466666666666667	0	0	0
IOMTU433_RS07390	acetyl-CoA C-acetyltransferase	NZ_AP014649.1	1578420	1576852	1434	0.0021333333333333334	0	0	0
IOMTU433_RS07395	3-oxoacyl-ACP reductase	NZ_AP014649.1	1578656	1580047	1435	0.0017333333333333335	0	0	0
IOMTU433_RS07400	hypothetical protein	NZ_AP014649.1	1580122	1580976	1436	0.0015333333333333334	0	0.5	0
IOMTU433_RS07405	serine hydrolase	NZ_AP014649.1	1581048	1582307	1437	0.0016	0	0	0
IOMTU433_RS07410	TetR family transcriptional regulator	NZ_AP014649.1	1582933	1582355	1438	0.0015333333333333334	0	0	0
IOMTU433_RS07415	multidrug efflux MFS transporter AmvA	NZ_AP014649.1	1583059	1584537	1439	0.0012000000000000001	0	0	0
IOMTU433_RS07420	DNA polymerase III subunit gamma/tau	NZ_AP014649.1	1584711	1586831	1440	0.0012666666666666668	0	0	0
IOMTU433_RS07425	phospholipase C, phosphocholine-specific	NZ_AP014649.1	1587155	1589383	1441	0.0030666666666666668	0	0	0
IOMTU433_RS07430	acyl-CoA thioesterase	NZ_AP014649.1	1589866	1589432	1442	0.005599999999999999	0	0	0
IOMTU433_RS07435	iron-containing alcohol dehydrogenase	NZ_AP014649.1	1591023	1589866	1443	0.010466666666666664	0	0	0
IOMTU433_RS07440	lactonase family protein	NZ_AP014649.1	1591255	1592496	1444	0.015133333333333332	0	0	0
IOMTU433_RS07445	low molecular weight phosphotyrosine protein phosphatase	NZ_AP014649.1	1592794	1593297	1445	0.016733333333333333	0	0	0
IOMTU433_RS07450	UDP-N-acetylmuramate dehydrogenase	NZ_AP014649.1	1593317	1594351	1446	0.022666666666666665	0	0	0
IOMTU433_RS07455	YdcF family protein	NZ_AP014649.1	1594356	1595486	1447	0.0336	0	0.5	0
IOMTU433_RS07460	alpha/beta hydrolase	NZ_AP014649.1	1595486	1596514	1448	0.06473333333333334	0	0	0
IOMTU433_RS07465	hypothetical protein	NZ_AP014649.1	1597078	1596575	1449	0.09040000000000001	0	0.5	0
IOMTU433_RS07470	linear amide C-N hydrolase	NZ_AP014649.1	1598190	1597135	1450	0.12040000000000001	0	0	0
IOMTU433_RS07475	FMN-binding glutamate synthase family protein	NZ_AP014649.1	1600074	1598401	1451	0.14826666666666669	0	0	0
IOMTU433_RS07480	PepSY domain-containing protein	NZ_AP014649.1	1601579	1600239	1452	0.1706	0	0	0
IOMTU433_RS07485	TetR/AcrR family transcriptional regulator	NZ_AP014649.1	1602763	1602191	1453	0.1932	0	0	0
IOMTU433_RS07490	iron-containing redox enzyme family protein	NZ_AP014649.1	1603087	1603950	1454	0.21593333333333337	0	0	0
IOMTU433_RS07495	integrase family protein	NZ_AP014649.1	1604448	1605710	1455	0.23720000000000002	0	1.5	0
IOMTU433_RS07500	ImmA/IrrE family metallo-endopeptidase	NZ_AP014649.1	1606804	1605722	1456	0.25820000000000004	0	0	0
IOMTU433_RS07505	hypothetical protein	NZ_AP014649.1	1607452	1606841	1457	0.27893333333333337	0	0.5	0
IOMTU433_RS07510	DNA-binding protein	NZ_AP014649.1	1607859	1607590	1458	0.30113333333333336	0	0	0
IOMTU433_RS07515	hypothetical protein	NZ_AP014649.1	1608156	1607860	1459	0.32193333333333335	0	0.5	0
IOMTU433_RS07520	hypothetical protein	NZ_AP014649.1	1609115	1608156	1460	0.3433333333333334	0	0.5	0
IOMTU433_RS07525	ATP-binding protein	NZ_AP014649.1	1610233	1609112	1461	0.36979999999999996	0	0	0
IOMTU433_RS07530	hypothetical protein	NZ_AP014649.1	1610568	1610245	1462	0.3978	0	0.5	0
IOMTU433_RS07535	hypothetical protein	NZ_AP014649.1	1611011	1610571	1463	0.4278666666666666	0	0.5	0
IOMTU433_RS07540	hypothetical protein	NZ_AP014649.1	1611574	1611212	1464	0.45833333333333326	0	0.5	0
IOMTU433_RS07545	XRE family transcriptional regulator	NZ_AP014649.1	1612064	1611585	1465	0.4896	0	0	0
IOMTU433_RS07550	hypothetical protein	NZ_AP014649.1	1612564	1612061	1466	0.5220666666666667	0	0.5	0
IOMTU433_RS20835	hypothetical protein	NZ_AP014649.1	1612984	1612808	1467	0.5544	0	0.5	0
IOMTU433_RS07555	LexA family transcriptional regulator	NZ_AP014649.1	1613763	1612999	1468	0.5867333333333333	0	0	0
IOMTU433_RS07560	hypothetical protein	NZ_AP014649.1	1613841	1614026	1469	0.6194	0	0.5	0
IOMTU433_RS07565	hypothetical protein	NZ_AP014649.1	1614036	1614392	1470	0.6519333333333334	0	0.5	0
IOMTU433_RS07570	hypothetical protein	NZ_AP014649.1	1614453	1614740	1471	0.6821999999999999	0	0.5	0
IOMTU433_RS07575	DNA adenine methylase	NZ_AP014649.1	1614737	1615582	1472	0.7116	1	0	3	1616197	1616210	1642986	1642999	TTGTTTCGGTATC	GATACCGAAACAA	Longest Repeat flanking phage and within 2000 bp
IOMTU433_RS07580	YdaU family protein	NZ_AP014649.1	1615575	1616504	1473	0.7387333333333334	1	0.5	3
IOMTU433_RS07585	hypothetical protein	NZ_AP014649.1	1616497	1617246	1474	0.7661999999999999	1	0.5	3
IOMTU433_RS07590	hypothetical protein	NZ_AP014649.1	1617243	1617581	1475	0.7967333333333333	1	0.5	3
IOMTU433_RS07595	hypothetical protein	NZ_AP014649.1	1617574	1617780	1476	0.8229333333333332	1	0.5	3
IOMTU433_RS07600	hypothetical protein	NZ_AP014649.1	1617770	1618093	1477	0.8442666666666665	1	0.5	3
IOMTU433_RS07605	DUF559 domain-containing protein	NZ_AP014649.1	1618093	1618494	1478	0.8448666666666665	1	0	3
IOMTU433_RS07610	hypothetical protein	NZ_AP014649.1	1618505	1619257	1479	0.8497333333333333	1	0.5	3
IOMTU433_RS07620	hypothetical protein	NZ_AP014649.1	1619748	1619966	1480	0.8500000000000001	1	0.5	3
IOMTU433_RS07625	hypothetical protein	NZ_AP014649.1	1620306	1620551	1481	0.8531333333333333	1	0.5	3
IOMTU433_RS07630	hypothetical protein	NZ_AP014649.1	1620608	1620799	1482	0.8614666666666666	1	0.5	3
IOMTU433_RS07635	hypothetical protein	NZ_AP014649.1	1620811	1621245	1483	0.8710666666666668	1	0.5	3
IOMTU433_RS07640	hypothetical protein	NZ_AP014649.1	1621214	1621855	1484	0.8805333333333334	1	0.5	3
IOMTU433_RS07645	DUF2280 domain-containing protein	NZ_AP014649.1	1621914	1622429	1485	0.8819333333333333	1	0	3
IOMTU433_RS07650	terminase family protein	NZ_AP014649.1	1622389	1623681	1486	0.8843333333333334	1	1	3
IOMTU433_RS07655	DUF4055 domain-containing protein	NZ_AP014649.1	1623721	1625067	1487	0.8913333333333334	1	0	3
IOMTU433_RS07660	minor capsid protein	NZ_AP014649.1	1625077	1626183	1488	0.8988666666666668	1	1	3
IOMTU433_RS07665	hypothetical protein	NZ_AP014649.1	1626180	1626410	1489	0.9066666666666667	1	0.5	3
IOMTU433_RS20840	hypothetical protein	NZ_AP014649.1	1626426	1626578	1490	0.9141333333333336	1	0.5	3
IOMTU433_RS07670	hypothetical protein	NZ_AP014649.1	1626665	1627456	1491	0.9120000000000003	1	0.5	3
IOMTU433_RS07675	methyltransferase	NZ_AP014649.1	1627470	1628420	1492	0.9055333333333334	1	0	3
IOMTU433_RS07680	HeH/LEM domain protein	NZ_AP014649.1	1628465	1628821	1493	0.8971333333333333	1	0	3
IOMTU433_RS07685	hypothetical protein	NZ_AP014649.1	1628825	1629205	1494	0.8890000000000003	1	0.5	3
IOMTU433_RS07690	hypothetical protein	NZ_AP014649.1	1629205	1629573	1495	0.8822666666666669	1	0.5	3
IOMTU433_RS07695	hypothetical protein	NZ_AP014649.1	1629582	1629986	1496	0.8708666666666668	1	0.5	3
IOMTU433_RS07700	hypothetical protein	NZ_AP014649.1	1629958	1630326	1497	0.8509333333333334	1	0.5	3
IOMTU433_RS07705	hypothetical protein	NZ_AP014649.1	1630328	1630726	1498	0.8345333333333333	1	0.5	3
IOMTU433_RS07710	hypothetical protein	NZ_AP014649.1	1630728	1630946	1499	0.8226	1	0.5	3
IOMTU433_RS07715	SH3 domain-containing protein	NZ_AP014649.1	1631055	1631576	1500	0.8108666666666667	1	0	3
IOMTU433_RS07720	hypothetical protein	NZ_AP014649.1	1631673	1632026	1501	0.7988	1	0.5	3
IOMTU433_RS07725	hypothetical protein	NZ_AP014649.1	1632026	1632997	1502	0.7754666666666667	1	0.5	3
IOMTU433_RS07730	hypothetical protein	NZ_AP014649.1	1633050	1633967	1503	0.7523333333333333	1	0.5	3
IOMTU433_RS07735	hypothetical protein	NZ_AP014649.1	1634037	1634552	1504	0.7316666666666668	1	0.5	3
IOMTU433_RS07740	type II toxin-antitoxin system HicA family toxin	NZ_AP014649.1	1634878	1635060	1505	0.7033333333333335	0	0	3
IOMTU433_RS07745	type II toxin-antitoxin system HicB family antitoxin	NZ_AP014649.1	1635153	1635557	1506	0.672	0	0	3
IOMTU433_RS07750	hypothetical protein	NZ_AP014649.1	1635657	1636166	1507	0.6416000000000002	0	0.5	3
IOMTU433_RS07755	tape measure protein	NZ_AP014649.1	1636237	1640571	1508	0.6106666666666669	0	1	3
IOMTU433_RS07760	hypothetical protein	NZ_AP014649.1	1640646	1641398	1509	0.5806666666666668	0	0.5	3
IOMTU433_RS07765	hypothetical protein	NZ_AP014649.1	1641402	1641794	1510	0.5505333333333335	0	0.5	3
IOMTU433_RS07770	hypothetical protein	NZ_AP014649.1	1641859	1642257	1511	0.5195333333333333	0	0.5	3
IOMTU433_RS07775	DUF1833 family protein	NZ_AP014649.1	1642257	1642763	1512	0.4888666666666666	0	0	3
IOMTU433_RS07780	hypothetical protein	NZ_AP014649.1	1642760	1643122	1513	0.4566666666666666	0	0.5	3
IOMTU433_RS07785	bacteriophage protein	NZ_AP014649.1	1643115	1646561	1514	0.4244666666666666	0	1	3
IOMTU433_RS07790	hypothetical protein	NZ_AP014649.1	1646630	1647019	1515	0.4017999999999999	0	0.5	0
IOMTU433_RS07795	chitinase class I domain protein	NZ_AP014649.1	1647061	1647639	1516	0.37906666666666655	0	0	0
IOMTU433_RS07800	hypothetical protein	NZ_AP014649.1	1648159	1647743	1517	0.35219999999999985	0	0.5	0
IOMTU433_RS07805	glutathione-dependent formaldehyde dehydrogenase	NZ_AP014649.1	1648601	1649764	1518	0.3224666666666665	0	0	0
IOMTU433_RS07810	IS5-like element ISAba31 family transposase	NZ_AP014649.1	1650648	1649902	1519	0.2938666666666665	0	0.75	0
IOMTU433_RS07815	Y-family DNA polymerase	NZ_AP014649.1	1652025	1650727	1520	0.26499999999999996	0	0	0
IOMTU433_RS07820	translesion error-prone DNA polymerase V autoproteolytic subunit	NZ_AP014649.1	1652523	1652029	1521	0.2407333333333333	0	0	0
IOMTU433_RS07825	SOS response-associated peptidase family protein	NZ_AP014649.1	1653283	1652639	1522	0.21933333333333327	0	0	0
IOMTU433_RS07830	Merged-or-split: IS3-like element ISAba19 family transposase	NZ_AP014649.1	1654785	1653566	1523	0.1978666666666666	0	0.75	0
IOMTU433_RS07840	hypothetical protein	NZ_AP014649.1	1655335	1654835	1524	0.1755333333333333	0	0.5	0
IOMTU433_RS20540	hypothetical protein	NZ_AP014649.1	1655611	1655426	1525	0.15099999999999994	0	0.5	0
IOMTU433_RS07845	MFS transporter	NZ_AP014649.1	1655828	1656991	1526	0.12993333333333332	0	0	0
IOMTU433_RS07850	hypothetical protein	NZ_AP014649.1	1657139	1657642	1527	0.11726666666666664	0	0.5	0
IOMTU433_RS07855	acetyl-CoA carboxylase biotin carboxylase subunit	NZ_AP014649.1	1659067	1657697	1528	0.10139999999999998	0	0	0
IOMTU433_RS07860	acetyl-CoA carboxylase biotin carboxyl carrier protein	NZ_AP014649.1	1659503	1659084	1529	0.08059999999999998	0	0	0
IOMTU433_RS07865	type II 3-dehydroquinate dehydratase	NZ_AP014649.1	1659976	1659521	1530	0.0596	0	0	0
IOMTU433_RS07870	Y-family DNA polymerase	NZ_AP014649.1	1661540	1660212	1531	0.03946666666666667	0	0	0
IOMTU433_RS20545	hypothetical protein	NZ_AP014649.1	1661757	1661851	1532	0.030733333333333338	0	0.5	0
IOMTU433_RS07875	ABC transporter substrate-binding protein	NZ_AP014649.1	1662883	1661873	1533	0.022000000000000006	0	0	0
IOMTU433_RS07880	ANTAR domain-containing protein	NZ_AP014649.1	1663474	1662884	1534	0.010600000000000002	0	0	0
IOMTU433_RS07885	hypothetical protein	NZ_AP014649.1	1663860	1664201	1535	0.0068666666666666685	0	0.5	0
IOMTU433_RS07890	nitrite reductase large subunit NirB	NZ_AP014649.1	1664213	1666759	1536	0.006133333333333335	0	0	0
IOMTU433_RS07895	nitrite reductase small subunit NirD	NZ_AP014649.1	1666772	1668394	1537	0.004266666666666668	0	0	0
IOMTU433_RS07900	nitrate reductase	NZ_AP014649.1	1668413	1671193	1538	0.003466666666666668	0	0	0
IOMTU433_RS07905	molybdenum cofactor guanylyltransferase	NZ_AP014649.1	1671190	1671819	1539	0.0030000000000000014	0	0	0
IOMTU433_RS07910	molybdopterin-dependent oxidoreductase	NZ_AP014649.1	1671969	1674242	1540	0.0028666666666666675	0	0	0
IOMTU433_RS07915	GTP 3',8-cyclase MoaA	NZ_AP014649.1	1674469	1675509	1541	0.0028666666666666675	0	0	0
IOMTU433_RS07920	MoaD/ThiS family protein	NZ_AP014649.1	1675510	1675764	1542	0.0030666666666666676	0	0	0
IOMTU433_RS07925	molybdenum cofactor biosynthesis protein MoaE	NZ_AP014649.1	1675768	1676253	1543	0.0033333333333333344	0	0	0
IOMTU433_RS07930	bifunctional molybdenum cofactor biosynthesis protein MoaC/MoaB	NZ_AP014649.1	1676277	1677200	1544	0.003866666666666668	0	0	0
IOMTU433_RS07935	molybdopterin molybdotransferase MoeA	NZ_AP014649.1	1677200	1678435	1545	0.005066666666666667	0	0	0
IOMTU433_RS07940	helix-turn-helix transcriptional regulator	NZ_AP014649.1	1678644	1679126	1546	0.0044	0	1	0
IOMTU433_RS07945	PLP-dependent aminotransferase family protein	NZ_AP014649.1	1680526	1679123	1547	0.0035333333333333336	0	0	0
IOMTU433_RS07950	DMT family transporter	NZ_AP014649.1	1680649	1681512	1548	0.0035333333333333336	0	0	0
IOMTU433_RS07955	TusE/DsrC/DsvC family sulfur relay protein	NZ_AP014649.1	1681828	1681517	1549	0.003666666666666667	0	0	0
IOMTU433_RS07960	hypothetical protein	NZ_AP014649.1	1682132	1681848	1550	0.003866666666666667	0	0.5	0
IOMTU433_RS07965	hypothetical protein	NZ_AP014649.1	1682500	1682150	1551	0.003866666666666667	0	0.5	0
IOMTU433_RS07970	sulfurtransferase complex subunit TusD	NZ_AP014649.1	1682913	1682545	1552	0.0037333333333333337	0	0	0
IOMTU433_RS07975	UDP-glucose 4-epimerase GalE	NZ_AP014649.1	1682979	1683986	1553	0.003666666666666667	0	0	0
IOMTU433_RS07980	class II fumarate hydratase	NZ_AP014649.1	1684101	1685495	1554	0.0037333333333333337	0	0	0
IOMTU433_RS07985	hypothetical protein	NZ_AP014649.1	1685925	1685629	1555	0.004066666666666667	0	0.5	0
IOMTU433_RS07990	hypothetical protein	NZ_AP014649.1	1686568	1686107	1556	0.004666666666666667	0	0.5	0
IOMTU433_RS07995	hypothetical protein	NZ_AP014649.1	1686880	1687371	1557	0.005333333333333333	0	0.5	0
IOMTU433_RS08000	D-amino acid dehydrogenase	NZ_AP014649.1	1687782	1689026	1558	0.006066666666666666	0	0	0
IOMTU433_RS08005	hypothetical protein	NZ_AP014649.1	1689699	1689073	1559	0.0077333333333333325	0	0.5	0
IOMTU433_RS08010	2-C-methyl-D-erythritol 2,4-cyclodiphosphate synthase	NZ_AP014649.1	1689821	1690303	1560	0.008866666666666665	0	0	0
IOMTU433_RS08015	protein tyrosine phosphatase family protein	NZ_AP014649.1	1690824	1690300	1561	0.008933333333333331	0	0	0
IOMTU433_RS08020	ornithine carbamoyltransferase	NZ_AP014649.1	1691938	1691018	1562	0.008933333333333331	0	0	0
IOMTU433_RS08025	multidrug efflux transcriptional repressor AdeN	NZ_AP014649.1	1692704	1692051	1563	0.0088	0	0	0
IOMTU433_RS08030	nitrogen regulation protein NR(I)	NZ_AP014649.1	1694473	1692980	1564	0.008866666666666667	0	0	0
IOMTU433_RS08035	PAS domain-containing protein	NZ_AP014649.1	1695569	1694460	1565	0.008866666666666667	0	0	0
IOMTU433_RS20550	hypothetical protein	NZ_AP014649.1	1695771	1695863	1566	0.009000000000000001	0	0.5	0
IOMTU433_RS08040	30S ribosomal protein S12 methylthiotransferase RimO	NZ_AP014649.1	1695911	1697254	1567	0	0	0	0
IOMTU433_RS08045	UMP kinase	NZ_AP014649.1	1697306	1698034	1568	0.009333333333333334	0	0	0
IOMTU433_RS08050	ribosome recycling factor	NZ_AP014649.1	1698120	1698674	1569	0.009333333333333334	0	0	0
IOMTU433_RS08055	di-trans,poly-cis-decaprenylcistransferase	NZ_AP014649.1	1698680	1699432	1570	0.009933333333333334	0	0	0
IOMTU433_RS08060	phosphatidate cytidylyltransferase	NZ_AP014649.1	1699432	1700256	1571	0.010666666666666668	0	0	0
IOMTU433_RS08065	1-deoxy-D-xylulose-5-phosphate reductoisomerase	NZ_AP014649.1	1700257	1701453	1572	0.010800000000000002	0	0	0
IOMTU433_RS08070	RIP metalloprotease RseP	NZ_AP014649.1	1701455	1702810	1573	0.011066666666666669	0	0	0
IOMTU433_RS08075	outer membrane protein assembly factor BamA	NZ_AP014649.1	1702848	1705373	1574	0.011000000000000003	0	0	0
IOMTU433_RS08080	OmpH family outer membrane protein	NZ_AP014649.1	1705415	1705918	1575	0.009933333333333337	0	0	0
IOMTU433_RS08085	UDP-3-O-(3-hydroxymyristoyl)glucosamine N-acyltransferase	NZ_AP014649.1	1705923	1706993	1576	0.009933333333333337	0	0	0
IOMTU433_RS08090	3-hydroxyacyl-ACP dehydratase FabZ	NZ_AP014649.1	1707000	1707485	1577	0.01006666666666667	0	0	0
IOMTU433_RS08095	acyl-ACP--UDP-N-acetylglucosamine O-acyltransferase	NZ_AP014649.1	1707482	1708270	1578	0.010200000000000004	0	0	0
IOMTU433_RS08100	tetratricopeptide repeat protein	NZ_AP014649.1	1709209	1708325	1579	0.01006666666666667	0	0	0
IOMTU433_RS08105	regulatory protein RecX	NZ_AP014649.1	1710119	1709637	1580	0.009933333333333334	0	0	0
IOMTU433_RS08110	recombinase RecA	NZ_AP014649.1	1711222	1710173	1581	0.009866666666666668	0	1.5	0
IOMTU433_RS08115	RNA-binding protein	NZ_AP014649.1	1711808	1711368	1582	0.010200000000000002	0	0	0
IOMTU433_RS08120	HAD-IA family hydrolase	NZ_AP014649.1	1712478	1711792	1583	0.010066666666666668	0	0	0
IOMTU433_RS08125	hypothetical protein	NZ_AP014649.1	1712650	1713009	1584	0.010000000000000002	0	0.5	0
IOMTU433_RS08130	hypothetical protein	NZ_AP014649.1	1713108	1713344	1585	0.009800000000000001	0	0.5	0
IOMTU433_RS08135	hypothetical protein	NZ_AP014649.1	1713459	1713752	1586	0.009200000000000003	0	0.5	0
IOMTU433_RS08140	GNAT family N-acetyltransferase	NZ_AP014649.1	1714340	1713804	1587	0.008533333333333335	0	0	0
IOMTU433_RS08145	Lrp/AsnC family transcriptional regulator	NZ_AP014649.1	1714836	1714387	1588	0.007733333333333334	0	0	0
IOMTU433_RS08150	kynureninase	NZ_AP014649.1	1714983	1716233	1589	0.006066666666666668	0	0	0
IOMTU433_RS08155	amino acid permease	NZ_AP014649.1	1716274	1717680	1590	0.004733333333333334	0	0	0
IOMTU433_RS08160	alpha/beta hydrolase	NZ_AP014649.1	1717688	1718434	1591	0.004600000000000001	0	0	0
IOMTU433_RS08165	S8 family peptidase	NZ_AP014649.1	1719664	1720842	1592	0.0044666666666666665	0	0	0
IOMTU433_RS08170	SulP family inorganic anion transporter	NZ_AP014649.1	1722344	1720890	1593	0.004600000000000001	0	0	0
IOMTU433_RS08175	SOS response-associated peptidase family protein	NZ_AP014649.1	1723220	1722591	1594	0.004666666666666668	0	0	0
IOMTU433_RS08180	PQQ-dependent sugar dehydrogenase	NZ_AP014649.1	1723575	1725017	1595	0.004666666666666667	0	0	0
IOMTU433_RS08185	universal stress protein	NZ_AP014649.1	1725518	1725075	1596	0.0044666666666666665	0	0	0
IOMTU433_RS08190	GGDEF domain-containing protein	NZ_AP014649.1	1727737	1725644	1597	0.004400000000000001	0	0	0
IOMTU433_RS08195	hypothetical protein	NZ_AP014649.1	1728558	1728343	1598	0.0045333333333333345	0	0.5	0
IOMTU433_RS08200	MarR family transcriptional regulator	NZ_AP014649.1	1729213	1728749	1599	0.004466666666666668	0	0	0
IOMTU433_RS08205	PEGA domain-containing protein	NZ_AP014649.1	1729845	1730351	1600	0.004533333333333334	0	0	0
IOMTU433_RS08210	fructose-specific PTS transporter subunit EIIC	NZ_AP014649.1	1732115	1730397	1601	0.005066666666666667	0	0	0
IOMTU433_RS08215	1-phosphofructokinase	NZ_AP014649.1	1733049	1732102	1602	0.005866666666666668	0	0	0
IOMTU433_RS08220	phosphoenolpyruvate--protein phosphotransferase	NZ_AP014649.1	1735922	1733064	1603	0.006133333333333334	0	0	0
IOMTU433_RS08225	alpha/beta fold hydrolase	NZ_AP014649.1	1737007	1736147	1604	0.006466666666666667	0	0	0
IOMTU433_RS08230	hypothetical protein	NZ_AP014649.1	1737145	1737600	1605	0.007333333333333333	0	0.5	0
IOMTU433_RS08235	hypothetical protein	NZ_AP014649.1	1737879	1737634	1606	0.0076	0	0.5	0
IOMTU433_RS08240	heme-binding protein	NZ_AP014649.1	1738558	1738139	1607	0.0076	0	0	0
IOMTU433_RS08245	branched-chain amino acid transport system II carrier protein	NZ_AP014649.1	1740051	1738750	1608	0.007466666666666667	0	0	0
IOMTU433_RS08250	type I methionyl aminopeptidase	NZ_AP014649.1	1740404	1741198	1609	0.007466666666666667	0	0	0
IOMTU433_RS08255	LysR family transcriptional regulator	NZ_AP014649.1	1742152	1741250	1610	0.0074	0	0	0
IOMTU433_RS08260	hypothetical protein	NZ_AP014649.1	1742396	1742719	1611	0.007333333333333333	0	0.5	0
IOMTU433_RS08265	Grx4 family monothiol glutaredoxin	NZ_AP014649.1	1743107	1742766	1612	0.007066666666666666	0	0	0
IOMTU433_RS08270	aspartate aminotransferase family protein	NZ_AP014649.1	1743335	1744543	1613	0.0071333333333333335	0	0	0
IOMTU433_RS08275	CBS domain-containing protein	NZ_AP014649.1	1745025	1744594	1614	0.0072	0	0	0
IOMTU433_RS08280	DUF2750 domain-containing protein	NZ_AP014649.1	1745591	1745166	1615	0.0071333333333333335	0	0	0
IOMTU433_RS08285	hypothetical protein	NZ_AP014649.1	1746112	1745879	1616	0.0071333333333333335	0	0.5	0
IOMTU433_RS08290	hypothetical protein	NZ_AP014649.1	1746328	1746687	1617	0.0071333333333333335	0	0.5	0
IOMTU433_RS08295	hypothetical protein	NZ_AP014649.1	1746788	1747114	1618	0.0071333333333333335	0	0.5	0
IOMTU433_RS08300	signal recognition particle-docking protein FtsY	NZ_AP014649.1	1747222	1748328	1619	0.0071333333333333335	0	0	0
IOMTU433_RS08305	nitroreductase family protein	NZ_AP014649.1	1748518	1749114	1620	0.0071333333333333335	0	0	0
IOMTU433_RS08310	DUF2057 domain-containing protein	NZ_AP014649.1	1749340	1750011	1621	0.0072	0	0	0
IOMTU433_RS08315	GNAT family N-acetyltransferase	NZ_AP014649.1	1750084	1750608	1622	0.0072	0	0	0
IOMTU433_RS08320	cyd operon YbgE family protein	NZ_AP014649.1	1750920	1750621	1623	0.007066666666666667	0	0	0
IOMTU433_RS08325	cytochrome bd-I oxidase subunit CydX	NZ_AP014649.1	1751022	1750921	1624	0.006866666666666668	0	0	0
IOMTU433_RS08330	cytochrome d ubiquinol oxidase subunit II	NZ_AP014649.1	1752181	1751036	1625	0.0068000000000000005	0	0	0
IOMTU433_RS08335	cytochrome ubiquinol oxidase subunit I	NZ_AP014649.1	1753764	1752178	1626	0.0068000000000000005	0	0	0
IOMTU433_RS08340	hypothetical protein	NZ_AP014649.1	1753958	1753764	1627	0.006733333333333333	0	0.5	0
IOMTU433_RS08345	DUF1449 family protein	NZ_AP014649.1	1754950	1754342	1628	0.0064	0	0	0
IOMTU433_RS08350	Rieske (2Fe-2S) protein	NZ_AP014649.1	1755284	1754976	1629	0.0064	0	0	0
IOMTU433_RS08355	adenosine kinase	NZ_AP014649.1	1756305	1755301	1630	0.005733333333333334	0	0	0
IOMTU433_RS08360	TonB-dependent siderophore receptor	NZ_AP014649.1	1756543	1758639	1631	0.0044666666666666665	0	0	0
IOMTU433_RS08365	insulinase family protein	NZ_AP014649.1	1758889	1761828	1632	0.0033333333333333335	0	0	0
IOMTU433_RS08370	phospholipase A	NZ_AP014649.1	1761849	1763000	1633	0.0025333333333333336	0	0	0
IOMTU433_RS08375	TrkH family potassium uptake protein	NZ_AP014649.1	1764379	1763042	1634	0.0017333333333333335	0	0	0
IOMTU433_RS08380	TrkA family potassium uptake protein	NZ_AP014649.1	1765048	1764398	1635	0.0007333333333333336	0	0	0
IOMTU433_RS08385	threonine ammonia-lyase, biosynthetic	NZ_AP014649.1	1766740	1765193	1636	0.00046666666666666666	0	0	0
IOMTU433_RS08390	ribose-5-phosphate isomerase RpiA	NZ_AP014649.1	1766842	1767513	1637	0.0003333333333333333	0	0	0
IOMTU433_RS08395	M48 family metallopeptidase	NZ_AP014649.1	1767513	1768193	1638	0.0003333333333333333	0	0	0
IOMTU433_RS08400	hypothetical protein	NZ_AP014649.1	1769710	1768190	1639	0.0003333333333333333	0	0.5	0
IOMTU433_RS08405	N-acetyl-gamma-glutamyl-phosphate reductase	NZ_AP014649.1	1769893	1770948	1640	0.0003333333333333333	0	0	0
IOMTU433_RS08410	hypothetical protein	NZ_AP014649.1	1771024	1771782	1641	0.0003333333333333333	0	0.5	0
IOMTU433_RS08415	ATP-dependent Clp protease adapter ClpS	NZ_AP014649.1	1771792	1772205	1642	0.0002666666666666667	0	0	0
IOMTU433_RS08420	ATP-dependent Clp protease ATP-binding subunit ClpA	NZ_AP014649.1	1772215	1774491	1643	0.0002666666666666667	0	0	0
IOMTU433_RS08425	YnfA family protein	NZ_AP014649.1	1774495	1774857	1644	0.0002	0	0.5	0
IOMTU433_RS08430	3-deoxy-7-phosphoheptulonate synthase	NZ_AP014649.1	1775284	1776339	1645	0.0005333333333333334	0	0	0
IOMTU433_RS08435	alpha/beta hydrolase	NZ_AP014649.1	1777303	1776386	1646	0.001	0	0	0
IOMTU433_RS08440	PadR family transcriptional regulator	NZ_AP014649.1	1777866	1777306	1647	0.0012666666666666666	0	0	0
IOMTU433_RS08445	NADPH-dependent 2,4-dienoyl-CoA reductase	NZ_AP014649.1	1778002	1780026	1648	0.0014666666666666667	0	0	0
IOMTU433_RS08450	nuclear transport factor 2 family protein	NZ_AP014649.1	1780098	1780505	1649	0.0015333333333333334	0	0	0
IOMTU433_RS08455	SGNH/GDSL hydrolase family protein	NZ_AP014649.1	1780544	1781260	1650	0.0020666666666666667	0	0	0
IOMTU433_RS08460	alpha/beta hydrolase	NZ_AP014649.1	1781280	1782374	1651	0.0022	0	0	0
IOMTU433_RS08465	metal-dependent hydrolase	NZ_AP014649.1	1783272	1782427	1652	0.0027333333333333333	0	0	0
IOMTU433_RS08470	hypothetical protein	NZ_AP014649.1	1783996	1783508	1653	0.0028	0	0.5	0
IOMTU433_RS08475	CTP synthase	NZ_AP014649.1	1784220	1785857	1654	0.0032	0	0	0
IOMTU433_RS08480	3-deoxy-8-phosphooctulonate synthase	NZ_AP014649.1	1785889	1786746	1655	0.0033333333333333335	0	0	0
IOMTU433_RS08485	phosphopyruvate hydratase	NZ_AP014649.1	1786792	1788081	1656	0.0035333333333333336	0	0	0
IOMTU433_RS08490	DUF421 domain-containing protein	NZ_AP014649.1	1788855	1788178	1657	0.003666666666666667	0	0	0
IOMTU433_RS08495	cell division protein FtsB	NZ_AP014649.1	1789483	1789872	1658	0.003933333333333334	0	0	0
IOMTU433_RS08500	2-C-methyl-D-erythritol 4-phosphate cytidylyltransferase	NZ_AP014649.1	1789838	1790554	1659	0.004733333333333334	0	0	0
IOMTU433_RS08505	3-oxoacid CoA-transferase subunit A	NZ_AP014649.1	1790904	1791575	1660	0.005000000000000001	0	0	0
IOMTU433_RS08510	CoA transferase subunit B	NZ_AP014649.1	1791594	1792247	1661	0.005133333333333334	0	0	0
IOMTU433_RS08515	3-oxoadipyl-CoA thiolase	NZ_AP014649.1	1792260	1793471	1662	0.005200000000000001	0	0	0
IOMTU433_RS08520	3-carboxy-cis,cis-muconate cycloisomerase	NZ_AP014649.1	1793474	1794829	1663	0.005333333333333334	0	0	0
IOMTU433_RS08525	3-oxoadipate enol-lactonase	NZ_AP014649.1	1794826	1795611	1664	0.005400000000000001	0	0	0
IOMTU433_RS08530	MFS transporter	NZ_AP014649.1	1795654	1797009	1665	0.005400000000000001	0	0	0
IOMTU433_RS08535	4-carboxymuconolactone decarboxylase	NZ_AP014649.1	1797025	1797438	1666	0.005466666666666667	0	0	0
IOMTU433_RS08540	protocatechuate 3,4-dioxygenase subunit beta	NZ_AP014649.1	1797449	1798174	1667	0.0058666666666666685	0	0	0
IOMTU433_RS08545	protocatechuate 3,4-dioxygenase subunit alpha	NZ_AP014649.1	1798189	1798818	1668	0.0058666666666666685	0	0	0
IOMTU433_RS08550	type I 3-dehydroquinate dehydratase	NZ_AP014649.1	1798888	1799715	1669	0.005933333333333335	0	0	0
IOMTU433_RS08555	right-handed parallel beta-helix repeat-containing protein	NZ_AP014649.1	1799735	1801186	1670	0.005933333333333335	0	0	0
IOMTU433_RS08560	carbohydrate porin	NZ_AP014649.1	1801246	1802565	1671	0.006133333333333335	0	0	0
IOMTU433_RS08565	glucose/quinate/shikimate family membrane-bound PQQ-dependent dehydrogenase	NZ_AP014649.1	1802648	1805077	1672	0.006133333333333335	0	0	0
IOMTU433_RS08570	hypothetical protein	NZ_AP014649.1	1805707	1806174	1673	0.006066666666666668	0	0.5	0
IOMTU433_RS08575	YeeE/YedE family protein	NZ_AP014649.1	1806310	1806723	1674	0.006266666666666669	0	0.5	0
IOMTU433_RS08580	YeeE/YedE family protein	NZ_AP014649.1	1806728	1807141	1675	0.005933333333333335	0	0.5	0
IOMTU433_RS08585	MBL fold metallo-hydrolase	NZ_AP014649.1	1807146	1808012	1676	0.005466666666666669	0	0	0
IOMTU433_RS08590	IclR family transcriptional regulator PcaU	NZ_AP014649.1	1808917	1808105	1677	0.005266666666666669	0	0	0
IOMTU433_RS08595	LysR family transcriptional regulator	NZ_AP014649.1	1809880	1808960	1678	0.005133333333333335	0	0	0
IOMTU433_RS08600	acyl-CoA dehydrogenase family protein	NZ_AP014649.1	1809969	1811210	1679	0.005266666666666669	0	0	0
IOMTU433_RS08605	phosphotransferase family protein	NZ_AP014649.1	1811228	1812349	1680	0.004733333333333334	0	0	0
IOMTU433_RS08610	histidine phosphatase family protein	NZ_AP014649.1	1812346	1813044	1681	0.004600000000000001	0	0	0
IOMTU433_RS08615	SDR family oxidoreductase	NZ_AP014649.1	1813060	1813803	1682	0.004066666666666668	0	0	0
IOMTU433_RS08620	OprD family outer membrane porin	NZ_AP014649.1	1815095	1813839	1683	0.004066666666666668	0	0	0
IOMTU433_RS08625	MFS transporter	NZ_AP014649.1	1816561	1815212	1684	0.003733333333333334	0	0	0
IOMTU433_RS08630	MarR family winged helix-turn-helix transcriptional regulator	NZ_AP014649.1	1817441	1816974	1685	0.003600000000000001	0	1	0
IOMTU433_RS08635	amidase	NZ_AP014649.1	1817591	1818700	1686	0.003466666666666668	0	0	0
IOMTU433_RS08640	acyl-CoA dehydrogenase family protein	NZ_AP014649.1	1818737	1819885	1687	0.003400000000000001	0	0	0
IOMTU433_RS08645	hypothetical protein	NZ_AP014649.1	1819914	1820273	1688	0.003333333333333335	0	0.5	0
IOMTU433_RS08650	nuclear transport factor 2 family protein	NZ_AP014649.1	1820284	1820811	1689	0.0025333333333333336	0	0	0
IOMTU433_RS08655	aromatic ring-hydroxylating dioxygenase subunit alpha	NZ_AP014649.1	1820841	1822118	1690	0.0022666666666666673	0	0	0
IOMTU433_RS08660	aromatic-ring-hydroxylating dioxygenase subunit beta	NZ_AP014649.1	1822129	1822614	1691	0.0022000000000000006	0	0	0
IOMTU433_RS08665	SDR family oxidoreductase	NZ_AP014649.1	1822625	1823362	1692	0.0021333333333333334	0	0	0
IOMTU433_RS08670	oxidoreductase	NZ_AP014649.1	1823397	1824350	1693	0.0020000000000000005	0	0	0
IOMTU433_RS08675	flavin reductase family protein	NZ_AP014649.1	1824396	1825352	1694	0.0019333333333333336	0	0	0
IOMTU433_RS08680	transcriptional regulator FeaR	NZ_AP014649.1	1825551	1826465	1695	0.0019333333333333336	0	0	0
IOMTU433_RS08685	primary-amine oxidase	NZ_AP014649.1	1826675	1828990	1696	0.001866666666666667	0	0	0
IOMTU433_RS08690	hypothetical protein	NZ_AP014649.1	1829135	1830352	1697	0.0014666666666666671	0	0.5	0
IOMTU433_RS08695	NAD-dependent phenylacetaldehyde dehydrogenase	NZ_AP014649.1	1830387	1831874	1698	0.0014666666666666671	0	0	0
IOMTU433_RS08700	penicillin acylase family protein	NZ_AP014649.1	1834408	1831946	1699	0.0014000000000000004	0	0	0
IOMTU433_RS08705	3-oxoadipate enol-lactonase	NZ_AP014649.1	1835447	1834668	1700	0.0014000000000000004	0	0	0
IOMTU433_RS08710	3-oxoadipyl-CoA thiolase	NZ_AP014649.1	1836672	1835458	1701	0.0012000000000000003	0	0	0
IOMTU433_RS08715	CoA transferase subunit B	NZ_AP014649.1	1837744	1837091	1702	0.0012000000000000003	0	0	0
IOMTU433_RS08720	3-oxoacid CoA-transferase subunit A	NZ_AP014649.1	1838434	1837763	1703	0.0012000000000000003	0	0	0
IOMTU433_RS08725	catechol 1,2-dioxygenase	NZ_AP014649.1	1839489	1838569	1704	0.0010000000000000002	0	0	0
IOMTU433_RS08730	muconolactone Delta-isomerase	NZ_AP014649.1	1839940	1839650	1705	0.0009333333333333334	0	0	0
IOMTU433_RS08735	muconate/chloromuconate family cycloisomerase	NZ_AP014649.1	1841070	1839964	1706	0.0009333333333333334	0	0	0
IOMTU433_RS08740	LysR family transcriptional regulator	NZ_AP014649.1	1841171	1842085	1707	0.0008666666666666667	0	0	0
IOMTU433_RS08745	TorF family putative porin	NZ_AP014649.1	1842167	1842961	1708	0.0011333333333333334	0	0	0
IOMTU433_RS08750	FadR family transcriptional regulator	NZ_AP014649.1	1843745	1843029	1709	0.0009333333333333334	0	0	0
IOMTU433_RS08755	dihydroxy-acid dehydratase	NZ_AP014649.1	1845562	1843829	1710	0.0009333333333333334	0	0	0
IOMTU433_RS08760	multidrug efflux MFS transporter AbaQ	NZ_AP014649.1	1845732	1847036	1711	0.0009333333333333334	0	0	0
IOMTU433_RS08765	fumarylacetoacetate hydrolase	NZ_AP014649.1	1847047	1848045	1712	0.0018666666666666669	0	0	0
IOMTU433_RS08770	aldehyde dehydrogenase (NADP(+))	NZ_AP014649.1	1848057	1849631	1713	0.0074666666666666675	0	0	0
IOMTU433_RS08775	hypothetical protein	NZ_AP014649.1	1850580	1849684	1714	0.017400000000000002	0	0.5	0
IOMTU433_RS08780	alpha/beta hydrolase	NZ_AP014649.1	1850910	1851740	1715	0.030733333333333335	0	0	0
IOMTU433_RS08785	NADH:flavin oxidoreductase/NADH oxidase family protein	NZ_AP014649.1	1851902	1853140	1716	0.04533333333333334	0	0	0
IOMTU433_RS08790	saccharopine dehydrogenase NADP-binding domain-containing protein	NZ_AP014649.1	1853156	1854223	1717	0.06833333333333333	0	0	0
IOMTU433_RS08795	dihydrofolate reductase family protein	NZ_AP014649.1	1854417	1854992	1718	0.09193333333333334	0	0	0
IOMTU433_RS08800	type 1 glutamine amidotransferase domain-containing protein	NZ_AP014649.1	1855866	1855060	1719	0.113	0	0	0
IOMTU433_RS08805	MerR family transcriptional regulator	NZ_AP014649.1	1856358	1855942	1720	0.13246666666666668	0	0	0
IOMTU433_RS08810	type 1 glutamine amidotransferase domain-containing protein	NZ_AP014649.1	1856514	1857206	1721	0.14433333333333334	0	0	0
IOMTU433_RS08815	FAD-dependent oxidoreductase	NZ_AP014649.1	1858503	1857298	1722	0.14906666666666668	0	0	0
IOMTU433_RS08820	Rrf2 family transcriptional regulator	NZ_AP014649.1	1859209	1858661	1723	0.1548	0	0	0
IOMTU433_RS08825	MBL fold metallo-hydrolase	NZ_AP014649.1	1860427	1859408	1724	0.16026666666666667	0	0	0
IOMTU433_RS08830	TetR/AcrR family transcriptional regulator	NZ_AP014649.1	1861136	1860567	1725	0.1633333333333333	0	0	0
IOMTU433_RS08835	LysR family transcriptional regulator	NZ_AP014649.1	1862165	1861230	1726	0.16593333333333332	0	0	0
IOMTU433_RS08840	SDR family oxidoreductase	NZ_AP014649.1	1862345	1863109	1727	0.16773333333333335	0	0	0
IOMTU433_RS08845	glucose 1-dehydrogenase	NZ_AP014649.1	1863122	1863877	1728	0.17073333333333332	0	0	0
IOMTU433_RS08850	SDR family NAD(P)-dependent oxidoreductase	NZ_AP014649.1	1863922	1864833	1729	0.1722	0	0	0
IOMTU433_RS08855	MaoC family dehydratase	NZ_AP014649.1	1864836	1865297	1730	0.17446666666666663	0	0	0
IOMTU433_RS08860	acyl-CoA dehydrogenase	NZ_AP014649.1	1865307	1867130	1731	0.17466666666666664	0	0	0
IOMTU433_RS08865	long-chain fatty acid transporter	NZ_AP014649.1	1867288	1868661	1732	0.17546666666666663	0	0	0
IOMTU433_RS08870	AMP-binding protein	NZ_AP014649.1	1868799	1870439	1733	0.17653333333333332	0	0	0
IOMTU433_RS08875	bile acid:sodium symporter family protein	NZ_AP014649.1	1870514	1871416	1734	0.1769333333333333	0	0	0
IOMTU433_RS08885	TetR/AcrR family transcriptional regulator	NZ_AP014649.1	1872185	1872763	1735	0.17719999999999997	0	0	0
IOMTU433_RS08890	hypothetical protein	NZ_AP014649.1	1872843	1873358	1736	0.1775333333333333	0	0.5	0
IOMTU433_RS08900	hypothetical protein	NZ_AP014649.1	1874148	1874627	1737	0.17759999999999995	0	0.5	0
IOMTU433_RS08905	DUF2247 family protein	NZ_AP014649.1	1874727	1875233	1738	0.17726666666666663	0	0	0
IOMTU433_RS08910	SMI1/KNR4 family protein	NZ_AP014649.1	1875300	1875779	1739	0.1773333333333333	0	0	0
IOMTU433_RS08915	hypothetical protein	NZ_AP014649.1	1875898	1876359	1740	0.1773333333333333	0	0.5	0
IOMTU433_RS08920	immunity 49 family protein	NZ_AP014649.1	1876426	1877283	1741	0.17726666666666663	0	0	0
IOMTU433_RS20555	hypothetical protein	NZ_AP014649.1	1877486	1877626	1742	0.1763333333333333	0	0.5	0
IOMTU433_RS08930	hypothetical protein	NZ_AP014649.1	1877755	1878153	1743	0.1706666666666666	0	0.5	0
IOMTU433_RS08935	hypothetical protein	NZ_AP014649.1	1878271	1878630	1744	0.16066666666666662	0	0.5	0
IOMTU433_RS08940	hypothetical protein	NZ_AP014649.1	1878839	1879417	1745	0.1473333333333333	0	0.5	0
IOMTU433_RS08950	hypothetical protein	NZ_AP014649.1	1880277	1880660	1746	0.13266666666666663	0	0.5	0
IOMTU433_RS08955	MFS transporter	NZ_AP014649.1	1882086	1880746	1747	0.10959999999999998	0	0	0
IOMTU433_RS08960	amidohydrolase family protein	NZ_AP014649.1	1882908	1882096	1748	0.08579999999999995	0	0	0
IOMTU433_RS08965	SLC13 family permease	NZ_AP014649.1	1884205	1882916	1749	0.06480000000000001	0	0	0
IOMTU433_RS08970	GntR family transcriptional regulator	NZ_AP014649.1	1884317	1885048	1750	0.045333333333333344	0	0	0
IOMTU433_RS08975	SMP-30/gluconolactonase/LRE family protein	NZ_AP014649.1	1886020	1885142	1751	0.0334	0	0	0
IOMTU433_RS08980	MFS transporter	NZ_AP014649.1	1886317	1887660	1752	0.02866666666666667	0	0	0
IOMTU433_RS08985	LysR family transcriptional regulator	NZ_AP014649.1	1888693	1887761	1753	0.02293333333333334	0	0	0
IOMTU433_RS08990	DMT family transporter	NZ_AP014649.1	1888793	1889227	1754	0.01746666666666667	0	0	0
IOMTU433_RS08995	DMT family transporter	NZ_AP014649.1	1889237	1889695	1755	0.014400000000000001	0	0	0
IOMTU433_RS09000	helix-turn-helix domain-containing protein	NZ_AP014649.1	1889899	1890597	1756	0.011800000000000003	0	1	0
IOMTU433_RS09005	MFS transporter	NZ_AP014649.1	1891983	1890664	1757	0.010000000000000002	0	0	0
IOMTU433_RS09010	hydroxyacid dehydrogenase	NZ_AP014649.1	1893032	1892055	1758	0.007000000000000002	0	0	0
IOMTU433_RS09015	RraA family protein	NZ_AP014649.1	1893243	1893920	1759	0.0055333333333333345	0	0	0
IOMTU433_RS09020	hypothetical protein	NZ_AP014649.1	1894077	1895345	1760	0.0032666666666666664	0	0.5	0
IOMTU433_RS09025	type II toxin-antitoxin system Phd/YefM family antitoxin	NZ_AP014649.1	1895407	1895595	1761	0.003066666666666667	0	0	0
IOMTU433_RS09030	type I secretion C-terminal target domain-containing protein	NZ_AP014649.1	1895872	1900728	1762	0.002266666666666667	0	0	0
IOMTU433_RS09035	HlyD family secretion protein	NZ_AP014649.1	1901897	1900809	1763	0.0012000000000000001	0	0	0
IOMTU433_RS09040	MFS transporter	NZ_AP014649.1	1903471	1901894	1764	0.000866666666666667	0	0	0
IOMTU433_RS09045	TetR/AcrR family transcriptional regulator	NZ_AP014649.1	1903638	1904258	1765	0.0006000000000000001	0	0	0
IOMTU433_RS09050	aldehyde dehydrogenase (NADP(+))	NZ_AP014649.1	1905913	1904336	1766	0.0002666666666666667	0	0	0
IOMTU433_RS09055	dihydroxy-acid dehydratase family protein	NZ_AP014649.1	1907717	1905930	1767	0.0002	0	0	0
IOMTU433_RS09060	fumarylacetoacetate hydrolase family protein	NZ_AP014649.1	1908980	1907805	1768	0.0036666666666666666	0	0	0
IOMTU433_RS09065	LysR family transcriptional regulator	NZ_AP014649.1	1909092	1910027	1769	0.0037333333333333333	0	0	0
IOMTU433_RS09070	SDR family oxidoreductase	NZ_AP014649.1	1910238	1911209	1770	0.003933333333333334	0	0	0
IOMTU433_RS09075	MFS transporter	NZ_AP014649.1	1911243	1912619	1771	0.0041333333333333335	0	0	0
IOMTU433_RS09080	NAD(P)-dependent oxidoreductase	NZ_AP014649.1	1912619	1913491	1772	0.0042	0	0	0
IOMTU433_RS09085	AraC family transcriptional regulator	NZ_AP014649.1	1914472	1913588	1773	0.004333333333333333	0	0	0
IOMTU433_RS09090	cupin domain-containing protein	NZ_AP014649.1	1914681	1915175	1774	0.0044	0	0	0
IOMTU433_RS09095	carboxymuconolactone decarboxylase family protein	NZ_AP014649.1	1915288	1915926	1775	0.0044	0	0	0
IOMTU433_RS09100	NAD(P)-dependent alcohol dehydrogenase	NZ_AP014649.1	1915982	1917034	1776	0.0052	0	0	0
IOMTU433_RS09105	ABC transporter substrate-binding protein	NZ_AP014649.1	1917465	1918484	1777	0.0052	0	0	0
IOMTU433_RS09110	iron ABC transporter permease	NZ_AP014649.1	1918487	1919497	1778	0.005533333333333334	0	0	0
IOMTU433_RS09115	ABC transporter ATP-binding protein	NZ_AP014649.1	1919494	1920258	1779	0.006933333333333334	0	0	0
IOMTU433_RS09120	GNAT family N-acetyltransferase	NZ_AP014649.1	1920255	1920746	1780	0.008	0	0	0
IOMTU433_RS09125	helix-turn-helix transcriptional regulator	NZ_AP014649.1	1921529	1920741	1781	0.008066666666666668	0	1	0
IOMTU433_RS09130	sulfite exporter TauE/SafE family protein	NZ_AP014649.1	1921628	1922431	1782	0.0086	0	0	0
IOMTU433_RS09135	ribose-phosphate pyrophosphokinase	NZ_AP014649.1	1922613	1923497	1783	0.008733333333333334	0	0	0
IOMTU433_RS09140	nicotinate phosphoribosyltransferase	NZ_AP014649.1	1923509	1925002	1784	0.0088	0	0	0
IOMTU433_RS09145	NUDIX hydrolase	NZ_AP014649.1	1925063	1925830	1785	0.008866666666666667	0	0	0
IOMTU433_RS09150	methylenetetrahydrofolate reductase C-terminal domain-containing protein	NZ_AP014649.1	1925904	1927298	1786	0.008866666666666667	0	0	0
IOMTU433_RS09155	HlyD family secretion protein	NZ_AP014649.1	1928347	1929408	1787	0.008866666666666667	0	0	0
IOMTU433_RS09160	DHA2 family efflux MFS transporter permease subunit	NZ_AP014649.1	1929433	1930980	1788	0.009000000000000001	0	0	0
IOMTU433_RS09165	hypothetical protein	NZ_AP014649.1	1931168	1931956	1789	0.009000000000000001	0	0.5	0
IOMTU433_RS09170	GH3 auxin-responsive promoter family protein	NZ_AP014649.1	1931953	1933539	1790	0.009000000000000001	0	0	0
IOMTU433_RS09175	TolC family protein	NZ_AP014649.1	1933626	1934864	1791	0.009000000000000001	0	0	0
IOMTU433_RS09180	hypothetical protein	NZ_AP014649.1	1934857	1936020	1792	0.009000000000000001	0	0.5	0
IOMTU433_RS09185	acid phosphatase	NZ_AP014649.1	1936147	1937118	1793	0.009000000000000001	0	0	0
IOMTU433_RS09190	hypothetical protein	NZ_AP014649.1	1937130	1937774	1794	0.009066666666666667	0	0.5	0
IOMTU433_RS09195	HD domain-containing protein	NZ_AP014649.1	1938249	1937809	1795	0.009066666666666667	0	0	0
IOMTU433_RS09200	type II toxin-antitoxin system HipA family toxin	NZ_AP014649.1	1938545	1939876	1796	0.009266666666666668	0	0	0
IOMTU433_RS09205	helix-turn-helix domain-containing protein	NZ_AP014649.1	1939873	1940181	1797	0.009266666666666668	0	1	0
IOMTU433_RS09210	TetR/AcrR family transcriptional regulator	NZ_AP014649.1	1940904	1941452	1798	0.006533333333333335	0	0	0
IOMTU433_RS09215	AAA family ATPase	NZ_AP014649.1	1941646	1943343	1799	0.006400000000000001	0	0	0
IOMTU433_RS09220	ATP-dependent helicase	NZ_AP014649.1	1943348	1944973	1800	0.006266666666666668	0	0	0
IOMTU433_RS09225	GNAT family N-acetyltransferase	NZ_AP014649.1	1945010	1945528	1801	0.006066666666666667	0	0	0
IOMTU433_RS20880	TetR family transcriptional regulator	NZ_AP014649.1	1945533	1945610	1802	0.006000000000000001	0	0	0
IOMTU433_RS09230	hypothetical protein	NZ_AP014649.1	1945781	1946368	1803	0.005866666666666668	0	0.5	0
IOMTU433_RS09235	RNA 2'-phosphotransferase	NZ_AP014649.1	1946935	1946393	1804	0.0058000000000000005	0	0	0
IOMTU433_RS09240	hypothetical protein	NZ_AP014649.1	1947107	1947634	1805	0.0058000000000000005	0	0.5	0
IOMTU433_RS09245	prolyl oligopeptidase family serine peptidase	NZ_AP014649.1	1948571	1947687	1806	0.005	0	0	0
IOMTU433_RS09250	SDR family NAD(P)-dependent oxidoreductase	NZ_AP014649.1	1949537	1948701	1807	0.005	0	0	0
IOMTU433_RS09255	alpha/beta fold hydrolase	NZ_AP014649.1	1950475	1949555	1808	0.004666666666666667	0	0	0
IOMTU433_RS09260	AraC family transcriptional regulator ligand-binding domain-containing protein	NZ_AP014649.1	1950667	1951692	1809	0.003200000000000001	0	0	0
IOMTU433_RS09265	putative multidrug efflux protein AdeT1	NZ_AP014649.1	1952761	1951766	1810	0.0021333333333333334	0	0	0
IOMTU433_RS09270	two-component sensor histidine kinase AdeS	NZ_AP014649.1	1953958	1952885	1811	0.0020666666666666667	0	0	0
IOMTU433_RS09275	efflux system response regulator transcription factor AdeR	NZ_AP014649.1	1954733	1953990	1812	0.0015333333333333334	0	0	0
IOMTU433_RS09280	multidrug efflux RND transporter periplasmic adaptor subunit AdeA	NZ_AP014649.1	1954879	1956069	1813	0.0015333333333333334	0	0	0
IOMTU433_RS09285	multidrug efflux RND transporter permease subunit AdeB	NZ_AP014649.1	1956066	1959176	1814	0.0015333333333333334	0	0	0
IOMTU433_RS09290	excinuclease ABC subunit UvrA	NZ_AP014649.1	1961583	1959322	1815	0.002733333333333333	0	0	0
IOMTU433_RS09295	hypothetical protein	NZ_AP014649.1	1962375	1962061	1816	0.004866666666666667	0	0.5	0
IOMTU433_RS09300	replication initiation factor domain-containing protein	NZ_AP014649.1	1963870	1962365	1817	0.005	0	0	0
IOMTU433_RS09305	hypothetical protein	NZ_AP014649.1	1964130	1963867	1818	0.004866666666666668	0	0.5	0
IOMTU433_RS09310	hypothetical protein	NZ_AP014649.1	1964239	1964445	1819	0.005200000000000001	0	0.5	0
IOMTU433_RS09315	hypothetical protein	NZ_AP014649.1	1965254	1964940	1820	0.005200000000000001	0	0.5	0
IOMTU433_RS09320	replication initiation factor domain-containing protein	NZ_AP014649.1	1966749	1965244	1821	0.005200000000000001	0	0	0
IOMTU433_RS09325	hypothetical protein	NZ_AP014649.1	1967009	1966746	1822	0.005333333333333334	0	0.5	0
IOMTU433_RS09330	hypothetical protein	NZ_AP014649.1	1967118	1967324	1823	0.005333333333333334	0	0.5	0
IOMTU433_RS09335	hypothetical protein	NZ_AP014649.1	1968647	1968937	1824	0.005266666666666668	0	0.5	0
IOMTU433_RS09340	type 1 fimbrial protein	NZ_AP014649.1	1969428	1969961	1825	0.005333333333333334	0	0	0
IOMTU433_RS09345	molecular chaperone	NZ_AP014649.1	1970050	1970784	1826	0.005200000000000001	0	0	0
IOMTU433_RS09350	fimbrial biogenesis outer membrane usher protein	NZ_AP014649.1	1970842	1973400	1827	0.005266666666666668	0	0	0
IOMTU433_RS09355	fimbrial protein	NZ_AP014649.1	1973397	1974428	1828	0.004533333333333334	0	0	0
IOMTU433_RS09360	DUF4882 family protein	NZ_AP014649.1	1974591	1975514	1829	0.004533333333333334	0	0	0
IOMTU433_RS09365	S-(hydroxymethyl)glutathione dehydrogenase/class III alcohol dehydrogenase	NZ_AP014649.1	1976680	1975571	1830	0.004533333333333334	0	0	0
IOMTU433_RS09370	hypothetical protein	NZ_AP014649.1	1978781	1976910	1831	0.004533333333333334	0	0.5	0
IOMTU433_RS09375	catalase family protein	NZ_AP014649.1	1978964	1980127	1832	0.0051333333333333335	0	0	0
IOMTU433_RS09380	hypothetical protein	NZ_AP014649.1	1980570	1980205	1833	0.0057333333333333325	0	0.5	0
IOMTU433_RS09385	hypothetical protein	NZ_AP014649.1	1981849	1981382	1834	0.0058	0	0.5	0
IOMTU433_RS09390	phospholipase D family protein	NZ_AP014649.1	1982282	1983841	1835	0.0058	0	0	0
IOMTU433_RS09395	uracil-DNA glycosylase family protein	NZ_AP014649.1	1984437	1983850	1836	0.006066666666666666	0	0	0
IOMTU433_RS09400	hypothetical protein	NZ_AP014649.1	1984841	1984605	1837	0.006066666666666666	0	0.5	0
IOMTU433_RS20565	hypothetical protein	NZ_AP014649.1	1985271	1985095	1838	0.006066666666666666	0	0.5	0
IOMTU433_RS09410	dipeptidase	NZ_AP014649.1	1986904	1985852	1839	0.006066666666666666	0	0	0
IOMTU433_RS09415	pyrroloquinoline quinone biosynthesis protein PqqE	NZ_AP014649.1	1988075	1986921	1840	0.006066666666666666	0	0	0
IOMTU433_RS09420	pyrroloquinoline quinone biosynthesis peptide chaperone PqqD	NZ_AP014649.1	1988356	1988072	1841	0.006066666666666666	0	0	0
IOMTU433_RS09425	pyrroloquinoline-quinone synthase PqqC	NZ_AP014649.1	1989111	1988353	1842	0.006066666666666666	0	0	0
IOMTU433_RS09430	pyrroloquinoline quinone biosynthesis protein PqqB	NZ_AP014649.1	1990031	1989120	1843	0.005933333333333333	0	0	0
IOMTU433_RS20185	pyrroloquinoline quinone precursor peptide PqqA	NZ_AP014649.1	1990181	1990107	1844	0.005866666666666667	0	0	0
IOMTU433_RS09435	polyphosphate kinase 1	NZ_AP014649.1	1992480	1990405	1845	0.004600000000000001	0	0	0
IOMTU433_RS09440	bifunctional metallophosphatase/5'-nucleotidase	NZ_AP014649.1	1992787	1994577	1846	0.002466666666666667	0	0	0
IOMTU433_RS09445	transcriptional repressor	NZ_AP014649.1	1995046	1994645	1847	0.0023333333333333335	0	0	0
IOMTU433_RS09450	isochorismatase family protein	NZ_AP014649.1	1996215	1995574	1848	0.0023333333333333335	0	0	0
IOMTU433_RS09455	SDR family oxidoreductase	NZ_AP014649.1	1997058	1996288	1849	0.002	0	0	0
IOMTU433_RS09460	ATP-binding cassette domain-containing protein	NZ_AP014649.1	1998038	1997418	1850	0.002	0	0	0
IOMTU433_RS09465	molybdate ABC transporter permease subunit	NZ_AP014649.1	1998735	1998043	1851	0.002	0	0	0
IOMTU433_RS09470	molybdate ABC transporter substrate-binding protein	NZ_AP014649.1	1999517	1998732	1852	0.0018666666666666666	0	0	0
IOMTU433_RS09475	LysR family transcriptional regulator	NZ_AP014649.1	2000056	1999706	1853	0.0018666666666666666	0	0	0
IOMTU433_RS09480	anthranilate 1,2-dioxygenase large subunit	NZ_AP014649.1	2000279	2001694	1854	0.0018666666666666666	0	0	0
IOMTU433_RS09485	anthranilate 1,2-dioxygenase small subunit	NZ_AP014649.1	2001697	2002188	1855	0.0018	0	0	0
IOMTU433_RS09490	anthranilate 1,2-dioxygenase electron transfer component AntC	NZ_AP014649.1	2002194	2003228	1856	0.0017333333333333333	0	0	0
IOMTU433_RS09495	AraC family transcriptional regulator	NZ_AP014649.1	2003693	2004751	1857	0.0016666666666666666	0	0	0
IOMTU433_RS09500	transporter	NZ_AP014649.1	2005754	2004807	1858	0.0016666666666666666	0	0	0
IOMTU433_RS09505	flavin reductase family protein	NZ_AP014649.1	2006339	2005809	1859	0.0016666666666666666	0	0	0
IOMTU433_RS09510	hypothetical protein	NZ_AP014649.1	2007606	2006368	1860	0.0016	0	0.5	0
IOMTU433_RS09515	SDR family oxidoreductase	NZ_AP014649.1	2008435	2007650	1861	0.0016	0	0	0
IOMTU433_RS09520	dienelactone hydrolase family protein	NZ_AP014649.1	2009697	2008447	1862	0.001	0	0	0
IOMTU433_RS09525	aromatic acid/H+ symport family MFS transporter	NZ_AP014649.1	2010028	2011371	1863	0.0004	0	0	0
IOMTU433_RS09530	AraC family transcriptional regulator	NZ_AP014649.1	2012425	2011439	1864	0.0004	0	0	0
IOMTU433_RS09535	3-hydroxybutyrate dehydrogenase	NZ_AP014649.1	2013535	2012750	1865	0.0004	0	0	0
IOMTU433_RS09540	GntP family permease	NZ_AP014649.1	2014990	2013569	1866	0.00013333333333333334	0	0	0
IOMTU433_RS09545	hypothetical protein	NZ_AP014649.1	2015872	2015456	1867	0.00013333333333333334	0	0.5	0
IOMTU433_RS09550	TetR/AcrR family transcriptional regulator	NZ_AP014649.1	2016588	2015974	1868	0.00013333333333333334	0	0	0
IOMTU433_RS09555	DoxX family membrane protein	NZ_AP014649.1	2016698	2017099	1869	0.0002666666666666667	0	0	0
IOMTU433_RS09560	RsiV family protein	NZ_AP014649.1	2018129	2017302	1870	0.0002666666666666667	0	0	0
IOMTU433_RS20925	hypothetical protein	NZ_AP014649.1	2018327	2018716	1871	0.0002666666666666667	0	0.5	0
IOMTU433_RS09570	LysR family transcriptional regulator	NZ_AP014649.1	2018864	2019745	1872	0.0002666666666666667	0	0	0
IOMTU433_RS09575	CoA transferase subunit A	NZ_AP014649.1	2019991	2020695	1873	0.0002666666666666667	0	0	0
IOMTU433_RS09580	CoA transferase subunit B	NZ_AP014649.1	2020697	2021338	1874	0.0002666666666666667	0	0	0
IOMTU433_RS09585	short-chain fatty acid transporter	NZ_AP014649.1	2021455	2022864	1875	0.0002666666666666667	0	0	0
IOMTU433_RS09590	thiolase family protein	NZ_AP014649.1	2022929	2024101	1876	0.0002666666666666667	0	0	0
IOMTU433_RS09595	LysR family transcriptional regulator	NZ_AP014649.1	2025058	2024162	1877	0.0002666666666666667	0	0	0
IOMTU433_RS09600	LysR family transcriptional regulator	NZ_AP014649.1	2026192	2025296	1878	0.0002666666666666667	0	0	0
IOMTU433_RS09605	hypothetical protein	NZ_AP014649.1	2027193	2026972	1879	0.0002666666666666667	0	0.5	0
IOMTU433_RS09610	hypothetical protein	NZ_AP014649.1	2027470	2027285	1880	0.0002666666666666667	0	0.5	0
IOMTU433_RS09615	aspartate ammonia-lyase	NZ_AP014649.1	2027884	2029302	1881	0.0002666666666666667	0	0	0
IOMTU433_RS09620	TonB-dependent siderophore receptor	NZ_AP014649.1	2031577	2029358	1882	0.0002666666666666667	0	0	0
IOMTU433_RS09625	MFS transporter	NZ_AP014649.1	2032096	2033382	1883	0.0002666666666666667	0	0	0
IOMTU433_RS09630	DUF971 domain-containing protein	NZ_AP014649.1	2033703	2033422	1884	0.0002	0	0	0
IOMTU433_RS09635	HEAT repeat domain-containing protein	NZ_AP014649.1	2034685	2033687	1885	0.0002	0	0	0
IOMTU433_RS09640	ABC transporter ATP-binding protein	NZ_AP014649.1	2035521	2034682	1886	0.0002	0	0	0
IOMTU433_RS09645	ABC transporter permease	NZ_AP014649.1	2036377	2035523	1887	0.0002	0	0	0
IOMTU433_RS09650	ABC transporter substrate-binding protein	NZ_AP014649.1	2037842	2036412	1888	0.0002	0	0	0
IOMTU433_RS09655	ferredoxin family protein	NZ_AP014649.1	2038107	2037862	1889	0.0002	0	0	0
IOMTU433_RS09660	fumarate reductase/succinate dehydrogenase flavoprotein subunit	NZ_AP014649.1	2039861	2038128	1890	0.0002	0	0	0
IOMTU433_RS09665	GntR family transcriptional regulator	NZ_AP014649.1	2040633	2039890	1891	0.0002	0	0	0
IOMTU433_RS09670	chromate efflux transporter	NZ_AP014649.1	2040875	2042224	1892	0.0002	0	0	0
IOMTU433_RS09675	NAD(P)H-dependent oxidoreductase	NZ_AP014649.1	2042916	2042308	1893	0.0002	0	0	0
IOMTU433_RS20190	helix-turn-helix transcriptional regulator	NZ_AP014649.1	2043012	2043407	1894	0.00013333333333333334	0	1	0
IOMTU433_RS09685	AraC family transcriptional regulator	NZ_AP014649.1	2044258	2043404	1895	0.00013333333333333334	0	0	0
IOMTU433_RS09690	EamA family transporter	NZ_AP014649.1	2044425	2045342	1896	0.00013333333333333334	0	0	0
IOMTU433_RS09695	homoserine dehydrogenase	NZ_AP014649.1	2046380	2045376	1897	0.00013333333333333334	0	0	0
IOMTU433_RS09700	sulfite exporter TauE/SafE family protein	NZ_AP014649.1	2047281	2046490	1898	0.00013333333333333334	0	0	0
IOMTU433_RS09705	TIGR01244 family phosphatase	NZ_AP014649.1	2049170	2047515	1899	0.0	0	0	0
IOMTU433_RS09710	MBL fold metallo-hydrolase	NZ_AP014649.1	2049875	2049180	1900	0.0	0	0	0
IOMTU433_RS09715	sigma-54 dependent transcriptional regulator	NZ_AP014649.1	2050067	2051338	1901	0.0	0	0	0
IOMTU433_RS09720	bestrophin	NZ_AP014649.1	2051408	2052319	1902	6.666666666666667e-05	0	0	0
IOMTU433_RS09725	2,3-butanediol dehydrogenase	NZ_AP014649.1	2053426	2052368	1903	6.666666666666667e-05	0	0	0
IOMTU433_RS09730	acetoin reductase	NZ_AP014649.1	2054241	2053456	1904	6.666666666666667e-05	0	0	0
IOMTU433_RS09735	dihydrolipoyl dehydrogenase	NZ_AP014649.1	2055671	2054268	1905	0.00013333333333333334	0	0	0
IOMTU433_RS09740	2-oxo acid dehydrogenase subunit E2	NZ_AP014649.1	2057208	2055682	1906	0.0014666666666666667	0	0	0
IOMTU433_RS09745	alpha-ketoacid dehydrogenase subunit beta	NZ_AP014649.1	2058229	2057210	1907	0.0042	0	0	0
IOMTU433_RS09750	thiamine pyrophosphate-dependent dehydrogenase E1 component subunit alpha	NZ_AP014649.1	2059205	2058243	1908	0.005933333333333333	0	0	0
IOMTU433_RS09755	lipoyl synthase	NZ_AP014649.1	2059570	2060556	1909	0.009733333333333333	0	0	0
IOMTU433_RS09760	transcriptional regulator	NZ_AP014649.1	2060714	2061853	1910	0.012733333333333334	0	0	0
IOMTU433_RS09765	iron-containing redox enzyme family protein	NZ_AP014649.1	2062652	2061900	1911	0.015733333333333332	0	0	0
IOMTU433_RS09770	GGDEF domain-containing protein	NZ_AP014649.1	2062973	2064202	1912	0.019933333333333334	0	0	0
IOMTU433_RS09775	chorismate synthase	NZ_AP014649.1	2065390	2064299	1913	0.023533333333333333	0	0	0
IOMTU433_RS09780	50S ribosomal protein L3 N(5)-glutamine methyltransferase	NZ_AP014649.1	2066407	2065403	1914	0	0	0	0
IOMTU433_RS09785	tryptophan synthase subunit beta	NZ_AP014649.1	2067849	2066644	1915	0.026533333333333336	0	0	0
IOMTU433_RS09790	VWA domain-containing protein	NZ_AP014649.1	2069073	2067886	1916	0.027800000000000002	0	0	0
IOMTU433_RS09795	MoxR family ATPase	NZ_AP014649.1	2069940	2069089	1917	0.028733333333333336	0	0	0
IOMTU433_RS09800	hypothetical protein	NZ_AP014649.1	2070356	2069970	1918	0.028933333333333335	0	0.5	0
IOMTU433_RS09805	YcgL domain-containing protein	NZ_AP014649.1	2070654	2070349	1919	0.028933333333333335	0	0.5	0
IOMTU433_RS20570	hypothetical protein	NZ_AP014649.1	2071097	2071261	1920	0.029133333333333337	0	0.5	0
IOMTU433_RS09815	hypothetical protein	NZ_AP014649.1	2071674	2071333	1921	0.029133333333333337	0	0.5	0
IOMTU433_RS09820	hypothetical protein	NZ_AP014649.1	2072071	2071805	1922	0.029133333333333337	0	0.5	0
IOMTU433_RS09825	HRDC domain-containing protein	NZ_AP014649.1	2073698	2072574	1923	0.029133333333333337	0	0	0
IOMTU433_RS09830	recombination mediator RecR	NZ_AP014649.1	2074600	2074004	1924	0.029133333333333337	0	0	0
IOMTU433_RS09835	YbaB/EbfC family nucleoid-associated protein	NZ_AP014649.1	2074939	2074610	1925	0.029133333333333337	0	0.5	0
IOMTU433_RS09840	hypothetical protein	NZ_AP014649.1	2075441	2075205	1926	0.029133333333333337	0	0.5	0
IOMTU433_RS09845	O-succinylhomoserine sulfhydrylase	NZ_AP014649.1	2076806	2075619	1927	0.029133333333333337	0	0	0
IOMTU433_RS09850	alpha/beta fold hydrolase	NZ_AP014649.1	2076940	2078025	1928	0.029133333333333337	0	0	0
IOMTU433_RS09855	methyltransferase domain-containing protein	NZ_AP014649.1	2078873	2078106	1929	0.029133333333333337	0	0	0
IOMTU433_RS09860	TonB C-terminal domain-containing protein	NZ_AP014649.1	2079422	2079048	1930	0.029200000000000004	0	0	0
IOMTU433_RS09865	hypothetical protein	NZ_AP014649.1	2079825	2079601	1931	0.029200000000000004	0	0.5	0
IOMTU433_RS09870	hypothetical protein	NZ_AP014649.1	2080525	2080325	1932	0.029200000000000004	0	0.5	0
IOMTU433_RS09875	GFA family protein	NZ_AP014649.1	2081081	2080656	1933	0.029200000000000004	0	0	0
IOMTU433_RS09880	YARHG domain-containing protein	NZ_AP014649.1	2081346	2081615	1934	0.02926666666666667	0	0.5	0
IOMTU433_RS09885	HIT family protein	NZ_AP014649.1	2081634	2082047	1935	0.029200000000000004	0	0	0
IOMTU433_RS09890	porin	NZ_AP014649.1	2082302	2083408	1936	0.028000000000000004	0	0	0
IOMTU433_RS09895	DUF937 domain-containing protein	NZ_AP014649.1	2084108	2083518	1937	0.025466666666666672	0	0	0
IOMTU433_RS09900	hypothetical protein	NZ_AP014649.1	2084669	2084208	1938	0.02373333333333334	0	0.5	0
IOMTU433_RS09905	DUF2797 domain-containing protein	NZ_AP014649.1	2084709	2085578	1939	0.020000000000000004	0	0	0
IOMTU433_RS09910	ABC transporter permease	NZ_AP014649.1	2086747	2085629	1940	0.017	0	0	0
IOMTU433_RS09915	ABC transporter permease	NZ_AP014649.1	2087876	2086752	1941	0.014333333333333333	0	0	0
IOMTU433_RS09920	ABC transporter ATP-binding protein	NZ_AP014649.1	2089644	2087887	1942	0.010400000000000001	0	0	0
IOMTU433_RS09925	HlyD family efflux transporter periplasmic adaptor subunit	NZ_AP014649.1	2090659	2089637	1943	0.008600000000000002	0	0	0
IOMTU433_RS09930	CerR family C-terminal domain-containing protein	NZ_AP014649.1	2090778	2091425	1944	0.007666666666666667	0	0	0
IOMTU433_RS09935	lipid-A-disaccharide synthase	NZ_AP014649.1	2092597	2091422	1945	0.006266666666666667	0	0	0
IOMTU433_RS09940	TonB-dependent siderophore receptor	NZ_AP014649.1	2092819	2094918	1946	0.005066666666666666	0	0	0
IOMTU433_RS09945	hypothetical protein	NZ_AP014649.1	2095005	2095280	1947	0.0044	0	0.5	0
IOMTU433_RS09950	PepSY domain-containing protein	NZ_AP014649.1	2095297	2096829	1948	0.0042	0	0	0
IOMTU433_RS09955	hypothetical protein	NZ_AP014649.1	2096826	2097122	1949	0.0042	0	0.5	0
IOMTU433_RS09960	sulfite exporter TauE/SafE family protein	NZ_AP014649.1	2097261	2098148	1950	0.004	0	0	0
IOMTU433_RS09965	3-deoxy-7-phosphoheptulonate synthase	NZ_AP014649.1	2098266	2099354	1951	0.004	0	0	0
IOMTU433_RS09970	adenosylcobinamide-GDP ribazoletransferase	NZ_AP014649.1	2100173	2099430	1952	0.0041333333333333335	0	0	0
IOMTU433_RS09975	histidine-type phosphatase	NZ_AP014649.1	2101848	2100280	1953	0.0041333333333333335	0	0	0
IOMTU433_RS09980	histidine phosphatase family protein	NZ_AP014649.1	2102572	2101973	1954	0.0041333333333333335	0	0	0
IOMTU433_RS09985	nicotinate-nucleotide--dimethylbenzimidazole phosphoribosyltransferase	NZ_AP014649.1	2103620	2102565	1955	0.004533333333333334	0	0	0
IOMTU433_RS09990	bifunctional adenosylcobinamide kinase/adenosylcobinamide-phosphate guanylyltransferase	NZ_AP014649.1	2104141	2103623	1956	0.004533333333333334	0	0	0
IOMTU433_RS09995	2'-5' RNA ligase family protein	NZ_AP014649.1	2104755	2104129	1957	0.004866666666666668	0	0	0
IOMTU433_RS10000	HAD family hydrolase	NZ_AP014649.1	2107004	2104860	1958	0.004866666666666668	0	0	0
IOMTU433_RS10005	acetyltransferase	NZ_AP014649.1	2107956	2107336	1959	0.004866666666666668	0	0	0
IOMTU433_RS10010	hypothetical protein	NZ_AP014649.1	2108430	2108092	1960	0.0048000000000000004	0	0.5	0
IOMTU433_RS10015	PepSY domain-containing protein	NZ_AP014649.1	2109950	2108427	1961	0.0048000000000000004	0	0	0
IOMTU433_RS10020	hypothetical protein	NZ_AP014649.1	2110244	2109951	1962	0.004733333333333334	0	0.5	0
IOMTU433_RS10025	TonB-dependent receptor	NZ_AP014649.1	2112647	2110329	1963	0.004733333333333334	0	0	0
IOMTU433_RS10030	RraA family protein	NZ_AP014649.1	2113350	2112733	1964	0.004666666666666667	0	0	0
IOMTU433_RS10035	(2Fe-2S)-binding protein	NZ_AP014649.1	2114107	2113337	1965	0.004666666666666667	0	0	0
IOMTU433_RS10040	siderophore biosynthesis protein, IucA/IucC family	NZ_AP014649.1	2116030	2114120	1966	0.0045333333333333345	0	0	0
IOMTU433_RS10045	siderophore achromobactin biosynthesis protein AcsC	NZ_AP014649.1	2117881	2116040	1967	0.004333333333333333	0	0	0
IOMTU433_RS10050	DHA2 family efflux MFS transporter permease subunit	NZ_AP014649.1	2119332	2117893	1968	0.004333333333333333	0	0	0
IOMTU433_RS10055	SidA/IucD/PvdA family monooxygenase	NZ_AP014649.1	2120786	2119353	1969	0.0051333333333333335	0	0	0
IOMTU433_RS10060	siderophore biosynthesis protein	NZ_AP014649.1	2122563	2120779	1970	0.005866666666666667	0	0	0
IOMTU433_RS10065	Cys-tRNA(Pro) deacylase	NZ_AP014649.1	2123399	2122935	1971	0.0063999999999999994	0	0	0
IOMTU433_RS10070	hypothetical protein	NZ_AP014649.1	2123590	2123892	1972	0.006799999999999999	0	0.5	0
IOMTU433_RS10075	AarF/ABC1/UbiB kinase family protein	NZ_AP014649.1	2124129	2125502	1973	0.005666666666666666	0	0	0
IOMTU433_RS10080	acyl-CoA dehydrogenase family protein	NZ_AP014649.1	2125732	2127015	1974	0.006133333333333333	0	0	0
IOMTU433_RS10085	acyl-CoA dehydrogenase family protein	NZ_AP014649.1	2127037	2128242	1975	0.007199999999999999	0	0	0
IOMTU433_RS10090	alkane 1-monooxygenase	NZ_AP014649.1	2129581	2128358	1976	0.009533333333333333	0	0	0
IOMTU433_RS10095	cupin domain-containing protein	NZ_AP014649.1	2129753	2130718	1977	0.011066666666666667	0	0	0
IOMTU433_RS10100	SurA N-terminal domain-containing protein	NZ_AP014649.1	2132623	2130758	1978	0.012000000000000002	0	0	0
IOMTU433_RS10105	HU family DNA-binding protein	NZ_AP014649.1	2133027	2132755	1979	0.01246666666666667	0	0	0
IOMTU433_RS10110	phasin family protein	NZ_AP014649.1	2133652	2133197	1980	0.012600000000000002	0	0	0
IOMTU433_RS10115	hypothetical protein	NZ_AP014649.1	2133863	2134510	1981	0.012600000000000002	0	0.5	0
IOMTU433_RS10120	Rrf2 family transcriptional regulator	NZ_AP014649.1	2134620	2135093	1982	0.01246666666666667	0	0	0
IOMTU433_RS10125	IscS subfamily cysteine desulfurase	NZ_AP014649.1	2135095	2136312	1983	0.01246666666666667	0	0	0
IOMTU433_RS10130	Fe-S cluster assembly scaffold IscU	NZ_AP014649.1	2136379	2136765	1984	0.012533333333333336	0	0	0
IOMTU433_RS10135	iron-sulfur cluster assembly protein IscA	NZ_AP014649.1	2136796	2137116	1985	0.012133333333333335	0	0	0
IOMTU433_RS10140	Fe-S protein assembly co-chaperone HscB	NZ_AP014649.1	2137202	2137720	1986	0.012133333333333335	0	0	0
IOMTU433_RS10145	Fe-S protein assembly chaperone HscA	NZ_AP014649.1	2137759	2139618	1987	0.011800000000000001	0	0	0
IOMTU433_RS10150	ISC system 2Fe-2S type ferredoxin	NZ_AP014649.1	2139637	2139975	1988	0.011800000000000001	0	0	0
IOMTU433_RS10155	guanylate cyclase	NZ_AP014649.1	2141492	2140023	1989	0.011800000000000001	0	0	0
IOMTU433_RS10160	HIT domain-containing protein	NZ_AP014649.1	2141979	2141545	1990	0.011800000000000001	0	0	0
IOMTU433_RS10165	transcription-repair coupling factor	NZ_AP014649.1	2145641	2142180	1991	0.011800000000000001	0	0	0
IOMTU433_RS10170	hypothetical protein	NZ_AP014649.1	2146132	2145776	1992	0.011800000000000001	0	0.5	0
IOMTU433_RS10175	Dyp-type peroxidase	NZ_AP014649.1	2147140	2146208	1993	0.011800000000000001	0	0	0
IOMTU433_RS10180	glutathione S-transferase N-terminal domain-containing protein	NZ_AP014649.1	2148068	2147286	1994	0.011800000000000001	0	0	0
IOMTU433_RS10185	ribonuclease E activity regulator RraA	NZ_AP014649.1	2148595	2148089	1995	0.011800000000000001	0	0	0
IOMTU433_RS10190	nucleoside-diphosphate sugar epimerase	NZ_AP014649.1	2149273	2148608	1996	0.011866666666666668	0	0	0
IOMTU433_RS10195	30S ribosomal protein S20	NZ_AP014649.1	2149486	2149752	1997	0	0	0	0
IOMTU433_RS10200	histidine phosphatase family protein	NZ_AP014649.1	2150543	2149809	1998	0.011866666666666668	0	0	0
IOMTU433_RS10205	3'(2'),5'-bisphosphate nucleotidase CysQ	NZ_AP014649.1	2151458	2150601	1999	0.011000000000000003	0	0	0
IOMTU433_RS10210	hypothetical protein	NZ_AP014649.1	2151768	2152136	2000	0.010266666666666669	0	0.5	0
IOMTU433_RS10215	SOS response-associated peptidase family protein	NZ_AP014649.1	2152849	2152190	2001	0.0094	0	0	0
IOMTU433_RS10220	ABC transporter ATP-binding protein	NZ_AP014649.1	2154687	2152957	2002	0.008733333333333334	0	0	0
IOMTU433_RS10225	ABC transporter permease	NZ_AP014649.1	2155842	2154700	2003	0.0084	0	0	0
IOMTU433_RS10230	ABC transporter permease	NZ_AP014649.1	2156788	2155850	2004	0.007333333333333334	0	0	0
IOMTU433_RS10235	Zn-dependent oligopeptidase	NZ_AP014649.1	2158834	2156801	2005	0.006666666666666668	0	0	0
IOMTU433_RS10240	ABC transporter substrate-binding protein	NZ_AP014649.1	2160658	2158835	2006	0.007066666666666667	0	0	0
IOMTU433_RS10245	ABC transporter substrate-binding protein	NZ_AP014649.1	2162464	2160674	2007	0.0094	0	0	0
IOMTU433_RS10250	TonB-dependent receptor	NZ_AP014649.1	2163240	2165954	2008	0.013800000000000002	0	0	0
IOMTU433_RS10255	energy transducer TonB	NZ_AP014649.1	2166064	2166780	2009	0.021266666666666666	0	0	0
IOMTU433_RS10260	MotA/TolQ/ExbB proton channel family protein	NZ_AP014649.1	2166821	2167702	2010	0.030533333333333332	0	0	0
IOMTU433_RS10265	biopolymer transporter ExbD	NZ_AP014649.1	2167718	2168140	2011	0.04359999999999999	0	0	0
IOMTU433_RS10270	biopolymer transporter ExbD	NZ_AP014649.1	2168160	2168573	2012	0.044066666666666664	0	0	0
IOMTU433_RS20195	GNAT family acetyltransferase	NZ_AP014649.1	2168774	2168613	2013	0.04426666666666666	0	0	0
IOMTU433_RS10275	malate synthase G	NZ_AP014649.1	2171042	2168877	2014	0.04833333333333334	0	0	0
IOMTU433_RS10280	cell division protein ZapE	NZ_AP014649.1	2172554	2171412	2015	0.04953333333333334	0	0	0
IOMTU433_RS10285	AraC family transcriptional regulator	NZ_AP014649.1	2173615	2172638	2016	0.05233333333333334	0	0	0
IOMTU433_RS10290	NAD(P)/FAD-dependent oxidoreductase	NZ_AP014649.1	2173779	2175326	2017	0.06453333333333335	0	0	0
IOMTU433_RS10295	lysine exporter LysO family protein	NZ_AP014649.1	2175376	2176287	2018	0.06886666666666667	0	0	0
IOMTU433_RS10300	orotidine-5'-phosphate decarboxylase	NZ_AP014649.1	2176982	2176284	2019	0.07313333333333334	0	0	0
IOMTU433_RS10305	DUF1049 domain-containing protein	NZ_AP014649.1	2177515	2177150	2020	0.07486666666666668	0	0	0
IOMTU433_RS10310	integration host factor subunit beta	NZ_AP014649.1	2177842	2177540	2021	0.09620000000000002	0	0	0
IOMTU433_RS10315	30S ribosomal protein S1	NZ_AP014649.1	2179672	2177999	2022	0	0	0	0
IOMTU433_RS10320	(d)CMP kinase	NZ_AP014649.1	2180463	2179777	2023	0.10940000000000001	0	0	0
IOMTU433_RS10325	SRPBCC family protein	NZ_AP014649.1	2180914	2180471	2024	0.11146666666666667	0	0	0
IOMTU433_RS10330	tRNA adenosine(34) deaminase TadA	NZ_AP014649.1	2181487	2180984	2025	0.11786666666666669	0	0	0
IOMTU433_RS10335	enoyl-CoA hydratase/isomerase family protein	NZ_AP014649.1	2182618	2181494	2026	0.12400000000000001	0	0	0
IOMTU433_RS10340	uracil-DNA glycosylase	NZ_AP014649.1	2183328	2182615	2027	0.1322	0	0	0
IOMTU433_RS10345	6-carboxytetrahydropterin synthase	NZ_AP014649.1	2183975	2183379	2028	0.1336	0	0	0
IOMTU433_RS10350	type II secretion system minor pseudopilin GspK	NZ_AP014649.1	2185164	2184205	2029	0.13479999999999998	0	0	0
IOMTU433_RS10355	type II secretion system minor pseudopilin GspJ	NZ_AP014649.1	2185865	2185164	2030	0.13726666666666665	0	0	0
IOMTU433_RS10360	type II secretion system minor pseudopilin GspI	NZ_AP014649.1	2186245	2185865	2031	0.14086666666666664	0	0	0
IOMTU433_RS10365	type II secretion system GspH family protein	NZ_AP014649.1	2186789	2186235	2032	0.14339999999999994	0	0	0
IOMTU433_RS10370	TetR/AcrR family transcriptional regulator	NZ_AP014649.1	2187407	2186799	2033	0.14866666666666664	0	0	0
IOMTU433_RS10375	TatD family hydrolase	NZ_AP014649.1	2188218	2187445	2034	0.15259999999999999	0	0	0
IOMTU433_RS10380	PilZ domain-containing protein	NZ_AP014649.1	2188577	2188236	2035	0.1541333333333333	0	0	0
IOMTU433_RS10385	DNA polymerase III subunit delta'	NZ_AP014649.1	2189569	2188589	2036	0.1528	0	0	0
IOMTU433_RS10390	3-deoxy-manno-octulosonate cytidylyltransferase	NZ_AP014649.1	2190342	2189581	2037	0.15	0	0	0
IOMTU433_RS10395	tetraacyldisaccharide 4'-kinase	NZ_AP014649.1	2191362	2190352	2038	0.14606666666666665	0	0	0
IOMTU433_RS10400	lipid A export permease/ATP-binding protein MsbA	NZ_AP014649.1	2193092	2191365	2039	0.13879999999999995	0	0	0
IOMTU433_RS10405	biopolymer transporter ExbD	NZ_AP014649.1	2193517	2193089	2040	0.13033333333333333	0	0	0
IOMTU433_RS10410	MotA/TolQ/ExbB proton channel family protein	NZ_AP014649.1	2194168	2193533	2041	0.11839999999999999	0	0	0
IOMTU433_RS10415	ParB/RepB/Spo0J family partition protein	NZ_AP014649.1	2195105	2194218	2042	0.11833333333333333	0	0	0
IOMTU433_RS10420	AAA family ATPase	NZ_AP014649.1	2195884	2195102	2043	0.11833333333333332	0	0	0
IOMTU433_RS10425	16S rRNA (guanine(527)-N(7))-methyltransferase RsmG	NZ_AP014649.1	2196538	2195906	2044	0.11426666666666664	0	0	0
IOMTU433_RS10430	nucleotidyltransferase family protein	NZ_AP014649.1	2197315	2196626	2045	0.11313333333333331	0	0	0
IOMTU433_RS10435	phosphotransferase	NZ_AP014649.1	2198328	2197315	2046	0.1105333333333333	0	0	0
IOMTU433_RS10440	LPS-assembly protein LptD	NZ_AP014649.1	2198449	2200887	2047	0.09846666666666663	0	0	0
IOMTU433_RS10445	peptidylprolyl isomerase	NZ_AP014649.1	2200887	2202197	2048	0.09426666666666664	0	0	0
IOMTU433_RS10450	fructose-bisphosphate aldolase class II	NZ_AP014649.1	2203354	2202317	2049	0.09026666666666665	0	0	0
IOMTU433_RS10455	hypothetical protein	NZ_AP014649.1	2203718	2203476	2050	0.08899999999999997	0	0.5	0
IOMTU433_RS10460	phosphoglycerate kinase	NZ_AP014649.1	2205030	2203843	2051	0.068	0	0	0
IOMTU433_RS10465	DUF2237 domain-containing protein	NZ_AP014649.1	2205169	2205552	2052	0.05980000000000001	0	0	0
IOMTU433_RS10470	septum formation protein Maf	NZ_AP014649.1	2205552	2206145	2053	0.05533333333333334	0	0	0
IOMTU433_RS10475	cupin domain-containing protein	NZ_AP014649.1	2206176	2207339	2054	0.053333333333333344	0	0	0
IOMTU433_RS10480	TetR/AcrR family transcriptional regulator	NZ_AP014649.1	2207677	2208243	2055	0.04726666666666667	0	0	0
IOMTU433_RS10485	metalloregulator ArsR/SmtB family transcription factor	NZ_AP014649.1	2208718	2209026	2056	0.04120000000000001	0	0	0
IOMTU433_RS10490	serine/threonine transporter SstT	NZ_AP014649.1	2209450	2210652	2057	0.03300000000000001	0	0	0
IOMTU433_RS10495	DUF1275 domain-containing protein	NZ_AP014649.1	2210658	2211338	2058	0.03180000000000001	0	0	0
IOMTU433_RS10500	DUF2058 domain-containing protein	NZ_AP014649.1	2211342	2211878	2059	0.030733333333333345	0	0	0
IOMTU433_RS10505	ABC transporter ATP-binding protein/permease	NZ_AP014649.1	2212253	2214100	2060	0.028400000000000012	0	0	0
IOMTU433_RS10510	MaoC family dehydratase	NZ_AP014649.1	2214100	2214540	2061	0.024866666666666672	0	0	0
IOMTU433_RS10515	AraC family transcriptional regulator	NZ_AP014649.1	2214649	2215674	2062	0.022400000000000007	0	0	0
IOMTU433_RS10520	glycine cleavage system protein GcvH	NZ_AP014649.1	2215713	2216087	2063	0.016800000000000002	0	0	0
IOMTU433_RS10525	NAD-dependent protein deacylase	NZ_AP014649.1	2216181	2216888	2064	0.01286666666666667	0	0	0
IOMTU433_RS10530	sodium/proline symporter PutP	NZ_AP014649.1	2217295	2218785	2065	0.010866666666666669	0	0	0
IOMTU433_RS10535	Lrp/AsnC ligand binding domain-containing protein	NZ_AP014649.1	2219306	2218818	2066	0.009733333333333337	0	0	0
IOMTU433_RS10540	trifunctional transcriptional regulator/proline dehydrogenase/L-glutamate gamma-semialdehyde dehydrogenase	NZ_AP014649.1	2219431	2223183	2067	0.008466666666666671	0	0	0
IOMTU433_RS10545	GrpB family protein	NZ_AP014649.1	2223289	2223762	2068	0.00706666666666667	0	0	0
IOMTU433_RS10550	tRNA (uridine(54)-C5)-methyltransferase TrmA	NZ_AP014649.1	2223866	2224951	2069	0.006400000000000002	0	0	0
IOMTU433_RS10555	hypothetical protein	NZ_AP014649.1	2225200	2225430	2070	0.005466666666666669	0	0.5	0
IOMTU433_RS10560	phosphodiester glycosidase family protein	NZ_AP014649.1	2226212	2225466	2071	0.004333333333333334	0	0	0
IOMTU433_RS10565	lecithin retinol acyltransferase family protein	NZ_AP014649.1	2226399	2226989	2072	0.003933333333333334	0	0	0
IOMTU433_RS10570	YceI family protein	NZ_AP014649.1	2227625	2227035	2073	0.0037333333333333337	0	0.5	0
IOMTU433_RS10575	OsmC family protein	NZ_AP014649.1	2227840	2228247	2074	0.003666666666666667	0	0	0
IOMTU433_RS10580	transketolase	NZ_AP014649.1	2230290	2228302	2075	0.0036000000000000003	0	0	0
IOMTU433_RS10585	methionine adenosyltransferase	NZ_AP014649.1	2230815	2231981	2076	0.0034000000000000007	0	0	0
IOMTU433_RS20885	hypothetical protein	NZ_AP014649.1	2232353	2232105	2077	0.0032666666666666673	0	0.5	0
IOMTU433_RS10595	hypothetical protein	NZ_AP014649.1	2232612	2232797	2078	0.0032666666666666673	0	0.5	0
IOMTU433_RS10600	FxsA family protein	NZ_AP014649.1	2233419	2232859	2079	0.003066666666666667	0	0	0
IOMTU433_RS10605	OXA-51 family carbapenem-hydrolyzing class D beta-lactamase OXA-104	NZ_AP014649.1	2233818	2234642	2080	0.002800000000000001	0	0	0
IOMTU433_RS10610	GNAT family N-acetyltransferase	NZ_AP014649.1	2235259	2234714	2081	0.0026000000000000003	0	0	0
IOMTU433_RS10615	helix-turn-helix transcriptional regulator	NZ_AP014649.1	2235849	2235256	2082	0.002333333333333334	0	1	0
IOMTU433_RS10620	crossover junction endodeoxyribonuclease RuvC	NZ_AP014649.1	2236079	2236624	2083	0.0020666666666666667	0	0	0
IOMTU433_RS10625	bifunctional ADP-dependent NAD(P)H-hydrate dehydratase/NAD(P)H-hydrate epimerase	NZ_AP014649.1	2238089	2236629	2084	0.002	0	0	0
IOMTU433_RS10630	tRNA epoxyqueuosine(34) reductase QueG	NZ_AP014649.1	2238148	2239206	2085	0.0016666666666666668	0	0	0
IOMTU433_RS10635	biotin synthase BioB	NZ_AP014649.1	2239306	2240295	2086	0.0015333333333333334	0	0	0
IOMTU433_RS10640	hypothetical protein	NZ_AP014649.1	2240553	2240341	2087	0.0015333333333333334	0	0.5	0
IOMTU433_RS10645	hypothetical protein	NZ_AP014649.1	2240967	2240617	2088	0.001333333333333333	0	0.5	0
IOMTU433_RS10650	type 1 fimbrial protein	NZ_AP014649.1	2241413	2241949	2089	0.0012000000000000001	0	0	0
IOMTU433_RS10655	fimbria/pilus periplasmic chaperone	NZ_AP014649.1	2242020	2242760	2090	0.0010666666666666667	0	0	0
IOMTU433_RS10660	fimbrial biogenesis outer membrane usher protein	NZ_AP014649.1	2242812	2245349	2091	0.001	0	0	0
IOMTU433_RS10665	fimbrial protein	NZ_AP014649.1	2245346	2246365	2092	0.0010666666666666667	0	0	0
IOMTU433_RS10670	hypothetical protein	NZ_AP014649.1	2246942	2247121	2093	0.0010666666666666667	0	0.5	0
IOMTU433_RS10675	LysR family transcriptional regulator	NZ_AP014649.1	2248012	2247161	2094	0.0010666666666666667	0	0	0
IOMTU433_RS10680	EamA family transporter	NZ_AP014649.1	2248119	2249036	2095	0.0010666666666666667	0	0	0
IOMTU433_RS10685	hypothetical protein	NZ_AP014649.1	2249149	2249613	2096	0.0007333333333333334	0	0.5	0
IOMTU433_RS10690	cytosine permease	NZ_AP014649.1	2249866	2251281	2097	0.0006666666666666666	0	0	0
IOMTU433_RS10695	PACE efflux transporter	NZ_AP014649.1	2251776	2251339	2098	0.0007333333333333333	0	0	0
IOMTU433_RS10700	LysR family transcriptional regulator	NZ_AP014649.1	2251866	2252765	2099	0.0007333333333333333	0	0	0
IOMTU433_RS10705	integrase family protein	NZ_AP014649.1	2254582	2253350	2100	0.0008	0	1.5	0
IOMTU433_RS10715	hypothetical protein	NZ_AP014649.1	2255877	2255014	2101	0.0008	0	0.5	0
IOMTU433_RS10720	TetR/AcrR family transcriptional regulator	NZ_AP014649.1	2256153	2256713	2102	0.0008	0	0	0
IOMTU433_RS10725	1-acyl-sn-glycerol-3-phosphate acyltransferase	NZ_AP014649.1	2256899	2257444	2103	0.0008	0	0	0
IOMTU433_RS10730	YebC/PmpR family DNA-binding transcriptional regulator	NZ_AP014649.1	2257607	2258356	2104	0.0008	0	0.5	0
IOMTU433_RS10735	Lrp/AsnC family transcriptional regulator	NZ_AP014649.1	2258858	2258388	2105	0.0008	0	0	0
IOMTU433_RS10740	DcaP-like protein	NZ_AP014649.1	2259204	2260520	2106	0.0008	0	0	0
IOMTU433_RS10745	amino acid ABC transporter ATP-binding protein	NZ_AP014649.1	2261314	2260571	2107	0.0008	0	0	0
IOMTU433_RS10750	amino acid ABC transporter permease	NZ_AP014649.1	2262005	2261328	2108	0.0006666666666666668	0	0	0
IOMTU433_RS10755	amino acid ABC transporter permease	NZ_AP014649.1	2262850	2262008	2109	0.0006000000000000001	0	0	0
IOMTU433_RS10760	amino acid ABC transporter substrate-binding protein	NZ_AP014649.1	2263838	2262945	2110	0.0004	0	0	0
IOMTU433_RS10765	glutathione S-transferase	NZ_AP014649.1	2265139	2264375	2111	0.0002666666666666667	0	0	0
IOMTU433_RS10770	SfnB family sulfur acquisition oxidoreductase	NZ_AP014649.1	2265485	2266720	2112	0.0002666666666666667	0	0	0
IOMTU433_RS10775	SfnB family sulfur acquisition oxidoreductase	NZ_AP014649.1	2266733	2267956	2113	0.0004	0	0	0
IOMTU433_RS10780	LLM class flavin-dependent oxidoreductase	NZ_AP014649.1	2267956	2269368	2114	0.0004	0	0	0
IOMTU433_RS10785	methionine transporter	NZ_AP014649.1	2269383	2270213	2115	0.0004	0	0	0
IOMTU433_RS10790	MetQ/NlpA family ABC transporter substrate-binding protein	NZ_AP014649.1	2270227	2271060	2116	0.0004	0	0	0
IOMTU433_RS10795	ATP-binding cassette domain-containing protein	NZ_AP014649.1	2271066	2272142	2117	0.0004	0	0	0
IOMTU433_RS10800	ABC transporter permease	NZ_AP014649.1	2272123	2272782	2118	0.0004	0	0	0
IOMTU433_RS10805	redox-regulated ATPase YchF	NZ_AP014649.1	2272876	2273967	2119	0.0004	0	0	0
IOMTU433_RS10810	DUF962 domain-containing protein	NZ_AP014649.1	2274535	2274014	2120	0.00046666666666666666	0	0	0
IOMTU433_RS10815	Crp/Fnr family transcriptional regulator	NZ_AP014649.1	2274628	2275335	2121	0.00046666666666666666	0	0	0
IOMTU433_RS10820	hypothetical protein	NZ_AP014649.1	2275508	2275843	2122	0.0003333333333333333	0	0.5	0
IOMTU433_RS10825	hypothetical protein	NZ_AP014649.1	2276386	2275916	2123	0.0003333333333333333	0	0.5	0
IOMTU433_RS10830	AzlC family ABC transporter permease	NZ_AP014649.1	2276506	2277228	2124	0.0003333333333333333	0	0	0
IOMTU433_RS10835	L-valine transporter subunit YgaH	NZ_AP014649.1	2277230	2277571	2125	0.0003333333333333333	0	0	0
IOMTU433_RS10840	tautomerase family protein	NZ_AP014649.1	2277700	2278089	2126	0.0003333333333333333	0	0	0
IOMTU433_RS10845	formate-dependent phosphoribosylglycinamide formyltransferase	NZ_AP014649.1	2278192	2279409	2127	0.0003333333333333333	0	0	0
IOMTU433_RS10850	[protein-PII] uridylyltransferase	NZ_AP014649.1	2279437	2282100	2128	0.0002666666666666667	0	0	0
IOMTU433_RS10855	succinyldiaminopimelate transaminase	NZ_AP014649.1	2282126	2283295	2129	0.0002666666666666667	0	0	0
IOMTU433_RS10860	LysE family translocator	NZ_AP014649.1	2283985	2283353	2130	0.0002	0	0	0
IOMTU433_RS10865	AraC family transcriptional regulator	NZ_AP014649.1	2284895	2284050	2131	0.0002	0	0	0
IOMTU433_RS10870	glutathione peroxidase	NZ_AP014649.1	2285380	2284895	2132	0.0002	0	0	0
IOMTU433_RS10875	peptide-methionine (R)-S-oxide reductase MsrB	NZ_AP014649.1	2285796	2285377	2133	0.0002	0	0	0
IOMTU433_RS10880	pyridoxal phosphate-dependent aminotransferase	NZ_AP014649.1	2286037	2287467	2134	0.0002	0	0	0
IOMTU433_RS10885	dicarboxylate/amino acid:cation symporter	NZ_AP014649.1	2287933	2289240	2135	0.0002	0	0	0
IOMTU433_RS10890	type II asparaginase	NZ_AP014649.1	2289924	2290991	2136	0.0002	0	0	0
IOMTU433_RS10895	DNA polymerase III subunit alpha	NZ_AP014649.1	2291206	2294769	2137	0.0002	0	0	0
IOMTU433_RS10900	RNA methyltransferase	NZ_AP014649.1	2294784	2295623	2138	0.0002	0	0	0
IOMTU433_RS10905	serine O-acetyltransferase	NZ_AP014649.1	2295616	2296431	2139	0.0002	0	0	0
IOMTU433_RS10910	hypothetical protein	NZ_AP014649.1	2296535	2297476	2140	0.0002	0	0.5	0
IOMTU433_RS10915	alpha/beta fold hydrolase	NZ_AP014649.1	2297593	2299599	2141	0.0002	0	0	0
IOMTU433_RS10920	alkyl hydroperoxide reductase subunit F	NZ_AP014649.1	2301218	2299653	2142	0.0002	0	0	0
IOMTU433_RS10925	chromate transporter	NZ_AP014649.1	2301917	2301396	2143	6.666666666666667e-05	0	0	0
IOMTU433_RS10930	chromate transporter	NZ_AP014649.1	2302477	2301917	2144	6.666666666666667e-05	0	0	0
IOMTU433_RS10935	LysR family transcriptional regulator	NZ_AP014649.1	2302579	2303481	2145	6.666666666666667e-05	0	0	0
IOMTU433_RS10940	ACR3 family arsenite efflux transporter	NZ_AP014649.1	2304607	2303573	2146	6.666666666666667e-05	0	0	0
IOMTU433_RS10945	metalloregulator ArsR/SmtB family transcription factor	NZ_AP014649.1	2305041	2304712	2147	0.00013333333333333334	0	0	0
IOMTU433_RS10950	arsenate reductase (glutaredoxin)	NZ_AP014649.1	2305126	2305554	2148	0.00013333333333333334	0	0	0
IOMTU433_RS10955	DUF1427 family protein	NZ_AP014649.1	2305784	2305623	2149	0.00013333333333333334	0	0	0
IOMTU433_RS10960	amidohydrolase	NZ_AP014649.1	2307716	2305842	2150	6.666666666666667e-05	0	0	0
IOMTU433_RS10965	hydrolase	NZ_AP014649.1	2308513	2307827	2151	6.666666666666667e-05	0	0	0
IOMTU433_RS10970	LysR family transcriptional regulator	NZ_AP014649.1	2308709	2309599	2152	6.666666666666667e-05	0	0	0
IOMTU433_RS10975	GntR family transcriptional regulator	NZ_AP014649.1	2310387	2309638	2153	6.666666666666667e-05	0	0	0
IOMTU433_RS10980	NCS1 family nucleobase:cation symporter-1	NZ_AP014649.1	2310787	2312256	2154	0.00013333333333333334	0	0	0
IOMTU433_RS10985	aspartate/glutamate racemase family protein	NZ_AP014649.1	2312253	2312987	2155	0.0002	0	0	0
IOMTU433_RS10990	taurine dioxygenase	NZ_AP014649.1	2313936	2313055	2156	0.0002	0	0	0
IOMTU433_RS10995	taurine ABC transporter permease TauC	NZ_AP014649.1	2314814	2313945	2157	0.0002	0	0	0
IOMTU433_RS11000	ATP-binding cassette domain-containing protein	NZ_AP014649.1	2315605	2314811	2158	0.0002	0	0	0
IOMTU433_RS11005	taurine ABC transporter substrate-binding protein	NZ_AP014649.1	2316655	2315615	2159	0.0002	0	0	0
IOMTU433_RS11010	hypothetical protein	NZ_AP014649.1	2317097	2318281	2160	0.0002	0	0.5	0
IOMTU433_RS11015	MFS transporter	NZ_AP014649.1	2319809	2318343	2161	0.0002	0	0	0
IOMTU433_RS11020	LLM class flavin-dependent oxidoreductase	NZ_AP014649.1	2321395	2320004	2162	0.0002666666666666667	0	0	0
IOMTU433_RS11025	monooxygenase	NZ_AP014649.1	2322867	2321572	2163	0.0002666666666666667	0	0	0
IOMTU433_RS11030	hypothetical protein	NZ_AP014649.1	2323804	2322986	2164	0.0002666666666666667	0	0.5	0
IOMTU433_RS11035	cytochrome ubiquinol oxidase subunit I	NZ_AP014649.1	2324458	2325903	2165	0.00046666666666666666	0	0	0
IOMTU433_RS11040	cytochrome d ubiquinol oxidase subunit II	NZ_AP014649.1	2325896	2326900	2166	0.00046666666666666666	0	0	0
IOMTU433_RS20575	hypothetical protein	NZ_AP014649.1	2326915	2327049	2167	0.00046666666666666666	0	0.5	0
IOMTU433_RS11050	PLP-dependent aminotransferase family protein	NZ_AP014649.1	2327148	2328566	2168	0.00046666666666666666	0	0	0
IOMTU433_RS11055	LysR family transcriptional regulator	NZ_AP014649.1	2328664	2329581	2169	0.0005333333333333334	0	0	0
IOMTU433_RS11060	malonate transporter subunit MadM	NZ_AP014649.1	2330397	2329636	2170	0.0006666666666666666	0	0	0
IOMTU433_RS11065	malonate transporter subunit MadL	NZ_AP014649.1	2330843	2330442	2171	0.0006666666666666666	0	0	0
IOMTU433_RS11070	malonate decarboxylase subunit epsilon	NZ_AP014649.1	2331829	2330897	2172	0.0007333333333333333	0	0	0
IOMTU433_RS11075	malonate decarboxylase holo-ACP synthase	NZ_AP014649.1	2332450	2331842	2173	0.0007333333333333333	0	0	0
IOMTU433_RS11080	biotin-independent malonate decarboxylase subunit gamma	NZ_AP014649.1	2333268	2332441	2174	0.0007333333333333333	0	0	0
IOMTU433_RS11085	biotin-independent malonate decarboxylase subunit beta	NZ_AP014649.1	2334116	2333265	2175	0.0008666666666666666	0	0	0
IOMTU433_RS11090	malonate decarboxylase subunit delta	NZ_AP014649.1	2334408	2334109	2176	0.0008666666666666666	0	0	0
IOMTU433_RS11095	triphosphoribosyl-dephospho-CoA synthase	NZ_AP014649.1	2335295	2334411	2177	0.0008000000000000001	0	0	0
IOMTU433_RS11100	malonate decarboxylase subunit alpha	NZ_AP014649.1	2336974	2335295	2178	0.0008000000000000001	0	0	0
IOMTU433_RS11105	transcriptional regulator GcvA	NZ_AP014649.1	2337998	2337084	2179	0.0008000000000000001	0	0	0
IOMTU433_RS11110	cupin domain-containing protein	NZ_AP014649.1	2338183	2338857	2180	0.0008666666666666667	0	0	0
IOMTU433_RS11115	MFS transporter	NZ_AP014649.1	2338867	2340054	2181	0.0008666666666666667	0	0	0
IOMTU433_RS11120	GNAT family N-acetyltransferase	NZ_AP014649.1	2340656	2340063	2182	0.0008666666666666667	0	0	0
IOMTU433_RS11125	FMN-binding negative transcriptional regulator	NZ_AP014649.1	2341334	2340699	2183	0.001	0	0	0
IOMTU433_RS11130	PLP-dependent aminotransferase family protein	NZ_AP014649.1	2341450	2342940	2184	0.0010666666666666667	0	0	0
IOMTU433_RS11135	LrgB family protein	NZ_AP014649.1	2343637	2342948	2185	0.0015333333333333334	0	0	0
IOMTU433_RS11140	CidA/LrgA family protein	NZ_AP014649.1	2344082	2343651	2186	0.0015333333333333334	0	0	0
IOMTU433_RS11145	LysR family transcriptional regulator	NZ_AP014649.1	2344193	2345098	2187	0.0015333333333333334	0	0	0
IOMTU433_RS11150	glutathione transferase	NZ_AP014649.1	2345218	2345844	2188	0.0015333333333333334	0	0	0
IOMTU433_RS11155	glutathione-dependent disulfide-bond oxidoreductase	NZ_AP014649.1	2345878	2346738	2189	0.0015333333333333334	0	0	0
IOMTU433_RS11160	LysR family transcriptional regulator	NZ_AP014649.1	2347696	2346776	2190	0.0016	0	0	0
IOMTU433_RS11165	SDR family oxidoreductase	NZ_AP014649.1	2347822	2348559	2191	0.0016	0	0	0
IOMTU433_RS11170	rhodanese-like domain-containing protein	NZ_AP014649.1	2348797	2349306	2192	0.0016000000000000003	0	0	0
IOMTU433_RS11175	serine acetyltransferase	NZ_AP014649.1	2349325	2350266	2193	0.001666666666666667	0	0	0
IOMTU433_RS11180	hypothetical protein	NZ_AP014649.1	2350507	2351439	2194	0.0017333333333333337	0	0.5	0
IOMTU433_RS11185	cysteine desulfurase	NZ_AP014649.1	2351414	2353378	2195	0.0016666666666666672	0	0	0
IOMTU433_RS11190	LysE family translocator	NZ_AP014649.1	2354482	2353844	2196	0.0016666666666666672	0	0	0
IOMTU433_RS11195	LysR family transcriptional regulator	NZ_AP014649.1	2354574	2355503	2197	0.0016666666666666672	0	0	0
IOMTU433_RS11200	cysteine ABC transporter substrate-binding protein	NZ_AP014649.1	2356418	2355552	2198	0.001733333333333334	0	0	0
IOMTU433_RS11205	transporter substrate-binding domain-containing protein	NZ_AP014649.1	2357362	2356502	2199	0.0016666666666666672	0	0	0
IOMTU433_RS11210	amino acid ABC transporter ATP-binding protein	NZ_AP014649.1	2358124	2357393	2200	0.0015333333333333338	0	0	0
IOMTU433_RS11215	amino acid ABC transporter permease	NZ_AP014649.1	2358792	2358127	2201	0.0016000000000000005	0	0	0
IOMTU433_RS11220	amino acid ABC transporter permease	NZ_AP014649.1	2359417	2358782	2202	0.0016000000000000005	0	0	0
IOMTU433_RS20580	hypothetical protein	NZ_AP014649.1	2359506	2359619	2203	0.0016666666666666672	0	0.5	0
IOMTU433_RS11225	N-acetyltransferase	NZ_AP014649.1	2360010	2359726	2204	0.0016666666666666672	0	0	0
IOMTU433_RS11230	response regulator transcription factor	NZ_AP014649.1	2361113	2360154	2205	0.0015333333333333338	0	0	0
IOMTU433_RS11235	response regulator	NZ_AP014649.1	2364574	2361110	2206	0.0015333333333333338	0	0	0
IOMTU433_RS11240	allantoin permease	NZ_AP014649.1	2364770	2366386	2207	0.0015333333333333338	0	0	0
IOMTU433_RS11245	Lrp/AsnC family transcriptional regulator	NZ_AP014649.1	2366898	2366443	2208	0.0015333333333333338	0	0	0
IOMTU433_RS11250	LysE family translocator	NZ_AP014649.1	2367055	2367666	2209	0.0015333333333333338	0	0	0
IOMTU433_RS11255	translesion error-prone DNA polymerase V autoproteolytic subunit	NZ_AP014649.1	2368350	2367739	2210	0.0014666666666666671	0	0	0
IOMTU433_RS11260	hypothetical protein	NZ_AP014649.1	2368633	2368869	2211	0.0014666666666666671	0	0.5	0
IOMTU433_RS11265	KGG domain-containing protein	NZ_AP014649.1	2370165	2368930	2212	0.0014666666666666671	0	0	0
IOMTU433_RS11270	hypothetical protein	NZ_AP014649.1	2370650	2371063	2213	0.0015333333333333336	0	0.5	0
IOMTU433_RS11275	glucose 1-dehydrogenase	NZ_AP014649.1	2371205	2372083	2214	0.0014000000000000004	0	0	0
IOMTU433_RS11280	catalase HPII	NZ_AP014649.1	2374283	2372139	2215	0.0008666666666666667	0	0	0
IOMTU433_RS11285	iron-containing redox enzyme family protein	NZ_AP014649.1	2375747	2374338	2216	0.0008666666666666667	0	0	0
IOMTU433_RS11290	CinA family protein	NZ_AP014649.1	2376063	2376542	2217	0.0008666666666666667	0	0	0
IOMTU433_RS11295	hypothetical protein	NZ_AP014649.1	2376827	2377048	2218	0.0008666666666666667	0	0.5	0
IOMTU433_RS11300	hypothetical protein	NZ_AP014649.1	2377154	2377471	2219	0.0008666666666666667	0	0.5	0
IOMTU433_RS11305	hypothetical protein	NZ_AP014649.1	2377777	2377556	2220	0.0008	0	0.5	0
IOMTU433_RS11310	hypothetical protein	NZ_AP014649.1	2378293	2377865	2221	0.0008	0	0.5	0
IOMTU433_RS20845	hypothetical protein	NZ_AP014649.1	2378706	2378563	2222	0.0007333333333333333	0	0.5	0
IOMTU433_RS11320	hypothetical protein	NZ_AP014649.1	2379675	2379965	2223	0.0006666666666666666	0	0.5	0
IOMTU433_RS11325	LysR family transcriptional regulator	NZ_AP014649.1	2380872	2379967	2224	0.0006000000000000001	0	0	0
IOMTU433_RS11330	SGNH/GDSL hydrolase family protein	NZ_AP014649.1	2380984	2382222	2225	0.00046666666666666666	0	0	0
IOMTU433_RS11335	DcaP-like protein	NZ_AP014649.1	2383550	2382267	2226	0.00046666666666666666	0	0	0
IOMTU433_RS11340	class I SAM-dependent methyltransferase	NZ_AP014649.1	2384465	2383794	2227	0.00046666666666666666	0	0	0
IOMTU433_RS11345	AMP-binding protein	NZ_AP014649.1	2386231	2384537	2228	0.0004	0	0	0
IOMTU433_RS11350	TetR/AcrR family transcriptional regulator	NZ_AP014649.1	2386936	2386343	2229	0.0004	0	0	0
IOMTU433_RS11355	isovaleryl-CoA dehydrogenase	NZ_AP014649.1	2387105	2388277	2230	0.0004	0	0	0
IOMTU433_RS11360	methylcrotonoyl-CoA carboxylase	NZ_AP014649.1	2388302	2389903	2231	0.0003333333333333333	0	0	0
IOMTU433_RS11365	enoyl-CoA hydratase/isomerase family protein	NZ_AP014649.1	2389913	2390716	2232	0.0002666666666666667	0	0	0
IOMTU433_RS11370	acetyl/propionyl/methylcrotonyl-CoA carboxylase subunit alpha	NZ_AP014649.1	2390728	2392719	2233	0.0002	0	0	0
IOMTU433_RS11375	hydroxymethylglutaryl-CoA lyase	NZ_AP014649.1	2392716	2393618	2234	0.0002	0	0	0
IOMTU433_RS11380	LysR family transcriptional regulator	NZ_AP014649.1	2394810	2393869	2235	0.0002	0	0	0
IOMTU433_RS11385	indolepyruvate ferredoxin oxidoreductase family protein	NZ_AP014649.1	2395015	2398497	2236	0.0002	0	0	0
IOMTU433_RS11390	thioesterase family protein	NZ_AP014649.1	2399362	2398559	2237	0.0002	0	0	0
IOMTU433_RS11395	acyl-CoA dehydrogenase C-terminal domain-containing protein	NZ_AP014649.1	2401361	2399559	2238	0.0002	0	0	0
IOMTU433_RS11400	PaaI family thioesterase	NZ_AP014649.1	2401667	2402116	2239	0.0002	0	0	0
IOMTU433_RS11405	MFS transporter	NZ_AP014649.1	2403354	2402137	2240	0.0002	0	0	0
IOMTU433_RS11410	porin	NZ_AP014649.1	2404689	2403373	2241	0.0002	0	0	0
IOMTU433_RS11415	3-oxoacid CoA-transferase subunit B	NZ_AP014649.1	2405379	2404726	2242	0.0002	0	0	0
IOMTU433_RS11420	3-oxoacid CoA-transferase subunit A	NZ_AP014649.1	2406047	2405379	2243	0.0	0	0	0
IOMTU433_RS11425	MFS transporter	NZ_AP014649.1	2407378	2406095	2244	0.0	0	0	0
IOMTU433_RS11430	acyl-CoA dehydrogenase family protein	NZ_AP014649.1	2408591	2407437	2245	0.0	0	0	0
IOMTU433_RS11435	enoyl-CoA hydratase	NZ_AP014649.1	2408903	2409691	2246	0.0	0	0	0
IOMTU433_RS11440	SDR family oxidoreductase	NZ_AP014649.1	2409721	2410482	2247	0.0	0	0	0
IOMTU433_RS11445	3-hydroxyacyl-CoA dehydrogenase	NZ_AP014649.1	2410544	2412067	2248	0.0	0	0	0
IOMTU433_RS11450	3-oxoadipyl-CoA thiolase	NZ_AP014649.1	2412082	2413287	2249	6.666666666666667e-05	0	0	0
IOMTU433_RS11455	IclR family transcriptional regulator	NZ_AP014649.1	2413397	2414239	2250	6.666666666666667e-05	0	0	0
IOMTU433_RS11460	MFS transporter	NZ_AP014649.1	2414304	2415476	2251	6.666666666666667e-05	0	0	0
IOMTU433_RS11465	nitronate monooxygenase family protein	NZ_AP014649.1	2416483	2415512	2252	0.0002666666666666667	0	0	0
IOMTU433_RS11470	enoyl-CoA hydratase	NZ_AP014649.1	2416705	2417514	2253	0.0002666666666666667	0	0	0
IOMTU433_RS11475	IclR family transcriptional regulator	NZ_AP014649.1	2418426	2417581	2254	0.0002666666666666667	0	0	0
IOMTU433_RS11480	CoA transferase	NZ_AP014649.1	2419830	2418613	2255	0.0002666666666666667	0	0	0
IOMTU433_RS11485	acyl-CoA dehydrogenase family protein	NZ_AP014649.1	2420162	2421313	2256	0.00046666666666666666	0	0	0
IOMTU433_RS11490	MFS transporter	NZ_AP014649.1	2421375	2422625	2257	0.00046666666666666666	0	0	0
IOMTU433_RS11495	phosphonoacetaldehyde hydrolase	NZ_AP014649.1	2423663	2422848	2258	0.00046666666666666666	0	0	0
IOMTU433_RS11500	2-aminoethylphosphonate--pyruvate transaminase	NZ_AP014649.1	2424885	2423698	2259	0.00046666666666666666	0	0	0
IOMTU433_RS11505	TIGR03364 family FAD-dependent oxidoreductase	NZ_AP014649.1	2426066	2424912	2260	0.00046666666666666666	0	0	0
IOMTU433_RS11510	putative 2-aminoethylphosphonate ABC transporter permease subunit	NZ_AP014649.1	2427877	2426168	2261	0.00046666666666666666	0	0	0
IOMTU433_RS11515	ATP-binding cassette domain-containing protein	NZ_AP014649.1	2429073	2427871	2262	0.00046666666666666666	0	0	0
IOMTU433_RS11520	putative 2-aminoethylphosphonate ABC transporter substrate-binding protein	NZ_AP014649.1	2430133	2429096	2263	0.00046666666666666666	0	0	0
IOMTU433_RS11525	UTRA domain-containing protein	NZ_AP014649.1	2430947	2430225	2264	0.0008	0	0	0
IOMTU433_RS11530	4-hydroxybenzoate 3-monooxygenase	NZ_AP014649.1	2432338	2431124	2265	0.0008	0	0	0
IOMTU433_RS11535	IclR family transcriptional regulator PobR	NZ_AP014649.1	2432480	2433295	2266	0.0008666666666666667	0	0	0
IOMTU433_RS11540	NAD(P)H-dependent oxidoreductase	NZ_AP014649.1	2433946	2433350	2267	0.0013333333333333333	0	0	0
IOMTU433_RS11545	LysR family transcriptional regulator	NZ_AP014649.1	2434045	2434956	2268	0.0015333333333333334	0	0	0
IOMTU433_RS11550	carboxymuconolactone decarboxylase family protein	NZ_AP014649.1	2435396	2435013	2269	0.002733333333333333	0	0	0
IOMTU433_RS11555	NAD-dependent succinate-semialdehyde dehydrogenase	NZ_AP014649.1	2436850	2435393	2270	0.003133333333333333	0	0	0
IOMTU433_RS11560	hypothetical protein	NZ_AP014649.1	2438158	2436989	2271	0.0031999999999999997	0	0.5	0
IOMTU433_RS11565	cytosine permease	NZ_AP014649.1	2439590	2438184	2272	0.0034	0	0	0
IOMTU433_RS20585	hypothetical protein	NZ_AP014649.1	2439772	2439629	2273	0.003933333333333333	0	0.5	0
IOMTU433_RS11570	aldehyde dehydrogenase	NZ_AP014649.1	2441364	2439895	2274	0.004066666666666666	0	0	0
IOMTU433_RS11575	LLM class flavin-dependent oxidoreductase	NZ_AP014649.1	2442413	2441376	2275	0.004666666666666666	0	0	0
IOMTU433_RS20590	flavin reductase family protein	NZ_AP014649.1	2443348	2442416	2276	0.0051333333333333335	0	0	0
IOMTU433_RS20595	alpha/beta hydrolase	NZ_AP014649.1	2444170	2443379	2277	0.0054	0	0	0
IOMTU433_RS11590	amino acid synthesis family protein	NZ_AP014649.1	2444741	2444139	2278	0.007000000000000001	0	0	0
IOMTU433_RS11595	GntR family transcriptional regulator	NZ_AP014649.1	2444894	2445556	2279	0.007933333333333334	0	0	0
IOMTU433_RS11600	DUF1330 domain-containing protein	NZ_AP014649.1	2445619	2445903	2280	0.0088	0	0	0
IOMTU433_RS11605	cytochrome b	NZ_AP014649.1	2446615	2446043	2281	0.009266666666666668	0	0	0
IOMTU433_RS11610	catalase family peroxidase	NZ_AP014649.1	2447644	2446628	2282	0.009066666666666667	0	0	0
IOMTU433_RS11615	MFS transporter	NZ_AP014649.1	2449407	2448091	2283	0.0094	0	0	0
IOMTU433_RS11620	hydroxymethylglutaryl-CoA lyase	NZ_AP014649.1	2450459	2449521	2284	0.009933333333333334	0	0	0
IOMTU433_RS11625	CoA transferase	NZ_AP014649.1	2451649	2450456	2285	0.010133333333333334	0	0	0
IOMTU433_RS11630	LysR family transcriptional regulator	NZ_AP014649.1	2452687	2451752	2286	0.011666666666666667	0	0	0
IOMTU433_RS11635	alpha/beta hydrolase	NZ_AP014649.1	2453672	2452977	2287	0.011866666666666668	0	0	0
IOMTU433_RS11640	helix-turn-helix transcriptional regulator	NZ_AP014649.1	2453872	2454759	2288	0.011866666666666668	0	1	0
IOMTU433_RS11645	hypothetical protein	NZ_AP014649.1	2455516	2454890	2289	0.011933333333333334	0	0.5	0
IOMTU433_RS11650	TetR/AcrR family transcriptional regulator	NZ_AP014649.1	2456319	2455717	2290	0.012133333333333335	0	0	0
IOMTU433_RS11655	hypothetical protein	NZ_AP014649.1	2457356	2457069	2291	0.013933333333333334	0	0.5	0
IOMTU433_RS11660	hypothetical protein	NZ_AP014649.1	2457714	2457367	2292	0.01566666666666667	0	0.5	0
IOMTU433_RS11665	MarR family transcriptional regulator	NZ_AP014649.1	2458458	2457910	2293	0.017266666666666666	0	0	0
IOMTU433_RS11670	hypothetical protein	NZ_AP014649.1	2459608	2458505	2294	0.0176	0	0.5	0
IOMTU433_RS11680	hypothetical protein	NZ_AP014649.1	2460816	2460586	2295	0.0178	0	0.5	0
IOMTU433_RS11685	PaaI family thioesterase	NZ_AP014649.1	2461248	2460865	2296	0.017733333333333334	0	0	0
IOMTU433_RS11690	carbonic anhydrase	NZ_AP014649.1	2461931	2461326	2297	0.017266666666666666	0	0	0
IOMTU433_RS11695	phenylacetic acid degradation operon negative regulatory protein PaaX	NZ_AP014649.1	2462883	2461918	2298	0.017066666666666667	0	0	0
IOMTU433_RS11700	phenylacetate--CoA ligase	NZ_AP014649.1	2464226	2462937	2299	0.015866666666666668	0	0	0
IOMTU433_RS11705	3-oxoadipyl-CoA thiolase	NZ_AP014649.1	2465475	2464267	2300	0.015533333333333335	0	0	0
IOMTU433_RS11710	3-hydroxyacyl-CoA dehydrogenase	NZ_AP014649.1	2466081	2465488	2301	0.015466666666666667	0	0	0
IOMTU433_RS11715	IS4-like element IS10A family transposase	NZ_AP014649.1	2467304	2466096	2302	0.015266666666666668	0	0.75	0
IOMTU433_RS11720	3-hydroxyacyl-CoA dehydrogenase	NZ_AP014649.1	2468363	2467410	2303	0.014733333333333333	0	0	0
IOMTU433_RS11725	2-(1,2-epoxy-1,2-dihydrophenyl)acetyl-CoA isomerase PaaG	NZ_AP014649.1	2469157	2468366	2304	0.0146	0	0	0
IOMTU433_RS11730	enoyl-CoA hydratase/isomerase family protein	NZ_AP014649.1	2469930	2469157	2305	0.014000000000000002	0	0	0
IOMTU433_RS11735	phenylacetate-CoA oxygenase/reductase subunit PaaK	NZ_AP014649.1	2471000	2469939	2306	0.013533333333333335	0	0	0
IOMTU433_RS11740	phenylacetate-CoA oxygenase subunit PaaJ	NZ_AP014649.1	2471524	2471024	2307	0.013266666666666668	0	0	0
IOMTU433_RS11745	phenylacetate-CoA oxygenase subunit PaaC	NZ_AP014649.1	2472296	2471541	2308	0.011666666666666667	0	0	0
IOMTU433_RS11750	1,2-phenylacetyl-CoA epoxidase subunit B	NZ_AP014649.1	2472599	2472309	2309	0.010666666666666666	0	0	0
IOMTU433_RS11755	1,2-phenylacetyl-CoA epoxidase subunit A	NZ_AP014649.1	2473570	2472632	2310	0.009800000000000001	0	0	0
IOMTU433_RS11760	phenylacetic acid degradation bifunctional protein PaaZ	NZ_AP014649.1	2473836	2475938	2311	0.009333333333333334	0	0	0
IOMTU433_RS11765	L-serine ammonia-lyase	NZ_AP014649.1	2477361	2475982	2312	0.009666666666666667	0	0	0
IOMTU433_RS11770	APC family permease	NZ_AP014649.1	2477810	2479381	2313	0.009333333333333334	0	0	0
IOMTU433_RS11775	aldehyde dehydrogenase (NADP(+))	NZ_AP014649.1	2479534	2481114	2314	0.008799999999999999	0	0	0
IOMTU433_RS11780	fosfomycin efflux MFS transporter AbaF	NZ_AP014649.1	2481271	2482560	2315	0.009399999999999999	0	0	0
IOMTU433_RS11785	AraC family transcriptional regulator	NZ_AP014649.1	2483378	2482626	2316	0.0077333333333333325	0	0	0
IOMTU433_RS11790	FAD-dependent oxidoreductase	NZ_AP014649.1	2484685	2483423	2317	0.007599999999999999	0	0	0
IOMTU433_RS11795	(2Fe-2S)-binding protein	NZ_AP014649.1	2484915	2484685	2318	0.007666666666666666	0	0	0
IOMTU433_RS11800	FAD-binding oxidoreductase	NZ_AP014649.1	2486019	2484916	2319	0.0077333333333333325	0	0	0
IOMTU433_RS11805	4-hydroxyproline epimerase	NZ_AP014649.1	2486948	2486016	2320	0.0076	0	0	0
IOMTU433_RS11810	GntR family transcriptional regulator	NZ_AP014649.1	2487800	2487117	2321	0.006000000000000001	0	0	0
IOMTU433_RS11815	EamA family transporter	NZ_AP014649.1	2488218	2489126	2322	0.004400000000000001	0	0	0
IOMTU433_RS11820	dihydrodipicolinate synthase family protein	NZ_AP014649.1	2490119	2489184	2323	0.0035333333333333336	0	0	0
IOMTU433_RS11825	DUF333 domain-containing protein	NZ_AP014649.1	2491414	2490980	2324	0.0066	0	0	0
IOMTU433_RS11830	redox-sensitive transcriptional activator SoxR	NZ_AP014649.1	2492028	2491576	2325	0.008333333333333333	0	0	0
IOMTU433_RS11835	hypothetical protein	NZ_AP014649.1	2492504	2492217	2326	0.0086	0	0.5	0
IOMTU433_RS11840	epoxyqueuosine reductase QueH	NZ_AP014649.1	2492931	2493590	2327	0.0086	0	0	0
IOMTU433_RS11845	GNAT family N-acetyltransferase	NZ_AP014649.1	2493907	2494362	2328	0.008666666666666666	0	0	0
IOMTU433_RS11850	winged helix-turn-helix domain-containing protein	NZ_AP014649.1	2495599	2494442	2329	0.008733333333333334	0	1	4	2494665	2494678	2516883	2516896	CAAAAATATCCAA	TTGGATATTTTTG	Longest Repeat flanking phage and within 2000 bp
IOMTU433_RS11855	cyanate transporter	NZ_AP014649.1	2496911	2495733	2330	0.009066666666666667	0	0	4
IOMTU433_RS11860	nucleoside deaminase	NZ_AP014649.1	2497393	2496911	2331	0.010466666666666668	0	0	4
IOMTU433_RS11865	ankyrin repeat domain-containing protein	NZ_AP014649.1	2498056	2497409	2332	0.010666666666666666	0	0	4
IOMTU433_RS11870	LysR family transcriptional regulator	NZ_AP014649.1	2498229	2499080	2333	0.010933333333333333	0	0	4
IOMTU433_RS11875	M15 family metallopeptidase	NZ_AP014649.1	2500036	2499083	2334	0.011266666666666668	0	0	4
IOMTU433_RS11880	hypothetical protein	NZ_AP014649.1	2500646	2500044	2335	0.011600000000000001	0	0.5	4
IOMTU433_RS11885	type IVB secretion system protein IcmH/DotU	NZ_AP014649.1	2501465	2500659	2336	0.012000000000000002	0	0	4
IOMTU433_RS11890	type VI secretion system baseplate subunit TssK	NZ_AP014649.1	2502847	2501483	2337	0.012800000000000002	0	1	4
IOMTU433_RS11895	type VI secretion system protein TssA	NZ_AP014649.1	2503958	2502864	2338	0.012800000000000002	0	0	4
IOMTU433_RS11900	type VI secretion system ATPase TssH	NZ_AP014649.1	2506663	2503982	2339	0.012933333333333335	0	0	4
IOMTU433_RS11905	PAAR domain-containing protein	NZ_AP014649.1	2507146	2506883	2340	0.012933333333333335	0	0	4
IOMTU433_RS11910	OmpA family protein	NZ_AP014649.1	2507930	2507163	2341	0.012933333333333335	0	0	4
IOMTU433_RS11915	type VI secretion system-associated protein TagF	NZ_AP014649.1	2508892	2507933	2342	0.012600000000000002	0	0	4
IOMTU433_RS11920	type VI secretion system membrane subunit TssM	NZ_AP014649.1	2512754	2508930	2343	0.012600000000000002	0	0	4
IOMTU433_RS11925	hypothetical protein	NZ_AP014649.1	2514197	2512785	2344	0.012600000000000002	0	0.5	4
IOMTU433_RS11930	type VI secretion system baseplate subunit TssG	NZ_AP014649.1	2515192	2514194	2345	0.011800000000000003	0	1	4
IOMTU433_RS11935	type VI secretion system baseplate subunit TssF	NZ_AP014649.1	2516967	2515156	2346	0.011733333333333337	0	1	4
IOMTU433_RS11940	type VI secretion system baseplate subunit TssE	NZ_AP014649.1	2517460	2516984	2347	0.011666666666666669	0	1	4
IOMTU433_RS11945	type VI secretion system tube protein Hcp	NZ_AP014649.1	2518043	2517540	2348	0.011600000000000003	0	0	0
IOMTU433_RS11950	type VI secretion system contractile sheath large subunit	NZ_AP014649.1	2519574	2518093	2349	0.01146666666666667	0	0	0
IOMTU433_RS11955	type VI secretion system contractile sheath small subunit	NZ_AP014649.1	2520070	2519567	2350	0.011400000000000002	0	0	0
IOMTU433_RS11960	hypothetical protein	NZ_AP014649.1	2520779	2520087	2351	0.011400000000000002	0	0.5	0
IOMTU433_RS11965	hypothetical protein	NZ_AP014649.1	2521868	2522266	2352	0.011333333333333336	0	0.5	0
IOMTU433_RS11970	ABC transporter permease	NZ_AP014649.1	2522362	2523306	2353	0.010800000000000004	0	0	0
IOMTU433_RS11975	ABC transporter ATP-binding protein	NZ_AP014649.1	2523306	2524187	2354	0.007400000000000002	0	0	0
IOMTU433_RS11980	ABC transporter substrate-binding protein	NZ_AP014649.1	2525261	2524239	2355	0.0058666666666666685	0	0	0
IOMTU433_RS11985	allophanate hydrolase	NZ_AP014649.1	2527069	2525258	2356	0.005800000000000001	0	0	0
IOMTU433_RS11990	transcriptional regulator	NZ_AP014649.1	2527516	2527082	2357	0.006533333333333335	0	0	0
IOMTU433_RS20605	hypothetical protein	NZ_AP014649.1	2527646	2527521	2358	0.0068666666666666685	0	0.5	0
IOMTU433_RS12000	helix-turn-helix transcriptional regulator	NZ_AP014649.1	2528190	2527837	2359	0.007533333333333335	0	1	0
IOMTU433_RS12005	NAD(P)H-dependent oxidoreductase	NZ_AP014649.1	2528284	2528820	2360	0.0078000000000000005	0	0	0
IOMTU433_RS12010	urea carboxylase	NZ_AP014649.1	2532464	2528859	2361	0.007066666666666666	0	0	0
IOMTU433_RS12015	DUF1989 domain-containing protein	NZ_AP014649.1	2533120	2532467	2362	0.006933333333333333	0	0	0
IOMTU433_RS12020	DUF1989 domain-containing protein	NZ_AP014649.1	2533876	2533136	2363	0.0067333333333333325	0	0	0
IOMTU433_RS12025	glutathione-dependent formaldehyde dehydrogenase	NZ_AP014649.1	2535355	2534192	2364	0.006533333333333333	0	0	0
IOMTU433_RS12030	SRPBCC family protein	NZ_AP014649.1	2535608	2536039	2365	0.006333333333333333	0	0	0
IOMTU433_RS12035	TetR/AcrR family transcriptional regulator	NZ_AP014649.1	2536659	2536099	2366	0.006266666666666667	0	0	0
IOMTU433_RS12040	hypothetical protein	NZ_AP014649.1	2538872	2537529	2367	0.005666666666666668	0	0.5	0
IOMTU433_RS12045	SMI1/KNR4 family protein	NZ_AP014649.1	2539474	2538950	2368	0.005800000000000001	0	0	0
IOMTU433_RS12050	DUF637 domain-containing protein	NZ_AP014649.1	2545171	2539475	2369	0.005666666666666668	0	0	0
IOMTU433_RS12055	ShlB/FhaC/HecB family hemolysin secretion/activation protein	NZ_AP014649.1	2546957	2545218	2370	0.005666666666666668	0	0	0
IOMTU433_RS12060	chloride channel protein	NZ_AP014649.1	2548525	2547305	2371	0.005666666666666668	0	0	0
IOMTU433_RS12065	ATP-grasp domain-containing protein	NZ_AP014649.1	2550546	2548828	2372	0.005666666666666668	0	0	0
IOMTU433_RS12070	urea amidolyase family protein	NZ_AP014649.1	2552129	2550546	2373	0.006266666666666668	0	0	0
IOMTU433_RS12075	putative hydro-lyase	NZ_AP014649.1	2552968	2552162	2374	0.006333333333333334	0	0	0
IOMTU433_RS12080	LamB/YcsF family protein	NZ_AP014649.1	2553744	2552980	2375	0.007133333333333334	0	0	0
IOMTU433_RS12085	divalent metal cation transporter	NZ_AP014649.1	2555032	2553779	2376	0.007333333333333334	0	0	0
IOMTU433_RS12090	LysR family transcriptional regulator MumR	NZ_AP014649.1	2556289	2555378	2377	0.007866666666666668	0	0	0
IOMTU433_RS12095	hypothetical protein	NZ_AP014649.1	2556881	2556573	2378	0.008000000000000002	0	0.5	0
IOMTU433_RS12100	hypothetical protein	NZ_AP014649.1	2557710	2557381	2379	0.008133333333333334	0	0.5	0
IOMTU433_RS20230	hypothetical protein	NZ_AP014649.1	2558365	2558183	2380	0.008333333333333335	0	0.5	0
IOMTU433_RS12110	hypothetical protein	NZ_AP014649.1	2558975	2558724	2381	0.008133333333333334	0	0.5	0
IOMTU433_RS12115	hypothetical protein	NZ_AP014649.1	2560128	2559697	2382	0.008200000000000002	0	0.5	0
IOMTU433_RS12120	RHS domain-containing protein	NZ_AP014649.1	2565034	2560118	2383	0.008000000000000002	0	0	0
IOMTU433_RS12125	type VI secretion system tip protein VgrG	NZ_AP014649.1	2568236	2565054	2384	0.007666666666666668	0	0	0
IOMTU433_RS12130	serine hydrolase	NZ_AP014649.1	2568857	2570104	2385	0.007333333333333334	0	0	0
IOMTU433_RS12135	HAD-IA family hydrolase	NZ_AP014649.1	2570268	2570945	2386	0.007266666666666668	0	0	0
IOMTU433_RS12140	GNAT family N-acetyltransferase	NZ_AP014649.1	2571077	2571505	2387	0.0066000000000000026	0	0	0
IOMTU433_RS12145	hypothetical protein	NZ_AP014649.1	2572058	2571600	2388	0.006266666666666669	0	0.5	0
IOMTU433_RS20240	hypothetical protein	NZ_AP014649.1	2572506	2572312	2389	0.005666666666666668	0	0.5	0
IOMTU433_RS12150	3-hydroxyacyl-CoA dehydrogenase	NZ_AP014649.1	2573614	2572664	2390	0.005333333333333334	0	0	0
IOMTU433_RS12155	DUF1826 domain-containing protein	NZ_AP014649.1	2573865	2574563	2391	0.005600000000000002	0	0	0
IOMTU433_RS12160	MerR family transcriptional regulator	NZ_AP014649.1	2574773	2575801	2392	0.006200000000000001	0	0	0
IOMTU433_RS12165	DUF2147 domain-containing protein	NZ_AP014649.1	2576139	2576576	2393	0.006600000000000001	0	0	0
IOMTU433_RS12170	MFS transporter	NZ_AP014649.1	2577973	2576669	2394	0.006666666666666668	0	0	0
IOMTU433_RS12175	TetR/AcrR family transcriptional regulator	NZ_AP014649.1	2578798	2578238	2395	0.006933333333333335	0	0	0
IOMTU433_RS12180	lauroyl acyltransferase	NZ_AP014649.1	2580392	2579460	2396	0.007533333333333335	0	0	0
IOMTU433_RS12185	EAL domain-containing protein	NZ_AP014649.1	2581872	2580523	2397	0.009066666666666669	0	0	0
IOMTU433_RS12190	EamA family transporter	NZ_AP014649.1	2583240	2582380	2398	0.013400000000000002	0	0	0
IOMTU433_RS12195	Lrp/AsnC family transcriptional regulator	NZ_AP014649.1	2583359	2583826	2399	0.01806666666666667	0	0	0
IOMTU433_RS12200	DNA mismatch repair protein MutS	NZ_AP014649.1	2584101	2586746	2400	0.021	0	0	0
IOMTU433_RS12205	GNAT family N-acetyltransferase	NZ_AP014649.1	2586811	2587341	2401	0.033800000000000004	0	0	0
IOMTU433_RS12210	ferredoxin family protein	NZ_AP014649.1	2587687	2588010	2402	0.036800000000000006	0	0	0
IOMTU433_RS12215	hypothetical protein	NZ_AP014649.1	2588140	2588862	2403	0.03893333333333334	0	0.5	0
IOMTU433_RS12220	O-methyltransferase	NZ_AP014649.1	2589002	2589670	2404	0.045733333333333334	0	0	0
IOMTU433_RS12225	universal stress protein	NZ_AP014649.1	2590629	2589787	2405	0.052866666666666666	0	0	0
IOMTU433_RS12230	chloramphenicol acetyltransferase CAT	NZ_AP014649.1	2591396	2590785	2406	0.0566	0	0	0
IOMTU433_RS12235	IMPACT family protein	NZ_AP014649.1	2591988	2591389	2407	0.0582	0	0	0
IOMTU433_RS12240	HlyD family type I secretion periplasmic adaptor subunit	NZ_AP014649.1	2593271	2592081	2408	0.060200000000000004	0	0	0
IOMTU433_RS12245	type I secretion system permease/ATPase	NZ_AP014649.1	2595409	2593268	2409	0.0604	0	0	0
IOMTU433_RS12250	TolC family protein	NZ_AP014649.1	2596872	2595406	2410	0.06506666666666668	0	0	0
IOMTU433_RS12255	LPS export ABC transporter ATP-binding protein	NZ_AP014649.1	2597893	2597147	2411	0.06813333333333334	0	0	0
IOMTU433_RS12260	lipopolysaccharide transport periplasmic protein LptA	NZ_AP014649.1	2598441	2597893	2412	0.0724	0	0	0
IOMTU433_RS12265	LPS export ABC transporter periplasmic protein LptC	NZ_AP014649.1	2598973	2598425	2413	0.075	0	0	0
IOMTU433_RS12270	HAD-IIIA family hydrolase	NZ_AP014649.1	2599550	2599011	2414	0.07653333333333333	0	0	0
IOMTU433_RS12275	KpsF/GutQ family sugar-phosphate isomerase	NZ_AP014649.1	2600531	2599554	2415	0.07786666666666665	0	0	0
IOMTU433_RS12280	cysteine--tRNA ligase	NZ_AP014649.1	2600745	2602166	2416	0.08139999999999997	0	0	0
IOMTU433_RS12290	hypothetical protein	NZ_AP014649.1	2602503	2602694	2417	0.08419999999999998	0	0.5	0
IOMTU433_RS12295	glycine zipper	NZ_AP014649.1	2603540	2602911	2418	0.08659999999999997	0	0	0
IOMTU433_RS12300	DUF4142 domain-containing protein	NZ_AP014649.1	2604517	2603924	2419	0.08906666666666663	0	0	0
IOMTU433_RS12305	hypothetical protein	NZ_AP014649.1	2605186	2605040	2420	0.0927333333333333	0	0.5	0
IOMTU433_RS12310	hypothetical protein	NZ_AP014649.1	2605585	2605256	2421	0.09299999999999997	0	0.5	0
IOMTU433_RS12315	helix-turn-helix transcriptional regulator	NZ_AP014649.1	2606118	2605672	2422	0.0933333333333333	0	1	0
IOMTU433_RS12320	MFS transporter	NZ_AP014649.1	2606230	2607444	2423	0.09459999999999996	0	0	0
IOMTU433_RS12325	minor capsid protein	NZ_AP014649.1	2608545	2607439	2424	0.09686666666666663	0	1	0
IOMTU433_RS12330	hypothetical protein	NZ_AP014649.1	2608987	2608643	2425	0.09766666666666662	0	0.5	0
IOMTU433_RS12335	hypothetical protein	NZ_AP014649.1	2609738	2609280	2426	0.09719999999999995	0	0.5	0
IOMTU433_RS20610	hypothetical protein	NZ_AP014649.1	2610224	2610343	2427	0.09573333333333328	0	0.5	0
IOMTU433_RS12340	NAD(P)-binding domain-containing protein	NZ_AP014649.1	2611315	2610500	2428	0.09179999999999995	0	0	0
IOMTU433_RS12345	hypothetical protein	NZ_AP014649.1	2611819	2611595	2429	0.08759999999999997	0	0.5	0
IOMTU433_RS12350	cold-shock protein	NZ_AP014649.1	2612238	2612023	2430	0.08479999999999999	0	0	0
IOMTU433_RS12355	LysE family translocator	NZ_AP014649.1	2612759	2613376	2431	0.07226666666666667	0	0	0
IOMTU433_RS12360	N-acetylmuramidase	NZ_AP014649.1	2613988	2613443	2432	0.06926666666666667	0	0	0
IOMTU433_RS12365	hypothetical protein	NZ_AP014649.1	2614415	2614026	2433	0.06660000000000002	0	0.5	0
IOMTU433_RS12375	LexA family transcriptional regulator	NZ_AP014649.1	2615016	2615687	2434	0.05973333333333335	0	0	0
IOMTU433_RS12380	transposase	NZ_AP014649.1	2616072	2615839	2435	0.05180000000000002	0	0.75	0
IOMTU433_RS12390	exodeoxyribonuclease VII large subunit	NZ_AP014649.1	2616578	2617840	2436	0.047866666666666675	0	0	0
IOMTU433_RS12395	exodeoxyribonuclease VII small subunit	NZ_AP014649.1	2617833	2618027	2437	0.045733333333333334	0	0	0
IOMTU433_RS12400	hypothetical protein	NZ_AP014649.1	2618476	2618252	2438	0.0436	0	0.5	0
IOMTU433_RS12405	LysE family transporter	NZ_AP014649.1	2619120	2618527	2439	0.043266666666666675	0	0	0
IOMTU433_RS12410	hypothetical protein	NZ_AP014649.1	2619563	2619892	2440	0.038400000000000004	0	0.5	0
IOMTU433_RS12415	four-helix bundle copper-binding protein	NZ_AP014649.1	2620371	2620727	2441	0.035333333333333335	0	0	0
IOMTU433_RS12420	GFA family protein	NZ_AP014649.1	2621728	2621321	2442	0.030933333333333337	0	0	0
IOMTU433_RS12425	Cu(I)-responsive transcriptional regulator	NZ_AP014649.1	2622158	2621757	2443	0.02833333333333334	0	0	0
IOMTU433_RS12430	copper-translocating P-type ATPase	NZ_AP014649.1	2624705	2622234	2444	0.026800000000000004	0	0	0
IOMTU433_RS12435	heavy-metal-associated domain-containing protein	NZ_AP014649.1	2624872	2625072	2445	0.025466666666666672	0	0	0
IOMTU433_RS12440	sigma-54-dependent Fis family transcriptional regulator	NZ_AP014649.1	2626800	2625130	2446	0.0218	0	0	0
IOMTU433_RS12445	phenol hydroxylase	NZ_AP014649.1	2627170	2627457	2447	0.018933333333333333	0	0	0
IOMTU433_RS12450	aromatic/alkene monooxygenase hydroxylase subunit beta	NZ_AP014649.1	2627478	2628479	2448	0.016466666666666668	0	0	0
IOMTU433_RS12455	MmoB/DmpM family protein	NZ_AP014649.1	2628491	2628757	2449	0.013866666666666668	0	0	0
IOMTU433_RS12460	aromatic/alkene/methane monooxygenase hydroxylase/oxygenase subunit alpha	NZ_AP014649.1	2628803	2630329	2450	0.009866666666666668	0	0	0
IOMTU433_RS12465	phenol hydroxylase	NZ_AP014649.1	2630389	2630751	2451	0.008666666666666666	0	0	0
IOMTU433_RS12470	2Fe-2S iron-sulfur cluster binding domain-containing protein	NZ_AP014649.1	2630766	2631827	2452	0.007666666666666668	0	0	0
IOMTU433_RS12475	transporter	NZ_AP014649.1	2632013	2632894	2453	0.005933333333333333	0	0	0
IOMTU433_RS12480	LysR family transcriptional regulator	NZ_AP014649.1	2633903	2632944	2454	0.003466666666666667	0	0	0
IOMTU433_RS12485	benzoate 1,2-dioxygenase large subunit	NZ_AP014649.1	2634186	2635568	2455	0.002266666666666667	0	0	0
IOMTU433_RS12490	benzoate 1,2-dioxygenase small subunit	NZ_AP014649.1	2635565	2636065	2456	0.0018	0	0	0
IOMTU433_RS12495	ring-hydroxylating dioxygenase ferredoxin reductase family protein	NZ_AP014649.1	2636137	2637153	2457	0.0015333333333333336	0	0	0
IOMTU433_RS12500	1,6-dihydroxycyclohexa-2,4-diene-1-carboxylate dehydrogenase	NZ_AP014649.1	2637172	2637957	2458	0.0010000000000000002	0	0	0
IOMTU433_RS12505	benzoate/H(+) symporter BenE	NZ_AP014649.1	2638015	2639208	2459	0.0005333333333333334	0	0	0
IOMTU433_RS12510	aromatic acid/H+ symport family MFS transporter	NZ_AP014649.1	2639675	2641033	2460	0.00046666666666666666	0	0	0
IOMTU433_RS12515	OprD family outer membrane porin	NZ_AP014649.1	2641078	2642340	2461	0.0002	0	0	0
IOMTU433_RS12520	beta-ketoacyl-ACP synthase III	NZ_AP014649.1	2643547	2642441	2462	0.0002	0	0	0
IOMTU433_RS12525	ATP-dependent RNA helicase HrpA	NZ_AP014649.1	2647499	2643642	2463	0.00013333333333333334	0	0	0
IOMTU433_RS12530	peroxiredoxin	NZ_AP014649.1	2647852	2648415	2464	0.0002	0	0	0
IOMTU433_RS12535	KTSC domain-containing protein	NZ_AP014649.1	2648608	2648823	2465	0.0002666666666666667	0	0	0
IOMTU433_RS12540	O-methyltransferase	NZ_AP014649.1	2649475	2648888	2466	0.0002666666666666667	0	0	0
IOMTU433_RS12545	DUF1653 domain-containing protein	NZ_AP014649.1	2649730	2649512	2467	0.0002666666666666667	0	0	0
IOMTU433_RS12550	alkyl hydroperoxide reductase subunit F	NZ_AP014649.1	2649991	2651556	2468	0.0002666666666666667	0	0	0
IOMTU433_RS12555	hypothetical protein	NZ_AP014649.1	2651730	2652074	2469	0.0002666666666666667	0	0.5	0
IOMTU433_RS12560	glutathione S-transferase N-terminal domain-containing protein	NZ_AP014649.1	2652749	2652138	2470	0.0002666666666666667	0	0	0
IOMTU433_RS12565	ExeM/NucH family extracellular endonuclease	NZ_AP014649.1	2655395	2652957	2471	0.0002666666666666667	0	0	0
IOMTU433_RS12570	tRNA (guanosine(46)-N7)-methyltransferase TrmB	NZ_AP014649.1	2655541	2656257	2472	0.0002666666666666667	0	0	0
IOMTU433_RS12575	glutathione S-transferase	NZ_AP014649.1	2656428	2657054	2473	0.0002666666666666667	0	0	0
IOMTU433_RS12580	DUF2520 domain-containing protein	NZ_AP014649.1	2657844	2657065	2474	0.0002666666666666667	0	0	0
IOMTU433_RS12585	OmpA family protein	NZ_AP014649.1	2659347	2657932	2475	0.0002	0	0	0
IOMTU433_RS12590	dihydroorotase	NZ_AP014649.1	2660796	2659561	2476	0.0002	0	0	0
IOMTU433_RS12595	aspartate carbamoyltransferase catalytic subunit	NZ_AP014649.1	2661825	2660809	2477	0.0002	0	0	0
IOMTU433_RS12600	hypothetical protein	NZ_AP014649.1	2662293	2661949	2478	0.0002	0	0.5	0
IOMTU433_RS12605	bifunctional 23S rRNA (guanine(2069)-N(7))-methyltransferase RlmK/23S rRNA (guanine(2445)-N(2))-methyltransferase RlmL	NZ_AP014649.1	2662533	2664737	2479	0.0002	0	0	0
IOMTU433_RS12610	hypothetical protein	NZ_AP014649.1	2665180	2664764	2480	0.0002	0	0.5	0
IOMTU433_RS12615	CinA family protein	NZ_AP014649.1	2665449	2665937	2481	0.0002	0	0	0
IOMTU433_RS12620	ATP-dependent chaperone ClpB	NZ_AP014649.1	2668573	2665994	2482	0.0002	0	0	0
IOMTU433_RS12625	peptidoglycan DD-metalloendopeptidase family protein	NZ_AP014649.1	2668873	2669679	2483	0.0002666666666666667	0	0	0
IOMTU433_RS12630	GNAT family N-acetyltransferase	NZ_AP014649.1	2670101	2669676	2484	0.0012000000000000001	0	0	0
IOMTU433_RS12635	OsmC family protein	NZ_AP014649.1	2670619	2670197	2485	0.002	0	0	0
IOMTU433_RS20890	hypothetical protein	NZ_AP014649.1	2670817	2670698	2486	0.0021333333333333334	0	0.5	0
IOMTU433_RS12640	cAMP-activated global transcriptional regulator CRP	NZ_AP014649.1	2671057	2671764	2487	0.0023333333333333335	0	0	0
IOMTU433_RS12645	NADP(H)-dependent aldo-keto reductase	NZ_AP014649.1	2671925	2672974	2488	0.0033333333333333335	0	0	0
IOMTU433_RS12650	M48 family metallopeptidase	NZ_AP014649.1	2673812	2673033	2489	0.004733333333333334	0	0	0
IOMTU433_RS12655	hypothetical protein	NZ_AP014649.1	2674246	2673929	2490	0.005666666666666667	0	0.5	0
IOMTU433_RS12660	adenylosuccinate synthase	NZ_AP014649.1	2675687	2674368	2491	0.007200000000000001	0	0	0
IOMTU433_RS12665	ATP phosphoribosyltransferase regulatory subunit	NZ_AP014649.1	2676918	2675752	2492	0.01046666666666667	0	0	0
IOMTU433_RS12670	hypothetical protein	NZ_AP014649.1	2678190	2677102	2493	0.0164	0	0.5	0
IOMTU433_RS12675	type I glyceraldehyde-3-phosphate dehydrogenase	NZ_AP014649.1	2679382	2678363	2494	0.02826666666666667	0	0	0
IOMTU433_RS12680	alanine--tRNA ligase	NZ_AP014649.1	2679652	2682288	2495	0.050666666666666665	0	0	0
IOMTU433_RS12685	integrase arm-type DNA-binding domain-containing protein	NZ_AP014649.1	2682575	2683780	2496	0.08113333333333334	0	1.5	0
IOMTU433_RS12690	translesion error-prone DNA polymerase V autoproteolytic subunit	NZ_AP014649.1	2683942	2684436	2497	0.11173333333333334	0	0	0
IOMTU433_RS12695	Y-family DNA polymerase	NZ_AP014649.1	2684440	2685738	2498	0.13686666666666666	0	0	0
IOMTU433_RS20265	Merged-or-split: IS4-like element ISAba1 family transposase	NZ_AP014649.1	2686889	2685799	2499	0.16633333333333333	0	0.75	0
IOMTU433_RS12710	IS5 family transposase	NZ_AP014649.1	2687966	2687034	2500	0.1962	0	0.75	0
IOMTU433_RS12715	HNH endonuclease	NZ_AP014649.1	2688195	2688920	2501	0.22446666666666668	0	0	0
IOMTU433_RS12720	N-acetylmuramidase	NZ_AP014649.1	2689546	2689001	2502	0.25066666666666665	0	0	0
IOMTU433_RS12725	hypothetical protein	NZ_AP014649.1	2689978	2689589	2503	0.2723333333333333	0	0.5	0
IOMTU433_RS12730	hypothetical protein	NZ_AP014649.1	2692530	2690041	2504	0.2938	0	0.5	0
IOMTU433_RS12735	C40 family peptidase	NZ_AP014649.1	2692953	2692531	2505	0.3253333333333333	0	0	0
IOMTU433_RS12740	hypothetical protein	NZ_AP014649.1	2693780	2693004	2506	0.35673333333333335	0	0.5	0
IOMTU433_RS12745	SGNH/GDSL hydrolase family protein	NZ_AP014649.1	2695600	2693783	2507	0.389	0	0	0
IOMTU433_RS12750	DUF2163 domain-containing protein	NZ_AP014649.1	2696510	2695662	2508	0.42	0	0	0
IOMTU433_RS12755	DUF2460 domain-containing protein	NZ_AP014649.1	2697160	2696507	2509	0.45233333333333337	0	0	0
IOMTU433_RS12760	hypothetical protein	NZ_AP014649.1	2700193	2697170	2510	0.48500000000000004	0	0.5	0
IOMTU433_RS12765	hydrolase GDSL	NZ_AP014649.1	2700933	2700262	2511	0.5170666666666667	0	0	0
IOMTU433_RS12770	hypothetical protein	NZ_AP014649.1	2701273	2701037	2512	0.5494	0	0.5	0
IOMTU433_RS12775	hypothetical protein	NZ_AP014649.1	2701614	2701300	2513	0.5812666666666666	0	0.5	0
IOMTU433_RS12780	hypothetical protein	NZ_AP014649.1	2702388	2701621	2514	0.6124666666666666	0	0.5	0
IOMTU433_RS12785	hypothetical protein	NZ_AP014649.1	2702894	2702451	2515	0.6440666666666667	0	0.5	0
IOMTU433_RS12790	hypothetical protein	NZ_AP014649.1	2703369	2702887	2516	0.6753333333333332	0	0.5	0
IOMTU433_RS12795	hypothetical protein	NZ_AP014649.1	2703568	2703377	2517	0.7063333333333333	0	0.5	0
IOMTU433_RS12800	DUF4054 domain-containing protein	NZ_AP014649.1	2703961	2703578	2518	0.7364666666666667	1	0	5	2707115	2707128	2721154	2721167	TTTAGCAGAACCG	CGGTTCTGCTAAA	Longest Repeat flanking phage and within 2000 bp
IOMTU433_RS12805	hypothetical protein	NZ_AP014649.1	2704354	2703971	2519	0.7654666666666666	1	0.5	5
IOMTU433_RS12810	DUF2184 domain-containing protein	NZ_AP014649.1	2705342	2704368	2520	0.7959333333333334	1	0	5
IOMTU433_RS12815	hypothetical protein	NZ_AP014649.1	2705818	2705348	2521	0.8256666666666665	1	0.5	5
IOMTU433_RS12820	DUF2213 domain-containing protein	NZ_AP014649.1	2707031	2705832	2522	0.8538666666666666	1	0	5
IOMTU433_RS12825	hypothetical protein	NZ_AP014649.1	2707381	2707085	2523	0.8795999999999999	1	0.5	5
IOMTU433_RS12830	hypothetical protein	NZ_AP014649.1	2707723	2707406	2524	0.8950666666666666	1	0.5	5
IOMTU433_RS12835	minor capsid protein	NZ_AP014649.1	2708528	2707716	2525	0.9035999999999998	1	1	5
IOMTU433_RS12840	DUF1073 domain-containing protein	NZ_AP014649.1	2709807	2708473	2526	0.9048666666666667	1	0	5
IOMTU433_RS12845	phage terminase large subunit	NZ_AP014649.1	2711342	2709816	2527	0.9063333333333331	1	1	5
IOMTU433_RS12850	DUF2280 domain-containing protein	NZ_AP014649.1	2711796	2711320	2528	0.9139999999999998	1	0	5
IOMTU433_RS12855	hypothetical protein	NZ_AP014649.1	2712495	2711854	2529	0.9171333333333332	1	0.5	5
IOMTU433_RS12860	hypothetical protein	NZ_AP014649.1	2712898	2712464	2530	0.9194666666666665	1	0.5	5
IOMTU433_RS12865	hypothetical protein	NZ_AP014649.1	2713414	2712959	2531	0.9216666666666666	1	0.5	5
IOMTU433_RS12870	hypothetical protein	NZ_AP014649.1	2714313	2714077	2532	0.9265333333333332	1	0.5	5
IOMTU433_RS12875	hypothetical protein	NZ_AP014649.1	2714865	2714512	2533	0.9366	1	0.5	5
IOMTU433_RS12880	hypothetical protein	NZ_AP014649.1	2715407	2715168	2534	0.9471333333333334	1	0.5	5
IOMTU433_RS12885	hypothetical protein	NZ_AP014649.1	2716055	2715543	2535	0.9440000000000002	1	0.5	5
IOMTU433_RS12890	DUF559 domain-containing protein	NZ_AP014649.1	2716453	2716058	2536	0.9416000000000001	1	0	5
IOMTU433_RS12895	hypothetical protein	NZ_AP014649.1	2716776	2716453	2537	0.9386666666666666	1	0.5	5
IOMTU433_RS12900	hypothetical protein	NZ_AP014649.1	2716945	2716766	2538	0.9374666666666667	1	0.5	5
IOMTU433_RS12905	HNH endonuclease	NZ_AP014649.1	2717340	2716942	2539	0.9339333333333334	1	0	5
IOMTU433_RS20615	putative phage replication protein	NZ_AP014649.1	2717462	2717337	2540	0.9304000000000001	1	1	5
IOMTU433_RS12915	hypothetical protein	NZ_AP014649.1	2718208	2717459	2541	0.9231999999999999	1	0.5	5
IOMTU433_RS12920	YdaU family protein	NZ_AP014649.1	2719130	2718201	2542	0.9156666666666666	1	0.5	5
IOMTU433_RS12925	hypothetical protein	NZ_AP014649.1	2719485	2719123	2543	0.9083999999999998	1	0.5	5
IOMTU433_RS12930	hypothetical protein	NZ_AP014649.1	2719778	2719482	2544	0.8986666666666665	1	0.5	5
IOMTU433_RS12935	hypothetical protein	NZ_AP014649.1	2720047	2719775	2545	0.8895999999999997	1	0.5	5
IOMTU433_RS12940	hypothetical protein	NZ_AP014649.1	2720597	2720097	2546	0.8611333333333332	1	0.5	5
IOMTU433_RS12945	helix-turn-helix domain-containing protein	NZ_AP014649.1	2720900	2720652	2547	0.8307999999999999	1	1	5
IOMTU433_RS12950	helix-turn-helix domain-containing protein	NZ_AP014649.1	2720903	2721694	2548	0.8008666666666665	1	1	5
IOMTU433_RS12955	hypothetical protein	NZ_AP014649.1	2721923	2722363	2549	0.7713999999999998	1	0.5	5
IOMTU433_RS12960	hypothetical protein	NZ_AP014649.1	2722363	2722653	2550	0.7411999999999997	1	0.5	5
IOMTU433_RS12965	hypothetical protein	NZ_AP014649.1	2722646	2722969	2551	0.7102666666666665	1	0.5	5
IOMTU433_RS12970	ATP-binding protein	NZ_AP014649.1	2722981	2724102	2552	0.6788000000000001	0	0	0
IOMTU433_RS12975	hypothetical protein	NZ_AP014649.1	2724099	2725058	2553	0.6472	0	0.5	0
IOMTU433_RS12980	hypothetical protein	NZ_AP014649.1	2725060	2725305	2554	0.6198000000000001	0	0.5	0
IOMTU433_RS12985	DUF551 domain-containing protein	NZ_AP014649.1	2725309	2725758	2555	0.5888000000000001	0	0	0
IOMTU433_RS12990	hypothetical protein	NZ_AP014649.1	2725755	2725964	2556	0.5570666666666668	0	0.5	0
IOMTU433_RS12995	hypothetical protein	NZ_AP014649.1	2725961	2726218	2557	0.525	0	0.5	0
IOMTU433_RS13000	hypothetical protein	NZ_AP014649.1	2726220	2726435	2558	0.4922000000000001	0	0.5	0
IOMTU433_RS13005	aspartate kinase	NZ_AP014649.1	2726645	2727925	2559	0.45960000000000006	0	0	0
IOMTU433_RS13010	carbon storage regulator CsrA	NZ_AP014649.1	2728172	2728426	2560	0.42740000000000006	0	0	0
IOMTU433_RS13015	ribonuclease HII	NZ_AP014649.1	2729062	2728496	2561	0.3969333333333333	0	0	0
IOMTU433_RS13020	hypothetical protein	NZ_AP014649.1	2729517	2729128	2562	0.3658666666666666	0	0.5	0
IOMTU433_RS13025	cytochrome b	NZ_AP014649.1	2729760	2730317	2563	0.3341333333333333	0	0	0
IOMTU433_RS20620	Merged-or-split: IS3 family transposase	NZ_AP014649.1	2731753	2730375	2564	0.3021333333333333	0	0.75	0
IOMTU433_RS13040	adenosine deaminase	NZ_AP014649.1	2732826	2731828	2565	0.27373333333333333	0	0	0
IOMTU433_RS13045	NCS2 family permease	NZ_AP014649.1	2734257	2732938	2566	0.2447333333333333	0	0	0
IOMTU433_RS13050	hypothetical protein	NZ_AP014649.1	2734807	2734580	2567	0.2154666666666666	0	0.5	0
IOMTU433_RS13055	NAD(P)/FAD-dependent oxidoreductase	NZ_AP014649.1	2736727	2735177	2568	0.18566666666666662	0	0	0
IOMTU433_RS13060	SDR family NAD(P)-dependent oxidoreductase	NZ_AP014649.1	2737581	2736751	2569	0.15686666666666663	0	0	0
IOMTU433_RS13065	metal-dependent hydrolase	NZ_AP014649.1	2738609	2737647	2570	0.1277333333333333	0	0	0
IOMTU433_RS13070	pirin family protein	NZ_AP014649.1	2739121	2739843	2571	0.10286666666666663	0	0	0
IOMTU433_RS13075	TetR/AcrR family transcriptional regulator	NZ_AP014649.1	2740531	2739908	2572	0.07806666666666665	0	0	0
IOMTU433_RS13080	metal-dependent hydrolase	NZ_AP014649.1	2741057	2742016	2573	0.0534	0	0	0
IOMTU433_RS13085	SDR family NAD(P)-dependent oxidoreductase	NZ_AP014649.1	2742079	2742912	2574	0.031000000000000003	0	0	0
IOMTU433_RS13090	NAD(P)/FAD-dependent oxidoreductase	NZ_AP014649.1	2742936	2744459	2575	0.0078000000000000005	0	0	0
IOMTU433_RS13095	class I SAM-dependent methyltransferase	NZ_AP014649.1	2744571	2745446	2576	0.005066666666666667	0	0	0
IOMTU433_RS13100	AraC family transcriptional regulator	NZ_AP014649.1	2746471	2745458	2577	0.006333333333333333	0	0	0
IOMTU433_RS13105	NAD(P)/FAD-dependent oxidoreductase	NZ_AP014649.1	2746607	2748094	2578	0.007733333333333334	0	0	0
IOMTU433_RS13110	SDR family oxidoreductase	NZ_AP014649.1	2748139	2748993	2579	0.007533333333333334	0	0	0
IOMTU433_RS13115	alpha/beta hydrolase	NZ_AP014649.1	2749066	2749959	2580	0.007866666666666666	0	0	0
IOMTU433_RS13120	GMC family oxidoreductase	NZ_AP014649.1	2749988	2751658	2581	0.007533333333333333	0	0	0
IOMTU433_RS13125	OprD family outer membrane porin	NZ_AP014649.1	2752998	2751718	2582	0.007533333333333333	0	0	0
IOMTU433_RS13130	MFS transporter	NZ_AP014649.1	2754376	2753030	2583	0.007466666666666666	0	0	0
IOMTU433_RS13135	arylsulfatase	NZ_AP014649.1	2754753	2756438	2584	0.007466666666666666	0	0	0
IOMTU433_RS13140	formylglycine-generating enzyme family protein	NZ_AP014649.1	2756464	2757417	2585	0.007466666666666666	0	0	0
IOMTU433_RS13145	OprD family outer membrane porin	NZ_AP014649.1	2757430	2758617	2586	0.007466666666666666	0	0	0
IOMTU433_RS13150	aromatic ring-hydroxylating dioxygenase subunit alpha	NZ_AP014649.1	2758851	2759927	2587	0.007466666666666666	0	0	0
IOMTU433_RS13155	oxidoreductase	NZ_AP014649.1	2759940	2760884	2588	0.007466666666666666	0	0	0
IOMTU433_RS13160	GntR family transcriptional regulator	NZ_AP014649.1	2761620	2760928	2589	0.007466666666666666	0	0	0
IOMTU433_RS13165	MarR family transcriptional regulator	NZ_AP014649.1	2762185	2761727	2590	0.007466666666666666	0	0	0
IOMTU433_RS13170	3-(3-hydroxy-phenyl)propionate transporter MhpT	NZ_AP014649.1	2763488	2762256	2591	0.007466666666666666	0	0	0
IOMTU433_RS13175	p-hydroxycinnamoyl CoA hydratase/lyase	NZ_AP014649.1	2763736	2764575	2592	0.007466666666666666	0	0	0
IOMTU433_RS13180	aldehyde dehydrogenase	NZ_AP014649.1	2764613	2766064	2593	0.007466666666666666	0	0	0
IOMTU433_RS13185	AMP-binding protein	NZ_AP014649.1	2766147	2768033	2594	0.007466666666666666	0	0	0
IOMTU433_RS13190	acyl-CoA dehydrogenase family protein	NZ_AP014649.1	2768107	2769246	2595	0.007466666666666666	0	0	0
IOMTU433_RS13195	OprD family porin	NZ_AP014649.1	2769328	2770578	2596	0.007466666666666666	0	0	0
IOMTU433_RS13200	DUF3237 domain-containing protein	NZ_AP014649.1	2770636	2771172	2597	0.0073999999999999995	0	0	0
IOMTU433_RS13205	PaaI family thioesterase	NZ_AP014649.1	2771213	2771602	2598	0.0073999999999999995	0	0	0
IOMTU433_RS13210	tannase/feruloyl esterase family alpha/beta hydrolase	NZ_AP014649.1	2771636	2773388	2599	0.0073999999999999995	0	0	0
IOMTU433_RS13215	FadR family transcriptional regulator	NZ_AP014649.1	2774166	2773453	2600	0.0073999999999999995	0	0	0
IOMTU433_RS13220	aldehyde dehydrogenase (NADP(+))	NZ_AP014649.1	2775995	2774409	2601	0.0073999999999999995	0	0	0
IOMTU433_RS13225	5-dehydro-4-deoxyglucarate dehydratase	NZ_AP014649.1	2776937	2776026	2602	0.0073999999999999995	0	0	0
IOMTU433_RS13230	glucarate dehydratase	NZ_AP014649.1	2778434	2777100	2603	0.0073999999999999995	0	0	0
IOMTU433_RS13235	MFS transporter	NZ_AP014649.1	2778720	2780078	2604	0.0073999999999999995	0	0	0
IOMTU433_RS13240	galactarate dehydratase	NZ_AP014649.1	2780149	2781696	2605	0.007266666666666668	0	0	0
IOMTU433_RS13245	DMT family transporter	NZ_AP014649.1	2781823	2782719	2606	0.007066666666666667	0	0	0
IOMTU433_RS13250	AraC family transcriptional regulator	NZ_AP014649.1	2783805	2782735	2607	0.004933333333333334	0	0	0
IOMTU433_RS13255	coniferyl aldehyde dehydrogenase	NZ_AP014649.1	2783935	2785395	2608	0.0023333333333333335	0	0	0
IOMTU433_RS13260	hypothetical protein	NZ_AP014649.1	2786196	2785642	2609	0.0016	0	0.5	0
IOMTU433_RS13265	hypothetical protein	NZ_AP014649.1	2786600	2786271	2610	0.0	0	0.5	0
IOMTU433_RS13270	DUF4265 domain-containing protein	NZ_AP014649.1	2787099	2786653	2611	0.0	0	0	0
IOMTU433_RS13275	hypothetical protein	NZ_AP014649.1	2787447	2787172	2612	0.0	0	0.5	0
IOMTU433_RS13280	amino acid permease	NZ_AP014649.1	2789280	2787817	2613	0.0	0	0	0
IOMTU433_RS13285	arginine N-succinyltransferase	NZ_AP014649.1	2790773	2789679	2614	6.666666666666667e-05	0	0	0
IOMTU433_RS13290	aspartate aminotransferase family protein	NZ_AP014649.1	2792005	2790770	2615	6.666666666666667e-05	0	0	0
IOMTU433_RS13295	Lrp/AsnC family transcriptional regulator	NZ_AP014649.1	2792141	2792563	2616	6.666666666666667e-05	0	0	0
IOMTU433_RS13300	gamma-aminobutyraldehyde dehydrogenase	NZ_AP014649.1	2792883	2794313	2617	6.666666666666667e-05	0	0	0
IOMTU433_RS13305	nuclear transport factor 2 family protein	NZ_AP014649.1	2794342	2795112	2618	6.666666666666667e-05	0	0	0
IOMTU433_RS13310	GntR family transcriptional regulator	NZ_AP014649.1	2795172	2795891	2619	6.666666666666667e-05	0	0	0
IOMTU433_RS13315	PDC sensor domain-containing protein	NZ_AP014649.1	2795957	2796664	2620	0.0002	0	0	0
IOMTU433_RS13320	APC family permease	NZ_AP014649.1	2796859	2798190	2621	0.0002666666666666667	0	0	0
IOMTU433_RS13325	FAD-binding oxidoreductase	NZ_AP014649.1	2798210	2799655	2622	0.0002666666666666667	0	0	0
IOMTU433_RS13330	amino acid permease	NZ_AP014649.1	2799801	2801159	2623	0.0002666666666666667	0	0	0
IOMTU433_RS13335	hypothetical protein	NZ_AP014649.1	2801541	2801900	2624	0.0002666666666666667	0	0.5	0
IOMTU433_RS13340	ATP-binding protein	NZ_AP014649.1	2805254	2802018	2625	0.0002666666666666667	0	0	0
IOMTU433_RS13345	hypothetical protein	NZ_AP014649.1	2805886	2805446	2626	0.0002666666666666667	0	0.5	0
IOMTU433_RS13360	hypothetical protein	NZ_AP014649.1	2807081	2806635	2627	0.0002666666666666667	0	0.5	0
IOMTU433_RS13365	hypothetical protein	NZ_AP014649.1	2807588	2807097	2628	0.0002666666666666667	0	0.5	0
IOMTU433_RS13370	RHS domain-containing protein	NZ_AP014649.1	2812381	2807609	2629	0.0002666666666666667	0	0	0
IOMTU433_RS13375	type VI secretion system tip protein VgrG	NZ_AP014649.1	2815646	2812452	2630	0.0002666666666666667	0	0	0
IOMTU433_RS13380	TetR/AcrR family transcriptional regulator	NZ_AP014649.1	2816459	2815887	2631	0.0002666666666666667	0	0	0
IOMTU433_RS20855	hypothetical protein	NZ_AP014649.1	2816506	2816646	2632	0.0002666666666666667	0	0.5	0
IOMTU433_RS13390	hypothetical protein	NZ_AP014649.1	2818144	2817266	2633	0.0002666666666666667	0	0.5	0
IOMTU433_RS13395	DUF898 domain-containing protein	NZ_AP014649.1	2818987	2820075	2634	0.0002666666666666667	0	0	0
IOMTU433_RS13400	M48 family metallopeptidase	NZ_AP014649.1	2820096	2821187	2635	0.0002666666666666667	0	0	0
IOMTU433_RS13410	NADPH-dependent 2,4-dienoyl-CoA reductase	NZ_AP014649.1	2823556	2821526	2636	0.0002666666666666667	0	0	0
IOMTU433_RS13415	hypothetical protein	NZ_AP014649.1	2823722	2824117	2637	0.0002666666666666667	0	0.5	0
IOMTU433_RS13420	argininosuccinate synthase	NZ_AP014649.1	2824325	2825683	2638	0.0002666666666666667	0	0	0
IOMTU433_RS13425	GGDEF domain-containing protein	NZ_AP014649.1	2827006	2825744	2639	0.0002666666666666667	0	0	0
IOMTU433_RS13430	dihydroorotase	NZ_AP014649.1	2827156	2828190	2640	0.0002666666666666667	0	0	0
IOMTU433_RS13435	ribonuclease T	NZ_AP014649.1	2828175	2828837	2641	0.0002666666666666667	0	0	0
IOMTU433_RS13445	TonB-dependent receptor	NZ_AP014649.1	2829115	2831229	2642	0.0002666666666666667	0	0	0
IOMTU433_RS13450	NADH:flavin oxidoreductase/NADH oxidase family protein	NZ_AP014649.1	2832532	2831288	2643	0.0002666666666666667	0	0	0
IOMTU433_RS13455	ABC transporter ATP-binding protein	NZ_AP014649.1	2834307	2832718	2644	0.0002	0	0	0
IOMTU433_RS13460	ABC transporter permease	NZ_AP014649.1	2835295	2834285	2645	0.0002	0	0	0
IOMTU433_RS13465	microcin C ABC transporter permease YejB	NZ_AP014649.1	2836347	2835295	2646	0.0002	0	0	0
IOMTU433_RS13470	extracellular solute-binding protein	NZ_AP014649.1	2838212	2836377	2647	0.0002666666666666667	0	0	0
IOMTU433_RS13475	LysM peptidoglycan-binding domain-containing protein	NZ_AP014649.1	2841443	2838228	2648	0.0002666666666666667	0	0	0
IOMTU433_RS13480	DNA polymerase III subunit epsilon	NZ_AP014649.1	2841676	2843055	2649	0.0007333333333333333	0	0	0
IOMTU433_RS13485	hypothetical protein	NZ_AP014649.1	2843188	2844831	2650	0.0008666666666666667	0	0.5	0
IOMTU433_RS13490	NAD(+) diphosphatase	NZ_AP014649.1	2844831	2845574	2651	0.0016666666666666668	0	0	0
IOMTU433_RS13495	alpha/beta hydrolase	NZ_AP014649.1	2846460	2845597	2652	0.0051333333333333335	0	0	0
IOMTU433_RS13500	BON domain-containing protein	NZ_AP014649.1	2847171	2846464	2653	0.008	0	0	0
IOMTU433_RS13505	YraN family protein	NZ_AP014649.1	2847653	2847252	2654	0.01633333333333333	0	0.5	0
IOMTU433_RS13510	16S rRNA (cytidine(1402)-2'-O)-methyltransferase	NZ_AP014649.1	2847847	2848683	2655	0.026600000000000002	0	0	0
IOMTU433_RS13515	hypothetical protein	NZ_AP014649.1	2848778	2849164	2656	0.03966666666666666	0	0.5	0
IOMTU433_RS13520	LysR family transcriptional regulator ArgP	NZ_AP014649.1	2850057	2849167	2657	0.0516	0	0	0
IOMTU433_RS13525	LysE/ArgO family amino acid transporter	NZ_AP014649.1	2850165	2850767	2658	0.06473333333333334	0	0	0
IOMTU433_RS13530	cation diffusion facilitator family transporter	NZ_AP014649.1	2851466	2850825	2659	0.08160000000000002	0	0	0
IOMTU433_RS13535	MerR family transcriptional regulator	NZ_AP014649.1	2851532	2851933	2660	0.10413333333333336	0	0	0
IOMTU433_RS13540	hypothetical protein	NZ_AP014649.1	2852239	2851988	2661	0.12680000000000002	0	0.5	0
IOMTU433_RS13545	FAD-dependent monooxygenase	NZ_AP014649.1	2853681	2852449	2662	0.15033333333333335	0	0	0
IOMTU433_RS13550	FAD-dependent monooxygenase	NZ_AP014649.1	2854886	2853678	2663	0.17546666666666672	0	0	0
IOMTU433_RS13555	Xaa-Pro aminopeptidase	NZ_AP014649.1	2856240	2854918	2664	0.20093333333333338	0	0	0
IOMTU433_RS13560	UPF0149 family protein	NZ_AP014649.1	2856940	2856308	2665	0.22740000000000002	0	0	0
IOMTU433_RS13565	hypothetical protein	NZ_AP014649.1	2857005	2857565	2666	0.25293333333333334	0	0.5	0
IOMTU433_RS13570	cell division protein ZapA	NZ_AP014649.1	2857562	2857846	2667	0.27653333333333335	0	0	0
IOMTU433_RS13575	integrase family protein	NZ_AP014649.1	2858275	2859627	2668	0.30400000000000005	0	1.5	0
IOMTU433_RS20895	SOS response-associated peptidase	NZ_AP014649.1	2859851	2859967	2669	0.3303333333333333	0	0	0
IOMTU433_RS13580	phosphoethanolamine--lipid A transferase	NZ_AP014649.1	2861692	2860046	2670	0.3569333333333333	0	0	0
IOMTU433_RS13585	TonB-dependent receptor	NZ_AP014649.1	2864292	2861974	2671	0.3771333333333333	0	0	0
IOMTU433_RS13590	N-acetylmuramidase	NZ_AP014649.1	2865326	2864781	2672	0.40593333333333337	0	0	0
IOMTU433_RS13595	hypothetical protein	NZ_AP014649.1	2865607	2865425	2673	0.4346666666666667	0	0.5	0
IOMTU433_RS13600	hypothetical protein	NZ_AP014649.1	2866360	2865971	2674	0.46293333333333336	0	0.5	0
IOMTU433_RS13605	hypothetical protein	NZ_AP014649.1	2869866	2866429	2675	0.4888666666666667	0	0.5	0
IOMTU433_RS13610	hypothetical protein	NZ_AP014649.1	2870221	2869859	2676	0.5179333333333334	0	0.5	0
IOMTU433_RS13615	DUF1833 family protein	NZ_AP014649.1	2870724	2870218	2677	0.5485333333333334	0	0	0
IOMTU433_RS13620	hypothetical protein	NZ_AP014649.1	2871122	2870724	2678	0.5798666666666669	0	0.5	0
IOMTU433_RS13625	hypothetical protein	NZ_AP014649.1	2871802	2871215	2679	0.6107333333333336	0	0.5	0
IOMTU433_RS13630	tape measure protein	NZ_AP014649.1	2876272	2871893	2680	0.6416000000000002	0	1	6	2874123	2874137	2899208	2899222	GGACCAGTACCAAT	ATTGGTACTGGTCC	Longest Repeat flanking phage and within 2000 bp
IOMTU433_RS13635	hypothetical protein	NZ_AP014649.1	2876663	2876400	2681	0.6726000000000002	0	0.5	6
IOMTU433_RS13640	hypothetical protein	NZ_AP014649.1	2877345	2876665	2682	0.7012666666666668	0	0.5	6
IOMTU433_RS13645	type II toxin-antitoxin system HicB family antitoxin	NZ_AP014649.1	2877848	2877444	2683	0.7302666666666668	1	0	6
IOMTU433_RS13650	type II toxin-antitoxin system HicA family toxin	NZ_AP014649.1	2878123	2877941	2684	0.7544666666666667	1	0	6
IOMTU433_RS13655	hypothetical protein	NZ_AP014649.1	2878964	2878449	2685	0.7766000000000002	1	0.5	6
IOMTU433_RS13660	hypothetical protein	NZ_AP014649.1	2879951	2879034	2686	0.7956000000000001	1	0.5	6
IOMTU433_RS13665	hypothetical protein	NZ_AP014649.1	2880975	2880004	2687	0.8160666666666667	1	0.5	6
IOMTU433_RS13670	hypothetical protein	NZ_AP014649.1	2881328	2880975	2688	0.8347333333333335	1	0.5	6
IOMTU433_RS13675	hypothetical protein	NZ_AP014649.1	2881642	2881424	2689	0.8498666666666668	1	0.5	6
IOMTU433_RS13680	hypothetical protein	NZ_AP014649.1	2882042	2881644	2690	0.8592666666666667	1	0.5	6
IOMTU433_RS13685	hypothetical protein	NZ_AP014649.1	2882412	2882044	2691	0.8691333333333333	1	0.5	6
IOMTU433_RS13690	hypothetical protein	NZ_AP014649.1	2882788	2882384	2692	0.878	1	0.5	6
IOMTU433_RS13695	hypothetical protein	NZ_AP014649.1	2883684	2882848	2693	0.8854666666666667	1	0.5	6
IOMTU433_RS13700	hypothetical protein	NZ_AP014649.1	2884104	2883733	2694	0.8924000000000001	1	0.5	6
IOMTU433_RS13705	hypothetical protein	NZ_AP014649.1	2884484	2884104	2695	0.8975333333333334	1	0.5	6
IOMTU433_RS13710	HeH/LEM domain protein	NZ_AP014649.1	2884823	2884488	2696	0.9040000000000001	1	0	6
IOMTU433_RS13715	hypothetical protein	NZ_AP014649.1	2885817	2884867	2697	0.9125333333333334	1	0.5	6
IOMTU433_RS13720	hypothetical protein	NZ_AP014649.1	2886622	2885831	2698	0.9162666666666667	1	0.5	6
IOMTU433_RS13725	hypothetical protein	NZ_AP014649.1	2886904	2886713	2699	0.9209999999999999	1	0.5	6
IOMTU433_RS20860	hypothetical protein	NZ_AP014649.1	2887109	2886960	2700	0.9262666666666666	1	0.5	6
IOMTU433_RS13730	hypothetical protein	NZ_AP014649.1	2887355	2887131	2701	0.9385999999999999	1	0.5	6
IOMTU433_RS13735	hypothetical protein	NZ_AP014649.1	2887882	2887454	2702	0.9393333333333334	1	0.5	6
IOMTU433_RS13740	minor capsid protein	NZ_AP014649.1	2888995	2887892	2703	0.9394666666666667	1	1	6
IOMTU433_RS13745	DUF4055 domain-containing protein	NZ_AP014649.1	2890348	2889005	2704	0.9385333333333334	1	0	6
IOMTU433_RS13750	terminase	NZ_AP014649.1	2891703	2890387	2705	0.9429333333333333	1	1	6
IOMTU433_RS13755	DUF2280 domain-containing protein	NZ_AP014649.1	2892244	2891687	2706	0.9393999999999998	1	0	6
IOMTU433_RS13760	hypothetical protein	NZ_AP014649.1	2892945	2892304	2707	0.9334	1	0.5	6
IOMTU433_RS13765	hypothetical protein	NZ_AP014649.1	2893348	2892902	2708	0.9273999999999999	1	0.5	6
IOMTU433_RS13770	hypothetical protein	NZ_AP014649.1	2893865	2893410	2709	0.9227333333333331	1	0.5	6
IOMTU433_RS13775	hypothetical protein	NZ_AP014649.1	2894763	2894527	2710	0.9171999999999998	1	0.5	6
IOMTU433_RS13780	hypothetical protein	NZ_AP014649.1	2895316	2894972	2711	0.8939333333333332	1	0.5	6
IOMTU433_RS13785	hypothetical protein	NZ_AP014649.1	2896242	2895598	2712	0.8671333333333333	1	0.5	6
IOMTU433_RS13790	hypothetical protein	NZ_AP014649.1	2896849	2896349	2713	0.8391999999999998	1	0.5	6
IOMTU433_RS13795	DUF559 domain-containing protein	NZ_AP014649.1	2897238	2896846	2714	0.8118666666666665	1	0	6
IOMTU433_RS13800	DNA cytosine methyltransferase	NZ_AP014649.1	2898578	2897235	2715	0.7804666666666665	1	0	6
IOMTU433_RS13805	helix-turn-helix domain-containing protein	NZ_AP014649.1	2899519	2898575	2716	0.7495999999999999	1	1	6
IOMTU433_RS13810	hypothetical protein	NZ_AP014649.1	2899803	2899516	2717	0.7202	1	0.5	6
IOMTU433_RS13815	hypothetical protein	NZ_AP014649.1	2900213	2899857	2718	0.6901333333333333	0	0.5	6
IOMTU433_RS13820	helix-turn-helix transcriptional regulator	NZ_AP014649.1	2900422	2900222	2719	0.6612666666666667	0	1	6
IOMTU433_RS13825	helix-turn-helix domain-containing protein	NZ_AP014649.1	2900535	2901191	2720	0.6304000000000001	0	1	6
IOMTU433_RS13830	hypothetical protein	NZ_AP014649.1	2901193	2901474	2721	0.5982000000000001	0	0.5	0
IOMTU433_RS13835	hypothetical protein	NZ_AP014649.1	2901691	2902140	2722	0.5661333333333335	0	0.5	0
IOMTU433_RS13840	hypothetical protein	NZ_AP014649.1	2902133	2902456	2723	0.5338	0	0.5	0
IOMTU433_RS13845	ATP-binding protein	NZ_AP014649.1	2902468	2903589	2724	0.5014	0	0	0
IOMTU433_RS13850	hypothetical protein	NZ_AP014649.1	2903618	2903914	2725	0.46986666666666665	0	0.5	0
IOMTU433_RS13855	hypothetical protein	NZ_AP014649.1	2903915	2904244	2726	0.43793333333333334	0	0.5	0
IOMTU433_RS13860	hypothetical protein	NZ_AP014649.1	2904241	2904525	2727	0.4058666666666667	0	0.5	0
IOMTU433_RS13865	hypothetical protein	NZ_AP014649.1	2904536	2904799	2728	0.3747333333333334	0	0.5	0
IOMTU433_RS20285	Merged-or-split: IS4-like element ISAba1 family transposase	NZ_AP014649.1	2905174	2906264	2729	0.3437333333333334	0	0.75	0
IOMTU433_RS13880	hypothetical protein	NZ_AP014649.1	2906726	2906409	2730	0.31186666666666674	0	0.5	0
IOMTU433_RS20625	hypothetical protein	NZ_AP014649.1	2906912	2906799	2731	0.2793333333333334	0	0.5	0
IOMTU433_RS13885	hypothetical protein	NZ_AP014649.1	2907361	2907020	2732	0.24979999999999994	0	0.5	0
IOMTU433_RS13890	5-formyltetrahydrofolate cyclo-ligase	NZ_AP014649.1	2907603	2908187	2733	0.22113333333333327	0	0	0
IOMTU433_RS13895	OmpA family protein	NZ_AP014649.1	2909078	2908299	2734	0.19379999999999994	0	0	0
IOMTU433_RS13900	trimeric autotransporter adhesin Ata	NZ_AP014649.1	2915966	2909136	2735	0.1634666666666666	0	0	0
IOMTU433_RS13905	endopeptidase La	NZ_AP014649.1	2916743	2919172	2736	0.13793333333333327	0	0	0
IOMTU433_RS13910	23S rRNA (pseudouridine(1915)-N(3))-methyltransferase RlmH	NZ_AP014649.1	2919474	2919953	2737	0.11326666666666661	0	0	0
IOMTU433_RS13915	dioxygenase	NZ_AP014649.1	2920066	2920842	2738	0.0880666666666666	0	0	0
IOMTU433_RS13920	META and DUF4377 domain-containing protein	NZ_AP014649.1	2921013	2922122	2739	0.06166666666666667	0	0	0
IOMTU433_RS13925	NADP-specific glutamate dehydrogenase	NZ_AP014649.1	2923581	2922178	2740	0.036533333333333334	0	0	0
IOMTU433_RS13930	RnfABCDGE type electron transport complex subunit B	NZ_AP014649.1	2923853	2924644	2741	0.02813333333333334	0	0	0
IOMTU433_RS13935	endonuclease III	NZ_AP014649.1	2924645	2925337	2742	0.02286666666666667	0	0	0
IOMTU433_RS20630	hypothetical protein	NZ_AP014649.1	2925559	2925395	2743	0.018933333333333337	0	0.5	0
IOMTU433_RS13940	adenylate kinase	NZ_AP014649.1	2926229	2925576	2744	0.014000000000000002	0	0	0
IOMTU433_RS13945	membrane protein	NZ_AP014649.1	2927629	2926316	2745	0.013066666666666671	0	0	0
IOMTU433_RS13950	hypothetical protein	NZ_AP014649.1	2928209	2927691	2746	0.01206666666666667	0	0.5	0
IOMTU433_RS13955	penicillin-binding protein 2	NZ_AP014649.1	2928446	2930464	2747	0.009133333333333335	0	0	0
IOMTU433_RS13960	16S rRNA (guanine(966)-N(2))-methyltransferase RsmD	NZ_AP014649.1	2930464	2931015	2748	0.007400000000000003	0	0	0
IOMTU433_RS13965	HupE/UreJ family protein	NZ_AP014649.1	2931626	2931057	2749	0.004266666666666668	0	0	0
IOMTU433_RS13970	urease accessory protein UreG	NZ_AP014649.1	2932250	2931636	2750	0.003200000000000001	0	0	0
IOMTU433_RS13975	urease accessory protein	NZ_AP014649.1	2932939	2932274	2751	0.0028666666666666675	0	0	0
IOMTU433_RS13980	urease accessory protein UreE	NZ_AP014649.1	2933408	2932926	2752	0.0025333333333333336	0	0	0
IOMTU433_RS13985	urease subunit alpha	NZ_AP014649.1	2935523	2933478	2753	0.002266666666666667	0	0	0
IOMTU433_RS13995	urease subunit gamma	NZ_AP014649.1	2935837	2935535	2754	0.0023333333333333335	0	0	0
IOMTU433_RS14000	urease accessory protein UreD	NZ_AP014649.1	2936814	2935939	2755	0.002266666666666667	0	0	0
IOMTU433_RS14010	hypothetical protein	NZ_AP014649.1	2937009	2937332	2756	0.0022	0	0.5	0
IOMTU433_RS14015	copper resistance protein NlpE	NZ_AP014649.1	2937535	2938014	2757	0.0021333333333333334	0	0	0
IOMTU433_RS14020	isocitrate lyase	NZ_AP014649.1	2939681	2938077	2758	0.0020666666666666667	0	0	0
IOMTU433_RS14025	LysR family transcriptional regulator	NZ_AP014649.1	2940270	2941259	2759	0.002	0	0	0
IOMTU433_RS14030	hemolysin family protein	NZ_AP014649.1	2941383	2942708	2760	0.002	0	0	0
IOMTU433_RS14035	CitMHS family transporter	NZ_AP014649.1	2943262	2944599	2761	0.002	0	0	0
IOMTU433_RS14040	hypothetical protein	NZ_AP014649.1	2945159	2944647	2762	0.002	0	0.5	0
IOMTU433_RS14045	DUF2239 family protein	NZ_AP014649.1	2945381	2945929	2763	0.0018666666666666669	0	0	0
IOMTU433_RS14050	sulfate adenylyltransferase subunit CysN	NZ_AP014649.1	2947595	2945982	2764	0.0018666666666666669	0	0	0
IOMTU433_RS14055	sulfate adenylyltransferase subunit CysD	NZ_AP014649.1	2948534	2947626	2765	0.0018666666666666669	0	0	0
IOMTU433_RS20635	hypothetical protein	NZ_AP014649.1	2948658	2948527	2766	0.0018666666666666669	0	0.5	0
IOMTU433_RS14060	capsule assembly Wzi family protein	NZ_AP014649.1	2950359	2948917	2767	0.0018666666666666669	0	0	0
IOMTU433_RS14065	lysine--tRNA ligase	NZ_AP014649.1	2952111	2950549	2768	0.0017333333333333335	0	0	0
IOMTU433_RS14070	esterase	NZ_AP014649.1	2952335	2952823	2769	0.001466666666666667	0	0	0
IOMTU433_RS14075	SRPBCC domain-containing protein	NZ_AP014649.1	2953330	2952893	2770	0.0010000000000000002	0	0	0
IOMTU433_RS14080	rubredoxin	NZ_AP014649.1	2953774	2953938	2771	0.0008000000000000003	0	0	0
IOMTU433_RS14085	FAD-dependent oxidoreductase	NZ_AP014649.1	2954031	2955212	2772	0.0007333333333333336	0	0	0
IOMTU433_RS14090	alpha/beta fold hydrolase	NZ_AP014649.1	2955267	2956211	2773	0.0007333333333333336	0	0	0
IOMTU433_RS14095	hydrogen peroxide-inducible genes activator	NZ_AP014649.1	2956218	2957126	2774	0.00046666666666666666	0	0	0
IOMTU433_RS14100	SPOR domain-containing protein	NZ_AP014649.1	2957699	2957157	2775	0.0004	0	0	0
IOMTU433_RS20640	hypothetical protein	NZ_AP014649.1	2957805	2957933	2776	0.0002	0	0.5	0
IOMTU433_RS14105	polyphosphate kinase 1	NZ_AP014649.1	2960065	2957987	2777	0.00013333333333333334	0	0	0
IOMTU433_RS14110	monofunctional biosynthetic peptidoglycan transglycosylase	NZ_AP014649.1	2960847	2960170	2778	0.0002	0	0	0
IOMTU433_RS14115	rhomboid family intramembrane serine protease	NZ_AP014649.1	2960924	2961733	2779	0.0002	0	0	0
IOMTU433_RS14120	FtsX-like permease family protein	NZ_AP014649.1	2964194	2961735	2780	0.0002	0	0	0
IOMTU433_RS14125	ABC transporter ATP-binding protein	NZ_AP014649.1	2964890	2964198	2781	0.0002	0	0	0
IOMTU433_RS14130	arylesterase	NZ_AP014649.1	2964935	2965558	2782	0.0002	0	0	0
IOMTU433_RS14135	carbonic anhydrase	NZ_AP014649.1	2966205	2965591	2783	0.0002	0	0	0
IOMTU433_RS14140	alpha/beta hydrolase	NZ_AP014649.1	2966490	2967515	2784	0.00013333333333333334	0	0	0
IOMTU433_RS14145	hypothetical protein	NZ_AP014649.1	2967542	2968549	2785	0.00013333333333333334	0	0.5	0
IOMTU433_RS14150	TonB-dependent siderophore receptor	NZ_AP014649.1	2970836	2968572	2786	0.00013333333333333334	0	0	0
IOMTU433_RS14155	Fe-S biogenesis protein NfuA	NZ_AP014649.1	2971644	2971006	2787	0.00013333333333333334	0	0	0
IOMTU433_RS14160	rhomboid family intramembrane serine protease	NZ_AP014649.1	2971802	2972419	2788	0.00013333333333333334	0	0	0
IOMTU433_RS14165	arylsulfatase	NZ_AP014649.1	2972590	2974266	2789	0.00013333333333333334	0	0	0
IOMTU433_RS14170	SUMF1/EgtB/PvdO family nonheme iron enzyme	NZ_AP014649.1	2974371	2975270	2790	0.00013333333333333334	0	0	0
IOMTU433_RS20645	hypothetical protein	NZ_AP014649.1	2975380	2975544	2791	0.00013333333333333334	0	0.5	0
IOMTU433_RS14180	hypothetical protein	NZ_AP014649.1	2976081	2977628	2792	0.00013333333333333334	0	0.5	0
IOMTU433_RS14185	D-serine ammonia-lyase	NZ_AP014649.1	2979006	2977672	2793	6.666666666666667e-05	0	0	0
IOMTU433_RS14190	inorganic phosphate transporter	NZ_AP014649.1	2980801	2979170	2794	6.666666666666667e-05	0	0	0
IOMTU433_RS14195	methionine synthase	NZ_AP014649.1	2981265	2984951	2795	6.666666666666667e-05	0	0	0
IOMTU433_RS14200	transketolase	NZ_AP014649.1	2986036	2985023	2796	0.0002666666666666667	0	0	0
IOMTU433_RS14205	transketolase	NZ_AP014649.1	2986892	2986056	2797	0.0002666666666666667	0	0	0
IOMTU433_RS14210	MFS transporter	NZ_AP014649.1	2988213	2986912	2798	0.0002666666666666667	0	0	0
IOMTU433_RS14215	SDR family oxidoreductase	NZ_AP014649.1	2989040	2988291	2799	0.0003333333333333333	0	0	0
IOMTU433_RS14220	LysR family transcriptional regulator	NZ_AP014649.1	2989225	2990100	2800	0.0008666666666666667	0	0	0
IOMTU433_RS14225	hypothetical protein	NZ_AP014649.1	2990558	2990112	2801	0.001	0	0.5	0
IOMTU433_RS14230	galactose mutarotase	NZ_AP014649.1	2990750	2991895	2802	0.0011333333333333334	0	0	0
IOMTU433_RS14235	MFS transporter	NZ_AP014649.1	2993183	2991963	2803	0.0012666666666666668	0	0	0
IOMTU433_RS14240	helix-turn-helix transcriptional regulator	NZ_AP014649.1	2993290	2994078	2804	0.0013333333333333335	0	1	0
IOMTU433_RS14245	glutaminase	NZ_AP014649.1	2995367	2994045	2805	0.0013333333333333335	0	0	0
IOMTU433_RS14250	peptide deformylase	NZ_AP014649.1	2996028	2995546	2806	0.0014666666666666671	0	0	0
IOMTU433_RS14255	MFS transporter	NZ_AP014649.1	2996263	2997561	2807	0.002133333333333334	0	0	0
IOMTU433_RS14260	hypothetical protein	NZ_AP014649.1	2998799	2997624	2808	0.002666666666666667	0	0.5	0
IOMTU433_RS14265	thiamine pyrophosphate-binding protein	NZ_AP014649.1	3000616	2998976	2809	0.002800000000000001	0	0	0
IOMTU433_RS14270	aldehyde dehydrogenase	NZ_AP014649.1	3002121	3000655	2810	0.0028666666666666675	0	0	0
IOMTU433_RS14275	aspartate dehydrogenase	NZ_AP014649.1	3002926	3002135	2811	0.0028666666666666675	0	0	0
IOMTU433_RS14280	SDR family oxidoreductase	NZ_AP014649.1	3003736	3002942	2812	0.0029333333333333342	0	0	0
IOMTU433_RS14285	alpha/beta hydrolase	NZ_AP014649.1	3004576	3003752	2813	0.0029333333333333342	0	0	0
IOMTU433_RS14290	cupin domain-containing protein	NZ_AP014649.1	3005134	3004613	2814	0.0029333333333333342	0	0	0
IOMTU433_RS14295	MFS transporter	NZ_AP014649.1	3006381	3005158	2815	0.0029333333333333342	0	0	0
IOMTU433_RS14300	FAD-dependent oxidoreductase	NZ_AP014649.1	3007635	3006424	2816	0.0029333333333333342	0	0	0
IOMTU433_RS14305	VOC family protein	NZ_AP014649.1	3008594	3007665	2817	0.0029333333333333342	0	0	0
IOMTU433_RS14310	SDR family oxidoreductase	NZ_AP014649.1	3009370	3008606	2818	0.0030666666666666676	0	0	0
IOMTU433_RS14315	aromatic ring-hydroxylating dioxygenase subunit alpha	NZ_AP014649.1	3010430	3009363	2819	0.0032666666666666677	0	0	0
IOMTU433_RS14320	hypothetical protein	NZ_AP014649.1	3010746	3010447	2820	0.003400000000000001	0	0.5	0
IOMTU433_RS14325	non-heme iron oxygenase ferredoxin subunit	NZ_AP014649.1	3011079	3010774	2821	0.003466666666666668	0	0	0
IOMTU433_RS14330	IclR family transcriptional regulator	NZ_AP014649.1	3011353	3012165	2822	0.003466666666666668	0	0	0
IOMTU433_RS14335	hypothetical protein	NZ_AP014649.1	3012511	3012212	2823	0.003466666666666668	0	0.5	0
IOMTU433_RS14340	nicotinamide riboside transporter PnuC	NZ_AP014649.1	3013107	3012526	2824	0.003466666666666668	0	0	0
IOMTU433_RS14345	crotonase/enoyl-CoA hydratase family protein	NZ_AP014649.1	3013355	3014143	2825	0.003466666666666668	0	0	0
IOMTU433_RS14350	poly-beta-1,6-N-acetyl-D-glucosamine biosynthesis protein PgaD	NZ_AP014649.1	3014666	3014247	2826	0.0032666666666666677	0	0	0
IOMTU433_RS14355	poly-beta-1,6 N-acetyl-D-glucosamine synthase	NZ_AP014649.1	3016008	3014749	2827	0.0033333333333333344	0	0	0
IOMTU433_RS14360	poly-beta-1,6-N-acetyl-D-glucosamine N-deacetylase PgaB	NZ_AP014649.1	3018016	3016022	2828	0.0033333333333333344	0	0	0
IOMTU433_RS14365	FKBP-type peptidyl-prolyl cis-trans isomerase	NZ_AP014649.1	3018594	3018253	2829	0.0032666666666666677	0	0	0
IOMTU433_RS14370	YaeQ family protein	NZ_AP014649.1	3019212	3018682	2830	0.0027333333333333346	0	0.5	0
IOMTU433_RS14375	C4-dicarboxylate transporter DctA	NZ_AP014649.1	3019401	3020663	2831	0.0026000000000000007	0	0	0
IOMTU433_RS14380	GTP-binding protein	NZ_AP014649.1	3021699	3020701	2832	0.0024666666666666674	0	0	0
IOMTU433_RS14385	hypothetical protein	NZ_AP014649.1	3022198	3022398	2833	0.0023333333333333335	0	0.5	0
IOMTU433_RS14390	acyl-CoA thioesterase	NZ_AP014649.1	3023024	3022509	2834	0.002266666666666667	0	0	0
IOMTU433_RS14395	MarC family protein	NZ_AP014649.1	3023900	3023286	2835	0.002266666666666667	0	0	0
IOMTU433_RS14400	choline transporter	NZ_AP014649.1	3025978	3023912	2836	0.0021333333333333334	0	0	0
IOMTU433_RS14405	BCCT family transporter	NZ_AP014649.1	3027718	3026096	2837	0.0016000000000000005	0	0	0
IOMTU433_RS14410	transcriptional regulator BetI	NZ_AP014649.1	3027984	3028607	2838	0.001	0	0	0
IOMTU433_RS14415	betaine-aldehyde dehydrogenase	NZ_AP014649.1	3028600	3030072	2839	0.0008666666666666668	0	0	0
IOMTU433_RS14420	choline dehydrogenase	NZ_AP014649.1	3030168	3031826	2840	0.0008000000000000001	0	0	0
IOMTU433_RS14425	malate dehydrogenase (quinone)	NZ_AP014649.1	3032338	3033978	2841	0.0008000000000000001	0	0	0
IOMTU433_RS14430	hypothetical protein	NZ_AP014649.1	3034071	3034541	2842	0.0007333333333333334	0	0.5	0
IOMTU433_RS14435	homocysteine S-methyltransferase family protein	NZ_AP014649.1	3034758	3035636	2843	0.0007333333333333334	0	0	0
IOMTU433_RS14440	basic amino acid/polyamine antiporter	NZ_AP014649.1	3035642	3036976	2844	0.0007333333333333334	0	0	0
IOMTU433_RS14445	alpha/beta fold hydrolase	NZ_AP014649.1	3038945	3037032	2845	0.0007333333333333334	0	0	0
IOMTU433_RS14450	DUF1275 domain-containing protein	NZ_AP014649.1	3039776	3039069	2846	0.0007333333333333334	0	0	0
IOMTU433_RS14455	hypothetical protein	NZ_AP014649.1	3040097	3040372	2847	0.0007333333333333334	0	0.5	0
IOMTU433_RS14460	YbaN family protein	NZ_AP014649.1	3040815	3040375	2848	0.0006000000000000001	0	0.5	0
IOMTU433_RS14465	biliverdin-producing heme oxygenase	NZ_AP014649.1	3041443	3040844	2849	0.0004	0	0	0
IOMTU433_RS14470	energy transducer TonB	NZ_AP014649.1	3042396	3041476	2850	0.0002666666666666667	0	0	0
IOMTU433_RS14475	DUF560 domain-containing protein	NZ_AP014649.1	3043873	3042407	2851	0.0002	0	0	0
IOMTU433_RS14480	transferrin-binding protein-like solute binding protein	NZ_AP014649.1	3044768	3043977	2852	0.0002	0	0	0
IOMTU433_RS14485	TonB-dependent receptor	NZ_AP014649.1	3048065	3044961	2853	0.0002	0	0	0
IOMTU433_RS14490	FecR domain-containing protein	NZ_AP014649.1	3049289	3048273	2854	0.0002	0	0	0
IOMTU433_RS14495	sigma-70 family RNA polymerase sigma factor	NZ_AP014649.1	3049811	3049290	2855	0.0002	0	0	0
IOMTU433_RS14500	LysR family transcriptional regulator	NZ_AP014649.1	3050838	3049948	2856	0.0002	0	0	0
IOMTU433_RS14505	dihydrodipicolinate synthase family protein	NZ_AP014649.1	3051026	3051970	2857	0.00013333333333333334	0	0	0
IOMTU433_RS14510	MFS transporter	NZ_AP014649.1	3052143	3053528	2858	0.00013333333333333334	0	0	0
IOMTU433_RS14515	OprD family outer membrane porin	NZ_AP014649.1	3053607	3054953	2859	0.00013333333333333334	0	0	0
IOMTU433_RS14520	hypothetical protein	NZ_AP014649.1	3055601	3055885	2860	0.00013333333333333334	0	0.5	0
IOMTU433_RS14525	hypothetical protein	NZ_AP014649.1	3056166	3056468	2861	0.0002	0	0.5	0
IOMTU433_RS14530	hypothetical protein	NZ_AP014649.1	3057424	3056474	2862	0.0002	0	0.5	0
IOMTU433_RS14535	hypothetical protein	NZ_AP014649.1	3058240	3057653	2863	0.0002	0	0.5	0
IOMTU433_RS14540	hypothetical protein	NZ_AP014649.1	3058948	3058493	2864	0.0002	0	0.5	0
IOMTU433_RS14545	DNA mismatch endonuclease Vsr	NZ_AP014649.1	3059476	3059934	2865	0.0002	0	0	0
IOMTU433_RS14550	DNA cytosine methyltransferase	NZ_AP014649.1	3060082	3061173	2866	0.0002	0	0	0
IOMTU433_RS14555	HpaII family restriction endonuclease	NZ_AP014649.1	3061175	3062254	2867	6.666666666666667e-05	0	0	0
IOMTU433_RS14560	hypothetical protein	NZ_AP014649.1	3063280	3062660	2868	6.666666666666667e-05	0	0.5	0
IOMTU433_RS14565	gamma-glutamyltransferase	NZ_AP014649.1	3066005	3064020	2869	6.666666666666667e-05	0	0	0
IOMTU433_RS14570	DHA2 family efflux MFS transporter permease subunit	NZ_AP014649.1	3067833	3066310	2870	6.666666666666667e-05	0	0	0
IOMTU433_RS14575	EmrA/EmrK family multidrug efflux transporter periplasmic adaptor subunit	NZ_AP014649.1	3068991	3067840	2871	6.666666666666667e-05	0	0	0
IOMTU433_RS14580	thioesterase family protein	NZ_AP014649.1	3069758	3069261	2872	6.666666666666667e-05	0	0	0
IOMTU433_RS14585	porphobilinogen synthase	NZ_AP014649.1	3069901	3070914	2873	6.666666666666667e-05	0	0	0
IOMTU433_RS14590	FAD-dependent oxidoreductase	NZ_AP014649.1	3070940	3072055	2874	6.666666666666667e-05	0	0	0
IOMTU433_RS14595	TIGR01777 family oxidoreductase	NZ_AP014649.1	3072952	3072047	2875	6.666666666666667e-05	0	0	0
IOMTU433_RS14600	ABZJ_00895 family protein	NZ_AP014649.1	3073494	3073042	2876	6.666666666666667e-05	0	0	0
IOMTU433_RS14605	VOC family protein	NZ_AP014649.1	3073874	3074251	2877	6.666666666666667e-05	0	0	0
IOMTU433_RS14610	OsmC family protein	NZ_AP014649.1	3074811	3074320	2878	6.666666666666667e-05	0	0	0
IOMTU433_RS14615	exonuclease SbcCD subunit D	NZ_AP014649.1	3074958	3076226	2879	6.666666666666667e-05	0	0	0
IOMTU433_RS14620	AAA family ATPase	NZ_AP014649.1	3076236	3079832	2880	0.0002	0	0	0
IOMTU433_RS14625	YggS family pyridoxal phosphate-dependent enzyme	NZ_AP014649.1	3080726	3080034	2881	0.0002	0	0.5	0
IOMTU433_RS14630	type IV pilus twitching motility protein PilT	NZ_AP014649.1	3080853	3081890	2882	0.0002	0	0	0
IOMTU433_RS14635	PilT/PilU family type 4a pilus ATPase	NZ_AP014649.1	3081918	3083036	2883	0.0002	0	0	0
IOMTU433_RS14640	ferric iron uptake transcriptional regulator	NZ_AP014649.1	3083543	3083106	2884	0.0002	0	0	0
IOMTU433_RS14645	outer membrane protein assembly factor BamE	NZ_AP014649.1	3083655	3084053	2885	0.0002	0	0	0
IOMTU433_RS14650	RnfH family protein	NZ_AP014649.1	3084431	3084108	2886	0.0002666666666666667	0	0	0
IOMTU433_RS14655	hypothetical protein	NZ_AP014649.1	3085498	3084431	2887	0.0002666666666666667	0	0.5	0
IOMTU433_RS14660	bacteriohemerythrin	NZ_AP014649.1	3086106	3085651	2888	0.0003333333333333333	0	0	0
IOMTU433_RS14665	class II glutamine amidotransferase	NZ_AP014649.1	3087207	3086359	2889	0.0003333333333333333	0	0	0
IOMTU433_RS14670	GNAT family N-acetyltransferase	NZ_AP014649.1	3088098	3087316	2890	0.0003333333333333333	0	0	0
IOMTU433_RS14675	acetylglutamate kinase	NZ_AP014649.1	3089127	3088219	2891	0.0002666666666666667	0	0	0
IOMTU433_RS14680	phosphomannomutase/phosphoglucomutase	NZ_AP014649.1	3090560	3089142	2892	0.0002666666666666667	0	0	0
IOMTU433_RS14685	dUTP diphosphatase	NZ_AP014649.1	3091212	3090760	2893	0.0002666666666666667	0	0	0
IOMTU433_RS14690	DNA helicase Rep	NZ_AP014649.1	3093275	3091236	2894	0.0002666666666666667	0	0	0
IOMTU433_RS14695	OmpA family protein	NZ_AP014649.1	3094122	3093469	2895	0.0002666666666666667	0	0	0
IOMTU433_RS14700	acyltransferase	NZ_AP014649.1	3094367	3095293	2896	0.0002666666666666667	0	0	0
IOMTU433_RS14705	hypothetical protein	NZ_AP014649.1	3095309	3096355	2897	0.0002666666666666667	0	0.5	0
IOMTU433_RS14710	septum site-determining protein MinC	NZ_AP014649.1	3096477	3097199	2898	0.0002666666666666667	0	0	0
IOMTU433_RS14715	septum site-determining protein MinD	NZ_AP014649.1	3097270	3098082	2899	0.0002666666666666667	0	0	0
IOMTU433_RS14720	cell division topological specificity factor MinE	NZ_AP014649.1	3098085	3098357	2900	0.0002666666666666667	0	0	0
IOMTU433_RS14725	PA4642 family protein	NZ_AP014649.1	3098441	3098728	2901	0.0002666666666666667	0	0	0
IOMTU433_RS14730	threonine export protein RhtC	NZ_AP014649.1	3099391	3098771	2902	0.0002666666666666667	0	0	0
IOMTU433_RS14735	DNA translocase FtsK	NZ_AP014649.1	3102573	3099541	2903	0.0002666666666666667	0	0	0
IOMTU433_RS14740	thioredoxin-disulfide reductase	NZ_AP014649.1	3102843	3103790	2904	0.0002666666666666667	0	0	0
IOMTU433_RS14745	leucyl/phenylalanyl-tRNA--protein transferase	NZ_AP014649.1	3103911	3104642	2905	0.0002666666666666667	0	0	0
IOMTU433_RS14750	arginyltransferase	NZ_AP014649.1	3104661	3105476	2906	0.0002666666666666667	0	0	0
IOMTU433_RS14755	ribosomal protein S18-alanine N-acetyltransferase	NZ_AP014649.1	3105976	3105521	2907	0	0	0	0
IOMTU433_RS14760	metal-dependent hydrolase	NZ_AP014649.1	3106959	3106084	2908	0.0002666666666666667	0	0	0
IOMTU433_RS14765	metal-dependent hydrolase	NZ_AP014649.1	3108077	3107196	2909	0.0002666666666666667	0	0	0
IOMTU433_RS14770	elongation factor Tu	NZ_AP014649.1	3109471	3108281	2910	0.00013333333333333334	0	0	0
IOMTU433_RS14775	elongation factor G	NZ_AP014649.1	3111704	3109566	2911	0.00013333333333333334	0	0	0
IOMTU433_RS14780	30S ribosomal protein S7	NZ_AP014649.1	3112353	3111883	2912	0	0	0	0
IOMTU433_RS14785	30S ribosomal protein S12	NZ_AP014649.1	3112887	3112513	2913	0	0	0	0
IOMTU433_RS14790	EcsC family protein	NZ_AP014649.1	3114359	3113088	2914	0.00013333333333333334	0	0	0
IOMTU433_RS14795	beta-ketoacyl-ACP synthase II	NZ_AP014649.1	3114710	3115939	2915	0.00013333333333333334	0	0	0
IOMTU433_RS14800	protoporphyrinogen oxidase HemJ	NZ_AP014649.1	3115958	3116410	2916	6.666666666666667e-05	0	0	0
IOMTU433_RS14805	pirin family protein	NZ_AP014649.1	3116581	3117441	2917	6.666666666666667e-05	0	0	0
IOMTU433_RS14810	hypothetical protein	NZ_AP014649.1	3117532	3118092	2918	0.0	0	0.5	0
IOMTU433_RS14815	NAD+ synthase	NZ_AP014649.1	3118478	3120103	2919	0.0	0	0	0
IOMTU433_RS14820	hypothetical protein	NZ_AP014649.1	3120096	3121124	2920	0.0	0	0.5	0
IOMTU433_RS14830	oxidoreductase	NZ_AP014649.1	3122358	3121402	2921	0.0	0	0	0
IOMTU433_RS14835	NAD-dependent succinate-semialdehyde dehydrogenase	NZ_AP014649.1	3123857	3122406	2922	0.0	0	0	0
IOMTU433_RS14840	Rieske 2Fe-2S domain-containing protein	NZ_AP014649.1	3125037	3123922	2923	0.0	0	0	0
IOMTU433_RS14845	alpha/beta hydrolase	NZ_AP014649.1	3126054	3125080	2924	0.0	0	0	0
IOMTU433_RS14850	BCCT family carnitine transporter	NZ_AP014649.1	3127718	3126066	2925	0.0	0	0	0
IOMTU433_RS14855	tartrate dehydrogenase	NZ_AP014649.1	3128851	3127739	2926	0.0	0	0	0
IOMTU433_RS14860	LysR family transcriptional regulator	NZ_AP014649.1	3128955	3129935	2927	0.0	0	0	0
IOMTU433_RS14865	hypothetical protein	NZ_AP014649.1	3131172	3129988	2928	6.666666666666667e-05	0	0.5	0
IOMTU433_RS14875	YfhL family 4Fe-4S dicluster ferredoxin	NZ_AP014649.1	3132107	3131844	2929	0.00013333333333333334	0	0.5	0
IOMTU433_RS14880	pantetheine-phosphate adenylyltransferase	NZ_AP014649.1	3132600	3132109	2930	0.0002666666666666667	0	0	0
IOMTU433_RS14885	SsrA-binding protein SmpB	NZ_AP014649.1	3132736	3133212	2931	0.0002666666666666667	0	0	0
IOMTU433_RS14890	flavodoxin family protein	NZ_AP014649.1	3133805	3133254	2932	0.0002666666666666667	0	0	0
IOMTU433_RS14895	peptidoglycan editing factor PgeF	NZ_AP014649.1	3134763	3134026	2933	0.0002666666666666667	0	0	0
IOMTU433_RS14900	23S rRNA pseudouridine(1911/1915/1917) synthase RluD	NZ_AP014649.1	3135826	3134774	2934	0.0002666666666666667	0	0	0
IOMTU433_RS14905	outer membrane protein assembly factor BamD	NZ_AP014649.1	3135898	3137055	2935	0.0002666666666666667	0	0	0
IOMTU433_RS14910	DNA primase	NZ_AP014649.1	3137214	3139079	2936	0.0002666666666666667	0	0	0
IOMTU433_RS14915	glutamyl-tRNA reductase	NZ_AP014649.1	3140359	3139076	2937	0.0002666666666666667	0	0	0
IOMTU433_RS14920	tetratricopeptide repeat protein	NZ_AP014649.1	3140448	3142158	2938	0.0002666666666666667	0	0	0
IOMTU433_RS14925	lipoprotein insertase outer membrane protein LolB	NZ_AP014649.1	3142163	3142741	2939	0.0003333333333333333	0	0	0
IOMTU433_RS14930	4-(cytidine 5'-diphospho)-2-C-methyl-D-erythritol kinase	NZ_AP014649.1	3142760	3143593	2940	0.0007333333333333333	0	0	0
IOMTU433_RS14955	ribose-phosphate pyrophosphokinase	NZ_AP014649.1	3144067	3145017	2941	0.0007333333333333333	0	0	0
IOMTU433_RS14960	50S ribosomal protein L25	NZ_AP014649.1	3145117	3145413	2942	0	0	0	0
IOMTU433_RS14965	aminoacyl-tRNA hydrolase	NZ_AP014649.1	3145434	3146015	2943	0.0007333333333333333	0	0	0
IOMTU433_RS14970	aspartate 1-decarboxylase	NZ_AP014649.1	3146147	3146527	2944	0.0007333333333333333	0	0	0
IOMTU433_RS14975	GDYXXLXY domain-containing protein	NZ_AP014649.1	3147143	3146583	2945	0.0007333333333333333	0	0	0
IOMTU433_RS14980	DUF2157 domain-containing protein	NZ_AP014649.1	3148924	3147143	2946	0.0007333333333333333	0	0	0
IOMTU433_RS14985	3,4-dihydroxy-2-butanone-4-phosphate synthase	NZ_AP014649.1	3149342	3150001	2947	0.0007333333333333333	0	0	0
IOMTU433_RS14990	HAD-IA family hydrolase	NZ_AP014649.1	3150741	3150067	2948	0.0007333333333333333	0	0	0
IOMTU433_RS14995	hydroxymethylpyrimidine/phosphomethylpyrimidine kinase	NZ_AP014649.1	3150839	3151606	2949	0.0007333333333333333	0	0	0
IOMTU433_RS15000	peptidoglycan-binding protein LysM	NZ_AP014649.1	3152125	3151652	2950	0.0007333333333333333	0	0	0
IOMTU433_RS15005	acyl carrier protein	NZ_AP014649.1	3152552	3152316	2951	0.0007333333333333333	0	0	0
IOMTU433_RS15010	3-oxoacyl-ACP reductase FabG	NZ_AP014649.1	3153371	3152637	2952	0.0007333333333333333	0	0	0
IOMTU433_RS15015	ACP S-malonyltransferase	NZ_AP014649.1	3154354	3153368	2953	0.0007333333333333333	0	0	0
IOMTU433_RS15020	50S ribosomal protein L32	NZ_AP014649.1	3154693	3154508	2954	0	0	0	0
IOMTU433_RS15025	DUF177 domain-containing protein	NZ_AP014649.1	3155328	3154768	2955	0.0007333333333333333	0	0	0
IOMTU433_RS15030	elongation factor P hydroxylase	NZ_AP014649.1	3155425	3156087	2956	0.0007333333333333333	0	0	0
IOMTU433_RS15035	threonylcarbamoyl-AMP synthase	NZ_AP014649.1	3156177	3156794	2957	0.0007333333333333333	0	0	0
IOMTU433_RS15040	segregation/condensation protein A	NZ_AP014649.1	3157023	3157814	2958	0.0006666666666666666	0	0	0
IOMTU433_RS15045	SMC-Scp complex subunit ScpB	NZ_AP014649.1	3157811	3158407	2959	0.0006000000000000001	0	0	0
IOMTU433_RS15050	23S rRNA pseudouridine(2605) synthase RluB	NZ_AP014649.1	3158449	3159372	2960	0.00046666666666666666	0	0	0
IOMTU433_RS15055	dethiobiotin synthase	NZ_AP014649.1	3160081	3159425	2961	0.00046666666666666666	0	0	0
IOMTU433_RS15060	malonyl-ACP O-methyltransferase BioC	NZ_AP014649.1	3160831	3160082	2962	0.00046666666666666666	0	0	0
IOMTU433_RS15065	8-amino-7-oxononanoate synthase	NZ_AP014649.1	3161985	3160828	2963	0.00046666666666666666	0	0	0
IOMTU433_RS15070	adenosylmethionine--8-amino-7-oxononanoate transaminase	NZ_AP014649.1	3163267	3161987	2964	0.00046666666666666666	0	0	0
IOMTU433_RS15075	alpha/beta fold hydrolase	NZ_AP014649.1	3164092	3163358	2965	0.00046666666666666666	0	0	0
IOMTU433_RS15080	trehalose-phosphatase	NZ_AP014649.1	3164449	3165300	2966	0.00046666666666666666	0	0	0
IOMTU433_RS15085	trehalose-6-phosphate synthase	NZ_AP014649.1	3165288	3166718	2967	0.00046666666666666666	0	0	0
IOMTU433_RS15090	MFS transporter	NZ_AP014649.1	3167979	3166786	2968	0.00046666666666666666	0	0	0
IOMTU433_RS15095	bacterioferritin	NZ_AP014649.1	3168739	3168275	2969	0.0004	0	0	0
IOMTU433_RS15100	NAD-dependent DNA ligase LigA	NZ_AP014649.1	3171029	3168993	2970	0.0	0	0	0
IOMTU433_RS15105	cell division protein ZipA	NZ_AP014649.1	3172161	3171124	2971	0.0	0	0	0
IOMTU433_RS15110	chromosome segregation protein SMC	NZ_AP014649.1	3175612	3172163	2972	0.0	0	0	0
IOMTU433_RS15115	GntR family transcriptional regulator	NZ_AP014649.1	3176318	3175623	2973	0.0	0	0	0
IOMTU433_RS15120	sulfite exporter TauE/SafE family protein	NZ_AP014649.1	3177370	3176567	2974	0.0	0	0	0
IOMTU433_RS15125	biotin--[acetyl-CoA-carboxylase] ligase	NZ_AP014649.1	3177401	3178153	2975	0.0	0	0	0
IOMTU433_RS15130	pantothenate kinase	NZ_AP014649.1	3178169	3178906	2976	0.0	0	0	0
IOMTU433_RS15135	signal recognition particle protein	NZ_AP014649.1	3180363	3178954	2977	0.0	0	0	0
IOMTU433_RS15140	cytochrome c biogenesis protein CcsA	NZ_AP014649.1	3180504	3181313	2978	0.0	0	0	0
IOMTU433_RS15145	tRNA-dihydrouridine synthase	NZ_AP014649.1	3181398	3182342	2979	0	0	0	0
IOMTU433_RS15150	hypothetical protein	NZ_AP014649.1	3183375	3182422	2980	0.0	0	0.5	0
IOMTU433_RS15155	hypothetical protein	NZ_AP014649.1	3185948	3183537	2981	0.0	0	0.5	0
IOMTU433_RS15160	hypothetical protein	NZ_AP014649.1	3186706	3185981	2982	0.0005333333333333334	0	0.5	0
IOMTU433_RS15165	hypothetical protein	NZ_AP014649.1	3188815	3186722	2983	0.0006000000000000001	0	0.5	0
IOMTU433_RS15170	hypothetical protein	NZ_AP014649.1	3190393	3189044	2984	0.0012666666666666668	0	0.5	0
IOMTU433_RS15175	dCTP deaminase	NZ_AP014649.1	3191259	3190690	2985	0.0020666666666666667	0	0	0
IOMTU433_RS15180	LysE family transporter	NZ_AP014649.1	3191967	3191374	2986	0.0021333333333333334	0	0	0
IOMTU433_RS15185	DUF2062 domain-containing protein	NZ_AP014649.1	3192324	3192890	2987	0.0026	0	0	0
IOMTU433_RS15190	5'-methylthioadenosine/S-adenosylhomocysteine nucleosidase	NZ_AP014649.1	3193793	3192921	2988	0.0028666666666666662	0	0	0
IOMTU433_RS15200	iron-sulfur cluster carrier protein ApbC	NZ_AP014649.1	3195167	3193938	2989	0.0029333333333333334	0	0	0
IOMTU433_RS15205	hypothetical protein	NZ_AP014649.1	3195813	3195313	2990	0.003333333333333333	0	0.5	0
IOMTU433_RS15210	methionine--tRNA ligase	NZ_AP014649.1	3196100	3198163	2991	0.0044	0	0	0
IOMTU433_RS15215	NF038215 family lipoprotein	NZ_AP014649.1	3198480	3198292	2992	0.005533333333333334	0	0	0
IOMTU433_RS15220	LysE family translocator	NZ_AP014649.1	3199266	3198643	2993	0.0062	0	0	0
IOMTU433_RS15225	TetR/AcrR family transcriptional regulator	NZ_AP014649.1	3199445	3200014	2994	0.0071333333333333335	0	0	0
IOMTU433_RS15230	MFS transporter	NZ_AP014649.1	3200011	3201654	2995	0.007666666666666666	0	0	0
IOMTU433_RS15235	HlyD family secretion protein	NZ_AP014649.1	3201695	3202822	2996	0.008	0	0	0
IOMTU433_RS15240	1-aminocyclopropane-1-carboxylate deaminase/D-cysteine desulfhydrase	NZ_AP014649.1	3202888	3203769	2997	0.008066666666666666	0	0	0
IOMTU433_RS15245	NAD(P)/FAD-dependent oxidoreductase	NZ_AP014649.1	3203887	3205086	2998	0.008333333333333333	0	0	0
IOMTU433_RS20655	hypothetical protein	NZ_AP014649.1	3205269	3205099	2999	0.008733333333333334	0	0.5	0
IOMTU433_RS15255	mechanosensitive ion channel	NZ_AP014649.1	3207074	3205398	3000	0.008733333333333334	0	0	0
IOMTU433_RS15260	hypothetical protein	NZ_AP014649.1	3207530	3207303	3001	0.0088	0	0.5	0
IOMTU433_RS15265	hypothetical protein	NZ_AP014649.1	3207823	3208242	3002	0.009000000000000001	0	0.5	0
IOMTU433_RS15270	ferredoxin--NADP reductase	NZ_AP014649.1	3209050	3208289	3003	0.009000000000000001	0	0	0
IOMTU433_RS15275	LysR family transcriptional regulator GigC	NZ_AP014649.1	3209137	3210024	3004	0.009133333333333334	0	0	0
IOMTU433_RS15280	excalibur calcium-binding domain-containing protein	NZ_AP014649.1	3210383	3210036	3005	0.009200000000000002	0	0	0
IOMTU433_RS15285	cold shock domain-containing protein	NZ_AP014649.1	3210943	3210650	3006	0.0094	0	0	0
IOMTU433_RS15290	uracil phosphoribosyltransferase	NZ_AP014649.1	3211695	3211060	3007	0.0094	0	0	0
IOMTU433_RS15295	NADH-quinone oxidoreductase subunit NuoN	NZ_AP014649.1	3213292	3211796	3008	0.0094	0	0	0
IOMTU433_RS15300	NADH-quinone oxidoreductase subunit M	NZ_AP014649.1	3214893	3213295	3009	0.0094	0	0	0
IOMTU433_RS15305	NADH-quinone oxidoreductase subunit L	NZ_AP014649.1	3216784	3214895	3010	0.0094	0	0	0
IOMTU433_RS15310	NADH-quinone oxidoreductase subunit NuoK	NZ_AP014649.1	3217089	3216781	3011	0.0094	0	0	0
IOMTU433_RS15315	NADH-quinone oxidoreductase subunit J	NZ_AP014649.1	3217607	3217089	3012	0.008866666666666669	0	0	0
IOMTU433_RS15320	NADH-quinone oxidoreductase subunit NuoI	NZ_AP014649.1	3218149	3217607	3013	0.008800000000000002	0	0	0
IOMTU433_RS15325	NADH-quinone oxidoreductase subunit NuoH	NZ_AP014649.1	3219184	3218168	3014	0.008133333333333334	0	0	0
IOMTU433_RS15330	NADH-quinone oxidoreductase subunit NuoG	NZ_AP014649.1	3221872	3219188	3015	0.007333333333333336	0	0	0
IOMTU433_RS15335	NADH-quinone oxidoreductase subunit NuoF	NZ_AP014649.1	3223215	3221884	3016	0.0072666666666666695	0	0	0
IOMTU433_RS15340	NADH-quinone oxidoreductase subunit NuoE	NZ_AP014649.1	3223721	3223212	3017	0.006800000000000002	0	0	0
IOMTU433_RS15345	NADH-quinone oxidoreductase subunit C/D	NZ_AP014649.1	3225522	3223735	3018	0.0065333333333333354	0	0	0
IOMTU433_RS15350	NADH-quinone oxidoreductase subunit B	NZ_AP014649.1	3226284	3225607	3019	0.006466666666666668	0	0	0
IOMTU433_RS15355	NADH-quinone oxidoreductase subunit A	NZ_AP014649.1	3226842	3226291	3020	0.006066666666666668	0	0	0
IOMTU433_RS15360	sensor domain-containing diguanylate cyclase	NZ_AP014649.1	3227270	3228691	3021	0.005000000000000001	0	0	0
IOMTU433_RS15365	hypothetical protein	NZ_AP014649.1	3228784	3229137	3022	0.003933333333333334	0	0.5	0
IOMTU433_RS15370	sensor histidine kinase BfmS	NZ_AP014649.1	3230752	3229160	3023	0.0032666666666666673	0	0	0
IOMTU433_RS15375	response regulator transcription factor BfmR	NZ_AP014649.1	3231558	3230842	3024	0.0023333333333333335	0	0	0
IOMTU433_RS15380	hypothetical protein	NZ_AP014649.1	3231761	3231555	3025	0.0018	0	0.5	0
IOMTU433_RS15385	ribonucleoside-diphosphate reductase subunit alpha	NZ_AP014649.1	3232091	3234925	3026	0.001466666666666667	0	0	0
IOMTU433_RS15390	hypothetical protein	NZ_AP014649.1	3234982	3235116	3027	0.0014	0	0.5	0
IOMTU433_RS15395	ribonucleotide-diphosphate reductase subunit beta	NZ_AP014649.1	3235254	3236537	3028	0.0011333333333333334	0	0	0
IOMTU433_RS15400	DMT family transporter	NZ_AP014649.1	3236858	3237766	3029	0.0007333333333333333	0	0	0
IOMTU433_RS15405	hypothetical protein	NZ_AP014649.1	3238613	3237825	3030	0.0007333333333333333	0	0.5	0
IOMTU433_RS15410	flavin reductase	NZ_AP014649.1	3239641	3238691	3031	0.0006666666666666668	0	0	0
IOMTU433_RS15415	LLM class flavin-dependent oxidoreductase	NZ_AP014649.1	3241051	3239678	3032	0.00046666666666666666	0	0	0
IOMTU433_RS15420	aldehyde dehydrogenase (NADP(+))	NZ_AP014649.1	3241277	3242737	3033	0.00046666666666666666	0	0	0
IOMTU433_RS15425	NUDIX hydrolase	NZ_AP014649.1	3242817	3243395	3034	0.0003333333333333333	0	0	0
IOMTU433_RS15430	IclR family transcriptional regulator	NZ_AP014649.1	3244224	3243415	3035	0.0002666666666666667	0	0	0
IOMTU433_RS15435	MFS transporter	NZ_AP014649.1	3245803	3244472	3036	6.666666666666667e-05	0	0	0
IOMTU433_RS15440	hypothetical protein	NZ_AP014649.1	3246463	3247635	3037	6.666666666666667e-05	0	0.5	0
IOMTU433_RS15445	SDR family oxidoreductase	NZ_AP014649.1	3247648	3248388	3038	6.666666666666667e-05	0	0	0
IOMTU433_RS15450	type II toxin-antitoxin system Phd/YefM family antitoxin	NZ_AP014649.1	3248442	3248627	3039	6.666666666666667e-05	0	0	0
IOMTU433_RS15455	hypothetical protein	NZ_AP014649.1	3249692	3252616	3040	6.666666666666667e-05	0	0.5	0
IOMTU433_RS15460	hypothetical protein	NZ_AP014649.1	3253342	3252767	3041	6.666666666666667e-05	0	0.5	0
IOMTU433_RS15465	hypothetical protein	NZ_AP014649.1	3253665	3253354	3042	6.666666666666667e-05	0	0.5	0
IOMTU433_RS15470	TetR/AcrR family transcriptional regulator	NZ_AP014649.1	3254333	3253734	3043	6.666666666666667e-05	0	0	0
IOMTU433_RS15475	darcynin	NZ_AP014649.1	3254455	3254784	3044	6.666666666666667e-05	0	0	0
IOMTU433_RS15480	ImmA/IrrE family metallo-endopeptidase	NZ_AP014649.1	3254886	3256181	3045	6.666666666666667e-05	0	0	0
IOMTU433_RS15485	TetR/AcrR family transcriptional regulator	NZ_AP014649.1	3256834	3256178	3046	0.0002	0	0	0
IOMTU433_RS15495	flavin reductase	NZ_AP014649.1	3258327	3257836	3047	0.0002	0	0	0
IOMTU433_RS15500	methionine synthase	NZ_AP014649.1	3259556	3258513	3048	0.0002	0	0	0
IOMTU433_RS15505	DUF1852 domain-containing protein	NZ_AP014649.1	3260564	3259578	3049	0.0002	0	0	0
IOMTU433_RS15510	fatty acid desaturase	NZ_AP014649.1	3261936	3260911	3050	0.0002	0	0	0
IOMTU433_RS15515	AraC family transcriptional regulator	NZ_AP014649.1	3262153	3263160	3051	0.0002	0	0	0
IOMTU433_RS15520	amidohydrolase	NZ_AP014649.1	3264584	3263217	3052	0.00013333333333333334	0	0	0
IOMTU433_RS15525	long-chain fatty acid transporter	NZ_AP014649.1	3266003	3264618	3053	0.00013333333333333334	0	0	0
IOMTU433_RS15530	LysR family transcriptional regulator	NZ_AP014649.1	3266302	3267231	3054	0.00013333333333333334	0	0	0
IOMTU433_RS15535	MFS transporter	NZ_AP014649.1	3267510	3268820	3055	0.00013333333333333334	0	0	0
IOMTU433_RS15540	substrate-binding domain-containing protein	NZ_AP014649.1	3268913	3269707	3056	0.00013333333333333334	0	0	0
IOMTU433_RS15545	LysR family transcriptional regulator	NZ_AP014649.1	3269839	3270768	3057	0.00013333333333333334	0	0	0
IOMTU433_RS15550	FAD-dependent tricarballylate dehydrogenase TcuA	NZ_AP014649.1	3270872	3272278	3058	0.00013333333333333334	0	0	0
IOMTU433_RS15555	tricarballylate utilization 4Fe-4S protein TcuB	NZ_AP014649.1	3272268	3273401	3059	0.00013333333333333334	0	0	0
IOMTU433_RS15560	CoA transferase	NZ_AP014649.1	3274735	3273506	3060	0.00013333333333333334	0	0	0
IOMTU433_RS15565	MFS transporter	NZ_AP014649.1	3276110	3274788	3061	0.00013333333333333334	0	0	0
IOMTU433_RS15570	acyl-CoA dehydrogenase	NZ_AP014649.1	3277556	3276336	3062	0.0002	0	0	0
IOMTU433_RS15575	LysR family transcriptional regulator	NZ_AP014649.1	3277802	3278749	3063	0.0002	0	0	0
IOMTU433_RS15580	zinc-binding dehydrogenase	NZ_AP014649.1	3280028	3278853	3064	0.0002	0	0	0
IOMTU433_RS15585	adenosine deaminase	NZ_AP014649.1	3280430	3281425	3065	0.0002	0	0	0
IOMTU433_RS15610	quinolinate synthase NadA	NZ_AP014649.1	3283271	3282207	3066	0.0002	0	0	0
IOMTU433_RS15615	bifunctional glutamate N-acetyltransferase/amino-acid acetyltransferase ArgJ	NZ_AP014649.1	3284638	3283418	3067	0.0002666666666666667	0	0	0
IOMTU433_RS15620	methylated-DNA--[protein]-cysteine S-methyltransferase	NZ_AP014649.1	3285254	3284775	3068	0.0003333333333333333	0	0	0
IOMTU433_RS15625	multidrug efflux SMR transporter	NZ_AP014649.1	3285586	3285266	3069	0.0003333333333333333	0	0	0
IOMTU433_RS15630	cation diffusion facilitator family transporter	NZ_AP014649.1	3286731	3285736	3070	0.0003333333333333333	0	0	0
IOMTU433_RS15635	copper resistance protein B	NZ_AP014649.1	3287488	3286760	3071	0.0003333333333333333	0	0	0
IOMTU433_RS15640	copper resistance system multicopper oxidase	NZ_AP014649.1	3289436	3287502	3072	0.00046666666666666666	0	0	0
IOMTU433_RS15645	hypothetical protein	NZ_AP014649.1	3289872	3289477	3073	0.00046666666666666666	0	0.5	0
IOMTU433_RS15650	Cof-type HAD-IIB family hydrolase	NZ_AP014649.1	3290795	3289974	3074	0.00046666666666666666	0	0	0
IOMTU433_RS15655	ribulose-phosphate 3-epimerase	NZ_AP014649.1	3291838	3291152	3075	0.00046666666666666666	0	0	0
IOMTU433_RS15660	DUF2218 domain-containing protein	NZ_AP014649.1	3292023	3292295	3076	0.0003333333333333333	0	0	0
IOMTU433_RS15665	S-formylglutathione hydrolase	NZ_AP014649.1	3293146	3292301	3077	0.0003333333333333333	0	0	0
IOMTU433_RS15670	hypothetical protein	NZ_AP014649.1	3294566	3293115	3078	0.0003333333333333333	0	0.5	0
IOMTU433_RS15675	class I SAM-dependent methyltransferase	NZ_AP014649.1	3295494	3294703	3079	0.0003333333333333333	0	0	0
IOMTU433_RS15680	tRNA (adenosine(37)-N6)-threonylcarbamoyltransferase complex dimerization subunit type 1 TsaB	NZ_AP014649.1	3296171	3295506	3080	0.0003333333333333333	0	0	0
IOMTU433_RS15685	gamma carbonic anhydrase family protein	NZ_AP014649.1	3296831	3296304	3081	0.0003333333333333333	0	0	0
IOMTU433_RS15690	CoA pyrophosphatase	NZ_AP014649.1	3297480	3296854	3082	0.0003333333333333333	0	0	0
IOMTU433_RS15695	NUDIX hydrolase	NZ_AP014649.1	3297595	3298143	3083	0.0003333333333333333	0	0	0
IOMTU433_RS15700	hypothetical protein	NZ_AP014649.1	3300118	3298193	3084	0.0003333333333333333	0	0.5	0
IOMTU433_RS15705	putative pilus assembly protein FilE	NZ_AP014649.1	3301460	3300138	3085	0.0003333333333333333	0	0	0
IOMTU433_RS15710	outer membrane protein transport protein	NZ_AP014649.1	3303118	3301454	3086	0.0003333333333333333	0	0	0
IOMTU433_RS15715	hypothetical protein	NZ_AP014649.1	3304291	3303131	3087	0.0003333333333333333	0	0.5	0
IOMTU433_RS15720	C39 family peptidase	NZ_AP014649.1	3305190	3304357	3088	0.0003333333333333333	0	0	0
IOMTU433_RS15725	hypothetical protein	NZ_AP014649.1	3306361	3305486	3089	0.0003333333333333333	0	0.5	0
IOMTU433_RS15730	anthranilate synthase component I family protein	NZ_AP014649.1	3306713	3308068	3090	0.0003333333333333333	0	0	0
IOMTU433_RS15735	histidinol-phosphate transaminase	NZ_AP014649.1	3309157	3308072	3091	0.0003333333333333333	0	0	0
IOMTU433_RS15740	histidinol dehydrogenase	NZ_AP014649.1	3310516	3309227	3092	0.0002666666666666667	0	0	0
IOMTU433_RS15745	ATP phosphoribosyltransferase	NZ_AP014649.1	3311305	3310622	3093	0.0002666666666666667	0	0	0
IOMTU433_RS15750	UDP-N-acetylglucosamine 1-carboxyvinyltransferase	NZ_AP014649.1	3312561	3311305	3094	0.0002666666666666667	0	0	0
IOMTU433_RS15755	BolA family iron metabolism protein IbaG	NZ_AP014649.1	3312819	3312568	3095	0.0002666666666666667	0	0	0
IOMTU433_RS15760	ribosome-associated translation inhibitor RaiA	NZ_AP014649.1	3313296	3312958	3096	0.0002666666666666667	0	0	0
IOMTU433_RS15765	RNA polymerase factor sigma-54	NZ_AP014649.1	3314913	3313465	3097	0.0002	0	0	0
IOMTU433_RS15795	VacJ family lipoprotein	NZ_AP014649.1	3321224	3321973	3098	0.00013333333333333334	0	0	0
IOMTU433_RS15800	RsbU family protein phosphatase GigA	NZ_AP014649.1	3322089	3323057	3099	0.00013333333333333334	0	0	0
IOMTU433_RS15805	anti-anti-sigma factor GigB	NZ_AP014649.1	3323160	3323681	3100	0.0002	0	0	0
IOMTU433_RS15810	carbon-nitrogen hydrolase family protein	NZ_AP014649.1	3323708	3324532	3101	0.0002	0	0	0
IOMTU433_RS15815	DUF4951 domain-containing protein	NZ_AP014649.1	3324547	3324924	3102	6.666666666666667e-05	0	0	0
IOMTU433_RS15820	MarR family transcriptional regulator	NZ_AP014649.1	3325085	3325522	3103	6.666666666666667e-05	0	0	0
IOMTU433_RS15825	organic hydroperoxide resistance protein	NZ_AP014649.1	3325610	3326041	3104	0.00013333333333333334	0	0	0
IOMTU433_RS15830	type II secretion system ATPase GspE	NZ_AP014649.1	3327586	3326096	3105	0.00013333333333333334	0	0	0
IOMTU433_RS15835	hypothetical protein	NZ_AP014649.1	3327683	3328504	3106	0.00013333333333333334	0	0.5	0
IOMTU433_RS15840	mechanosensitive ion channel family protein	NZ_AP014649.1	3328514	3329431	3107	0.00013333333333333334	0	0	0
IOMTU433_RS15845	DUF2339 domain-containing protein	NZ_AP014649.1	3332228	3329421	3108	0.00013333333333333334	0	0	0
IOMTU433_RS15850	DNA polymerase I	NZ_AP014649.1	3332383	3335154	3109	0.00013333333333333334	0	0	0
IOMTU433_RS15855	YggT family protein	NZ_AP014649.1	3335784	3335215	3110	0.00013333333333333334	0	0.5	0
IOMTU433_RS15860	pyrroline-5-carboxylate reductase	NZ_AP014649.1	3336642	3335806	3111	0.0003333333333333333	0	0	0
IOMTU433_RS15865	tRNA lysidine(34) synthetase TilS	NZ_AP014649.1	3338017	3336614	3112	0.0014	0	0	0
IOMTU433_RS15870	acetyl-CoA carboxylase carboxyltransferase subunit alpha	NZ_AP014649.1	3338775	3337954	3113	0.0016666666666666668	0	0	0
IOMTU433_RS15875	exopolyphosphatase	NZ_AP014649.1	3340314	3338794	3114	0.0018666666666666666	0	0	0
IOMTU433_RS15880	thioredoxin	NZ_AP014649.1	3340594	3340920	3115	0.0021333333333333334	0	0	0
IOMTU433_RS15885	transcription termination factor Rho	NZ_AP014649.1	3341242	3342510	3116	0.0021333333333333334	0	0	0
IOMTU433_RS20660	hypothetical protein	NZ_AP014649.1	3342830	3342705	3117	0.0021333333333333334	0	0.5	0
IOMTU433_RS15890	hypothetical protein	NZ_AP014649.1	3342925	3343176	3118	0.0021333333333333334	0	0.5	0
IOMTU433_RS15895	integration host factor subunit alpha	NZ_AP014649.1	3343643	3343347	3119	0.0021333333333333334	0	0	0
IOMTU433_RS15900	phenylalanine--tRNA ligase subunit beta	NZ_AP014649.1	3346021	3343640	3120	0.0022	0	0	0
IOMTU433_RS15905	phenylalanine--tRNA ligase subunit alpha	NZ_AP014649.1	3347035	3346055	3121	0.0022	0	0	0
IOMTU433_RS15910	hypothetical protein	NZ_AP014649.1	3347193	3348194	3122	0.0022	0	0.5	0
IOMTU433_RS15915	GNAT family N-acetyltransferase	NZ_AP014649.1	3348704	3348201	3123	0.0022	0	0	0
IOMTU433_RS15920	NADAR family protein	NZ_AP014649.1	3349321	3348764	3124	0.0022	0	0	0
IOMTU433_RS15925	50S ribosomal protein L20	NZ_AP014649.1	3349771	3349412	3125	0	0	0	0
IOMTU433_RS15930	50S ribosomal protein L35	NZ_AP014649.1	3349977	3349783	3126	0	0	0	0
IOMTU433_RS15935	nickel resistance MFS transporter NreB	NZ_AP014649.1	3350226	3351476	3127	0.0022	0	0	0
IOMTU433_RS15940	DedA family protein	NZ_AP014649.1	3351944	3351516	3128	0.0022	0	0	0
IOMTU433_RS15945	glutathione S-transferase N-terminal domain-containing protein	NZ_AP014649.1	3352617	3351997	3129	0.0022	0	0	0
IOMTU433_RS15950	translation initiation factor IF-3	NZ_AP014649.1	3353374	3352823	3130	0.0021333333333333334	0	0	0
IOMTU433_RS15955	threonine--tRNA ligase	NZ_AP014649.1	3355302	3353380	3131	0.0021333333333333334	0	0	0
IOMTU433_RS15960	acyl-CoA synthetase	NZ_AP014649.1	3355714	3357342	3132	0.0021333333333333334	0	0	0
IOMTU433_RS15965	ribosome-associated protein	NZ_AP014649.1	3357940	3357404	3133	0.0021333333333333334	0	0	0
IOMTU433_RS15970	HPr family phosphocarrier protein	NZ_AP014649.1	3358212	3357943	3134	0.0020666666666666667	0	0	0
IOMTU433_RS15975	RNase adapter RapZ	NZ_AP014649.1	3359060	3358209	3135	0.0020666666666666667	0	0	0
IOMTU433_RS15980	pantoate--beta-alanine ligase	NZ_AP014649.1	3359931	3359083	3136	0.0020666666666666667	0	0	0
IOMTU433_RS15985	3-methyl-2-oxobutanoate hydroxymethyltransferase	NZ_AP014649.1	3360744	3359935	3137	0.0020666666666666667	0	0	0
IOMTU433_RS15990	2-amino-4-hydroxy-6- hydroxymethyldihydropteridine diphosphokinase	NZ_AP014649.1	3361272	3360790	3138	0.0020666666666666667	0	0	0
IOMTU433_RS15995	polynucleotide adenylyltransferase PcnB	NZ_AP014649.1	3362732	3361269	3139	0.0020666666666666667	0	0	0
IOMTU433_RS16000	ComEA family DNA-binding protein	NZ_AP014649.1	3363267	3362857	3140	0.0020666666666666667	0	0	0
IOMTU433_RS16005	nucleoside triphosphate pyrophosphohydrolase	NZ_AP014649.1	3364042	3363236	3141	0.0018666666666666666	0	0	0
IOMTU433_RS16010	SDR family oxidoreductase	NZ_AP014649.1	3364154	3364927	3142	0.0008	0	0	0
IOMTU433_RS16015	bifunctional (p)ppGpp synthetase/guanosine-3',5'-bis(diphosphate) 3'-pyrophosphohydrolase	NZ_AP014649.1	3367278	3364972	3143	0.0005333333333333334	0	0	0
IOMTU433_RS16020	23S rRNA (uracil(1939)-C(5))-methyltransferase RlmD	NZ_AP014649.1	3368700	3367309	3144	0.0003333333333333333	0	0	0
IOMTU433_RS16025	3'-5' exonuclease	NZ_AP014649.1	3369528	3368710	3145	6.666666666666667e-05	0	0	0
IOMTU433_RS16030	cysteine synthase CysM	NZ_AP014649.1	3370465	3369551	3146	6.666666666666667e-05	0	0	0
IOMTU433_RS16035	response regulator	NZ_AP014649.1	3370638	3373445	3147	6.666666666666667e-05	0	0	0
IOMTU433_RS16040	crotonase/enoyl-CoA hydratase family protein	NZ_AP014649.1	3373542	3374330	3148	0.0002	0	0	0
IOMTU433_RS16045	NAD(P)-dependent oxidoreductase	NZ_AP014649.1	3374341	3375207	3149	0.0002	0	0	0
IOMTU433_RS16050	TIM barrel protein	NZ_AP014649.1	3375224	3376018	3150	0.00013333333333333334	0	0	0
IOMTU433_RS16055	ribosome silencing factor	NZ_AP014649.1	3376100	3376501	3151	0.00013333333333333334	0	0	0
IOMTU433_RS16060	SDR family NAD(P)-dependent oxidoreductase	NZ_AP014649.1	3376752	3377573	3152	0.00013333333333333334	0	0	0
IOMTU433_RS16065	NAD(P)(+) transhydrogenase (Re/Si-specific) subunit beta	NZ_AP014649.1	3379079	3377625	3153	0.00013333333333333334	0	0	0
IOMTU433_RS16070	NAD(P) transhydrogenase subunit alpha	NZ_AP014649.1	3379406	3379092	3154	0.00013333333333333334	0	0	0
IOMTU433_RS16075	Re/Si-specific NAD(P)(+) transhydrogenase subunit alpha	NZ_AP014649.1	3380545	3379418	3155	0.00013333333333333334	0	0	0
IOMTU433_RS16080	DMT family transporter	NZ_AP014649.1	3380783	3381709	3156	0.00013333333333333334	0	0	0
IOMTU433_RS16085	RidA family protein	NZ_AP014649.1	3381777	3382184	3157	0.00013333333333333334	0	0	0
IOMTU433_RS16090	MFS transporter	NZ_AP014649.1	3382203	3383387	3158	0.00013333333333333334	0	0	0
IOMTU433_RS16095	hypothetical protein	NZ_AP014649.1	3383914	3384597	3159	0.00013333333333333334	0	0.5	0
IOMTU433_RS16100	ImmA/IrrE family metallo-endopeptidase	NZ_AP014649.1	3384609	3385754	3160	0.00013333333333333334	0	0	0
IOMTU433_RS16105	copper resistance protein B	NZ_AP014649.1	3387040	3386138	3161	0.00013333333333333334	0	0	0
IOMTU433_RS16110	copper resistance system multicopper oxidase	NZ_AP014649.1	3388964	3387027	3162	0.00013333333333333334	0	0	0
IOMTU433_RS16115	hypothetical protein	NZ_AP014649.1	3389365	3389048	3163	0.00013333333333333334	0	0.5	0
IOMTU433_RS16120	heavy metal response regulator transcription factor	NZ_AP014649.1	3389515	3390198	3164	0.0002	0	0	0
IOMTU433_RS16125	heavy metal sensor histidine kinase	NZ_AP014649.1	3390188	3391564	3165	0.0002	0	0	0
IOMTU433_RS16130	heavy metal translocating P-type ATPase	NZ_AP014649.1	3393987	3391642	3166	0.0002	0	0	0
IOMTU433_RS16135	copper resistance protein CopC	NZ_AP014649.1	3394271	3394651	3167	0.0004	0	0	0
IOMTU433_RS16140	CopD family protein	NZ_AP014649.1	3394718	3395599	3168	0.0005333333333333334	0	0	0
IOMTU433_RS16145	DUF932 domain-containing protein	NZ_AP014649.1	3396849	3395800	3169	0.0006000000000000001	0	0	0
IOMTU433_RS16150	hypothetical protein	NZ_AP014649.1	3397198	3396905	3170	0.0006000000000000001	0	0.5	0
IOMTU433_RS16155	hypothetical protein	NZ_AP014649.1	3397691	3397278	3171	0.0006000000000000001	0	0.5	0
IOMTU433_RS16160	hypothetical protein	NZ_AP014649.1	3398329	3397718	3172	0.0006000000000000001	0	0.5	0
IOMTU433_RS16165	hypothetical protein	NZ_AP014649.1	3398670	3398422	3173	0.0006000000000000001	0	0.5	0
IOMTU433_RS16170	hypothetical protein	NZ_AP014649.1	3399747	3398674	3174	0.0006000000000000001	0	0.5	0
IOMTU433_RS20865	hypothetical protein	NZ_AP014649.1	3399910	3399761	3175	0.0006000000000000001	0	0.5	0
IOMTU433_RS16175	hypothetical protein	NZ_AP014649.1	3400275	3400015	3176	0.0006000000000000001	0	0.5	0
IOMTU433_RS16180	hypothetical protein	NZ_AP014649.1	3400816	3401031	3177	0.0006000000000000001	0	0.5	0
IOMTU433_RS16185	hypothetical protein	NZ_AP014649.1	3401391	3402626	3178	0.00046666666666666666	0	0.5	0
IOMTU433_RS16190	inovirus-type Gp2 protein	NZ_AP014649.1	3403346	3404587	3179	0.00046666666666666666	0	0	0
IOMTU433_RS16195	hypothetical protein	NZ_AP014649.1	3404589	3405569	3180	0.00046666666666666666	0	0.5	0
IOMTU433_RS16200	pyocin activator PrtN family protein	NZ_AP014649.1	3405588	3405860	3181	0.00046666666666666666	0	0	0
IOMTU433_RS16205	tyrosine-type recombinase/integrase	NZ_AP014649.1	3406992	3405844	3182	0.00046666666666666666	0	1.5	0
IOMTU433_RS16210	tRNA dihydrouridine(20/20a) synthase DusA	NZ_AP014649.1	3407145	3408143	3183	0	0	0	0
IOMTU433_RS16215	hypothetical protein	NZ_AP014649.1	3408479	3408988	3184	0.00046666666666666666	0	0.5	0
IOMTU433_RS16220	LysR family transcriptional regulator	NZ_AP014649.1	3409889	3408996	3185	0.00046666666666666666	0	0	0
IOMTU433_RS20665	hypothetical protein	NZ_AP014649.1	3409993	3410115	3186	0.0006000000000000001	0	0.5	0
IOMTU433_RS16225	tRNA threonylcarbamoyladenosine dehydratase	NZ_AP014649.1	3410937	3410176	3187	0.0006000000000000001	0	0	0
IOMTU433_RS16230	aconitate hydratase AcnA	NZ_AP014649.1	3414028	3411272	3188	0.0006000000000000001	0	0	0
IOMTU433_RS16235	TatD family hydrolase	NZ_AP014649.1	3414965	3414153	3189	0.0006000000000000001	0	0	0
IOMTU433_RS16240	RsiV family protein	NZ_AP014649.1	3415906	3414965	3190	0.0006000000000000001	0	0	0
IOMTU433_RS16245	hypothetical protein	NZ_AP014649.1	3416836	3415994	3191	0.0006000000000000001	0	0.5	0
IOMTU433_RS16250	peptide chain release factor 3	NZ_AP014649.1	3418498	3416906	3192	0.0006000000000000001	0	0	0
IOMTU433_RS16255	iron-containing redox enzyme family protein	NZ_AP014649.1	3419466	3418702	3193	0.0006000000000000001	0	0	0
IOMTU433_RS16260	IS5 family transposase	NZ_AP014649.1	3419522	3420454	3194	0.0005333333333333334	0	0.75	0
IOMTU433_RS20715	hypothetical protein	NZ_AP014649.1	3420613	3420458	3195	0.0005333333333333334	0	0.5	0
IOMTU433_RS16265	TetR/AcrR family transcriptional regulator	NZ_AP014649.1	3420944	3421516	3196	0.0006000000000000001	0	0	0
IOMTU433_RS16270	TetR/AcrR family transcriptional regulator	NZ_AP014649.1	3422296	3421733	3197	0.0004	0	0	0
IOMTU433_RS16275	EAL domain-containing protein	NZ_AP014649.1	3424956	3422902	3198	0.0002666666666666667	0	0	0
IOMTU433_RS16280	ketol-acid reductoisomerase	NZ_AP014649.1	3426303	3425287	3199	0.00046666666666666666	0	0	0
IOMTU433_RS16285	acetolactate synthase small subunit	NZ_AP014649.1	3426827	3426336	3200	0.0007333333333333333	0	0	0
IOMTU433_RS16290	acetolactate synthase 3 large subunit	NZ_AP014649.1	3428551	3426827	3201	0.0008	0	0	0
IOMTU433_RS16295	DUF4124 domain-containing protein	NZ_AP014649.1	3429056	3429391	3202	0.0008	0	0	0
IOMTU433_RS16300	leucine--tRNA ligase	NZ_AP014649.1	3429578	3432202	3203	0.0008666666666666667	0	0	0
IOMTU433_RS16305	hypothetical protein	NZ_AP014649.1	3432230	3432739	3204	0.0008666666666666667	0	0.5	0
IOMTU433_RS16310	DNA polymerase III subunit delta	NZ_AP014649.1	3432759	3433748	3205	0.0008666666666666667	0	0	0
IOMTU433_RS16315	MacA family efflux pump subunit	NZ_AP014649.1	3433856	3435193	3206	0.0008666666666666667	0	0	0
IOMTU433_RS16320	MacB family efflux pump subunit	NZ_AP014649.1	3435196	3437190	3207	0.0008666666666666667	0	0	0
IOMTU433_RS16325	efflux transporter outer membrane subunit	NZ_AP014649.1	3437213	3438607	3208	0.0008666666666666667	0	0	0
IOMTU433_RS16330	enoyl-ACP reductase	NZ_AP014649.1	3439479	3438676	3209	0.0008666666666666667	0	0	0
IOMTU433_RS16335	Bax inhibitor-1/YccA family protein	NZ_AP014649.1	3440347	3439616	3210	0.0008666666666666667	0	0	0
IOMTU433_RS16340	oligoribonuclease	NZ_AP014649.1	3441069	3440503	3211	0.0008666666666666667	0	0	0
IOMTU433_RS16345	ribosome small subunit-dependent GTPase A	NZ_AP014649.1	3441195	3442253	3212	0.0008666666666666667	0	0	0
IOMTU433_RS16350	rhodanese-like domain-containing protein	NZ_AP014649.1	3442351	3442767	3213	0.0008666666666666667	0	0	0
IOMTU433_RS16355	glutaredoxin 3	NZ_AP014649.1	3442779	3443036	3214	0.0008666666666666667	0	0	0
IOMTU433_RS16360	protein-export chaperone SecB	NZ_AP014649.1	3443064	3443522	3215	0.0008666666666666667	0	0	0
IOMTU433_RS16365	4'-phosphopantetheinyl transferase superfamily protein	NZ_AP014649.1	3444246	3443590	3216	0.0007333333333333336	0	0	0
IOMTU433_RS16370	ribosome biogenesis GTPase Der	NZ_AP014649.1	3445773	3444364	3217	0.0007333333333333336	0	0	0
IOMTU433_RS16375	outer membrane protein assembly factor BamB	NZ_AP014649.1	3447106	3445961	3218	0.0007333333333333336	0	0	0
IOMTU433_RS16380	tetratricopeptide repeat protein	NZ_AP014649.1	3447804	3447106	3219	0.0024000000000000002	0	0	0
IOMTU433_RS16385	histidine--tRNA ligase	NZ_AP014649.1	3449125	3447833	3220	0.0024000000000000002	0	0	0
IOMTU433_RS16390	flavodoxin-dependent (E)-4-hydroxy-3-methylbut-2-enyl-diphosphate synthase	NZ_AP014649.1	3450237	3449122	3221	0.0024000000000000002	0	0	0
IOMTU433_RS16395	helix-turn-helix domain-containing protein	NZ_AP014649.1	3451050	3450259	3222	0.0024000000000000002	0	1	0
IOMTU433_RS16400	type IV pilus biogenesis/stability protein PilW	NZ_AP014649.1	3451841	3451041	3223	0.0024000000000000002	0	0	0
IOMTU433_RS16405	23S rRNA (adenine(2503)-C(2))-methyltransferase RlmN	NZ_AP014649.1	3453089	3451857	3224	0.0024000000000000002	0	0	0
IOMTU433_RS16410	nucleoside-diphosphate kinase	NZ_AP014649.1	3453643	3453212	3225	0.0024000000000000002	0	0	0
IOMTU433_RS16415	Fe-S cluster assembly protein IscX	NZ_AP014649.1	3453957	3453757	3226	0.0023333333333333335	0	0	0
IOMTU433_RS16420	phosphatase PAP2 family protein	NZ_AP014649.1	3454608	3454057	3227	0.0023333333333333335	0	0	0
IOMTU433_RS16425	glycosyltransferase family 1 protein	NZ_AP014649.1	3455931	3454633	3228	0.0023333333333333335	0	0	0
IOMTU433_RS16430	carboxy terminal-processing peptidase	NZ_AP014649.1	3458253	3456070	3229	0.0020666666666666667	0	0	0
IOMTU433_RS16435	beta-N-acetylhexosaminidase	NZ_AP014649.1	3458446	3459465	3230	0.0018000000000000002	0	0	0
IOMTU433_RS16440	class I SAM-dependent methyltransferase	NZ_AP014649.1	3459792	3460634	3231	0.0017333333333333335	0	0	0
IOMTU433_RS16445	alpha/beta hydrolase	NZ_AP014649.1	3462001	3460688	3232	0.0017333333333333335	0	0	0
IOMTU433_RS16450	glutamate-5-semialdehyde dehydrogenase	NZ_AP014649.1	3462301	3463566	3233	0.0016666666666666668	0	0	0
IOMTU433_RS16455	NADP-dependent glyceraldehyde-3-phosphate dehydrogenase	NZ_AP014649.1	3465299	3463671	3234	0.0016666666666666668	0	0	0
IOMTU433_RS16460	gluconokinase	NZ_AP014649.1	3465984	3465472	3235	0.0016666666666666668	0	0	0
IOMTU433_RS16465	gluconate:H+ symporter	NZ_AP014649.1	3467360	3466002	3236	0.0016666666666666668	0	0	0
IOMTU433_RS16470	bifunctional 4-hydroxy-2-oxoglutarate aldolase/2-dehydro-3-deoxy-phosphogluconate aldolase	NZ_AP014649.1	3468176	3467556	3237	0.0016666666666666668	0	0	0
IOMTU433_RS16475	phosphogluconate dehydratase	NZ_AP014649.1	3470050	3468197	3238	0.0016666666666666668	0	0	0
IOMTU433_RS16480	acetate kinase	NZ_AP014649.1	3470813	3472015	3239	0.0016666666666666668	0	0	0
IOMTU433_RS16485	phosphate acetyltransferase	NZ_AP014649.1	3472059	3474203	3240	0.0016666666666666668	0	0	0
IOMTU433_RS16490	fumarate hydratase	NZ_AP014649.1	3474431	3475957	3241	0.0016666666666666668	0	0	0
IOMTU433_RS16495	DUF2059 domain-containing protein	NZ_AP014649.1	3476099	3476653	3242	0.0016666666666666668	0	0	0
IOMTU433_RS16500	DUF2846 domain-containing protein	NZ_AP014649.1	3477394	3476678	3243	0.0017333333333333335	0	0	0
IOMTU433_RS16505	ATP-dependent Clp protease ATP-binding subunit ClpX	NZ_AP014649.1	3478854	3477541	3244	0.0018000000000000002	0	0	0
IOMTU433_RS16510	ATP-dependent Clp endopeptidase proteolytic subunit ClpP	NZ_AP014649.1	3479561	3478956	3245	0.0018000000000000002	0	0	0
IOMTU433_RS16515	trigger factor	NZ_AP014649.1	3481088	3479754	3246	0.0018000000000000002	0	0	0
IOMTU433_RS16520	TonB-dependent siderophore receptor	NZ_AP014649.1	3481503	3483734	3247	0.0018000000000000002	0	0	0
IOMTU433_RS16525	Fe2+-dependent dioxygenase	NZ_AP014649.1	3483839	3484522	3248	0.0018000000000000002	0	0	0
IOMTU433_RS16530	2-isopropylmalate synthase	NZ_AP014649.1	3484981	3486678	3249	0.00013333333333333334	0	0	0
IOMTU433_RS16535	homoserine O-acetyltransferase	NZ_AP014649.1	3486761	3487921	3250	0.00013333333333333334	0	0	0
IOMTU433_RS16540	methionine biosynthesis protein MetW	NZ_AP014649.1	3487921	3488514	3251	0.00013333333333333334	0	0	0
IOMTU433_RS16545	sel1 repeat family protein	NZ_AP014649.1	3488511	3489098	3252	0.00013333333333333334	0	0	0
IOMTU433_RS16550	RdgB/HAM1 family non-canonical purine NTP pyrophosphatase	NZ_AP014649.1	3489266	3489889	3253	0.00013333333333333334	0	0	0
IOMTU433_RS16555	permease	NZ_AP014649.1	3490959	3490084	3254	0.0004	0	0	0
IOMTU433_RS16560	Sec-independent protein translocase subunit TatA	NZ_AP014649.1	3491211	3491429	3255	0.0005333333333333334	0	0	0
IOMTU433_RS16565	Sec-independent protein translocase protein TatB	NZ_AP014649.1	3491441	3491878	3256	0.0006000000000000001	0	0	0
IOMTU433_RS16570	twin-arginine translocase subunit TatC	NZ_AP014649.1	3491875	3492645	3257	0.0006000000000000001	0	0	0
IOMTU433_RS16575	DUF839 domain-containing protein	NZ_AP014649.1	3492819	3494999	3258	0.0006000000000000001	0	0	0
IOMTU433_RS16580	PhoX family phosphatase	NZ_AP014649.1	3495208	3497541	3259	0.0015333333333333334	0	0	0
IOMTU433_RS16585	NRDE family protein	NZ_AP014649.1	3498355	3497585	3260	0.0023333333333333335	0	0	0
IOMTU433_RS16590	prolipoprotein diacylglyceryl transferase	NZ_AP014649.1	3498458	3499276	3261	0.0032	0	0	0
IOMTU433_RS16595	hypothetical protein	NZ_AP014649.1	3499350	3499709	3262	0.004666666666666667	0	0.5	0
IOMTU433_RS16600	hypothetical protein	NZ_AP014649.1	3499720	3500082	3263	0.004666666666666667	0	0.5	0
IOMTU433_RS16605	thymidylate synthase	NZ_AP014649.1	3500205	3501047	3264	0.004666666666666667	0	0	0
IOMTU433_RS16610	dihydrofolate reductase	NZ_AP014649.1	3501092	3501601	3265	0.004733333333333334	0	0	0
IOMTU433_RS16615	DUF4105 domain-containing protein	NZ_AP014649.1	3501616	3502671	3266	0.004733333333333334	0	0	0
IOMTU433_RS16620	peptide-methionine (S)-S-oxide reductase MsrA	NZ_AP014649.1	3502772	3503293	3267	0.004733333333333334	0	0	0
IOMTU433_RS16625	biopolymer transporter ExbD	NZ_AP014649.1	3503758	3503354	3268	0.004733333333333334	0	0	0
IOMTU433_RS16630	MotA/TolQ/ExbB proton channel family protein	NZ_AP014649.1	3504378	3503758	3269	0.004733333333333334	0	0	0
IOMTU433_RS16635	energy transducer TonB	NZ_AP014649.1	3505178	3504423	3270	0.004733333333333334	0	0	0
IOMTU433_RS16640	formyltetrahydrofolate deformylase	NZ_AP014649.1	3506435	3505572	3271	0.0048000000000000004	0	0	0
IOMTU433_RS16645	TetR/AcrR family transcriptional regulator	NZ_AP014649.1	3507202	3506510	3272	0.0048000000000000004	0	0	0
IOMTU433_RS16650	coniferyl aldehyde dehydrogenase	NZ_AP014649.1	3507315	3508763	3273	0.004733333333333334	0	0	0
IOMTU433_RS16655	50S ribosomal protein L28	NZ_AP014649.1	3508931	3509167	3274	0	0	0	0
IOMTU433_RS16660	50S ribosomal protein L33	NZ_AP014649.1	3509180	3509335	3275	0	0	0	0
IOMTU433_RS16665	cation:proton antiporter	NZ_AP014649.1	3509483	3511192	3276	0.004866666666666668	0	0	0
IOMTU433_RS16670	hypothetical protein	NZ_AP014649.1	3511508	3511230	3277	0.004866666666666668	0	0.5	0
IOMTU433_RS16675	hypothetical protein	NZ_AP014649.1	3512154	3511621	3278	0.004866666666666668	0	0.5	0
IOMTU433_RS20900	ASCH domain-containing protein	NZ_AP014649.1	3512408	3512241	3279	0.004866666666666668	0	0	0
IOMTU433_RS16680	RNA-binding protein	NZ_AP014649.1	3512655	3512416	3280	0.004866666666666668	0	0	0
IOMTU433_RS16685	ATP-dependent helicase	NZ_AP014649.1	3514708	3512729	3281	0.004866666666666668	0	0	0
IOMTU433_RS16690	HdeD family acid-resistance protein	NZ_AP014649.1	3515397	3514825	3282	0.004866666666666668	0	0	0
IOMTU433_RS16695	hypothetical protein	NZ_AP014649.1	3516293	3515535	3283	0.004866666666666668	0	0.5	0
IOMTU433_RS16700	type I DNA topoisomerase	NZ_AP014649.1	3519018	3516382	3284	0.004600000000000001	0	0	0
IOMTU433_RS16705	hypothetical protein	NZ_AP014649.1	3519503	3519054	3285	0.0044666666666666665	0	0.5	0
IOMTU433_RS16710	winged helix-turn-helix transcriptional regulator	NZ_AP014649.1	3520028	3519651	3286	0.0044	0	1	0
IOMTU433_RS16715	zinc-binding alcohol dehydrogenase family protein	NZ_AP014649.1	3520128	3521138	3287	0.0044666666666666665	0	0	0
IOMTU433_RS16720	SlyX family protein	NZ_AP014649.1	3521431	3521186	3288	0.0044666666666666665	0	0	0
IOMTU433_RS16725	ATP-binding cassette domain-containing protein	NZ_AP014649.1	3521464	3523374	3289	0.0035333333333333336	0	0	0
IOMTU433_RS16730	LysE family translocator	NZ_AP014649.1	3523520	3524152	3290	0.0027333333333333333	0	0	0
IOMTU433_RS16735	LpxL/LpxP family Kdo(2)-lipid IV(A) lauroyl/palmitoleoyl acyltransferase	NZ_AP014649.1	3524272	3525207	3291	0.0018666666666666669	0	0	0
IOMTU433_RS16740	glycosyltransferase family 4 protein	NZ_AP014649.1	3525472	3526572	3292	0.0004	0	0	0
IOMTU433_RS16745	glutamate/aspartate:proton symporter GltP	NZ_AP014649.1	3527915	3526629	3293	0.0004	0	0	0
IOMTU433_RS16750	endonuclease/exonuclease/phosphatase family protein	NZ_AP014649.1	3529726	3528605	3294	0.0004	0	0	0
IOMTU433_RS16755	aspartate-semialdehyde dehydrogenase	NZ_AP014649.1	3529916	3531034	3295	0.0003333333333333333	0	0	0
IOMTU433_RS16760	hypothetical protein	NZ_AP014649.1	3531183	3532547	3296	0.0003333333333333333	0	0.5	0
IOMTU433_RS16765	hypothetical protein	NZ_AP014649.1	3532616	3533869	3297	0.0003333333333333333	0	0.5	0
IOMTU433_RS16770	asparaginase	NZ_AP014649.1	3533928	3534899	3298	0.0003333333333333333	0	0	0
IOMTU433_RS16775	tRNA pseudouridine(38-40) synthase TruA	NZ_AP014649.1	3534914	3535711	3299	0	0	0	0
IOMTU433_RS16780	AraC family transcriptional regulator	NZ_AP014649.1	3536741	3535731	3300	0.0003333333333333333	0	0	0
IOMTU433_RS16785	translation initiation factor IF-1	NZ_AP014649.1	3537006	3537227	3301	0.0002666666666666667	0	0	0
IOMTU433_RS16790	DUF1311 domain-containing protein	NZ_AP014649.1	3537647	3537279	3302	0.0002666666666666667	0	0	0
IOMTU433_RS16795	hypothetical protein	NZ_AP014649.1	3537817	3538224	3303	0.0002666666666666667	0	0.5	0
IOMTU433_RS16800	3-isopropylmalate dehydrogenase	NZ_AP014649.1	3539356	3538277	3304	0.0002	0	0	0
IOMTU433_RS16805	hypothetical protein	NZ_AP014649.1	3539978	3539388	3305	0.00013333333333333334	0	0.5	0
IOMTU433_RS16810	3-isopropylmalate dehydratase small subunit	NZ_AP014649.1	3540738	3540091	3306	6.666666666666667e-05	0	0	0
IOMTU433_RS16815	3-isopropylmalate dehydratase large subunit	NZ_AP014649.1	3542190	3540757	3307	6.666666666666667e-05	0	0	0
IOMTU433_RS16820	DUF2061 domain-containing protein	NZ_AP014649.1	3542413	3542667	3308	6.666666666666667e-05	0	0	0
IOMTU433_RS16825	LysR family transcriptional regulator	NZ_AP014649.1	3542785	3543645	3309	6.666666666666667e-05	0	0	0
IOMTU433_RS16830	hypothetical protein	NZ_AP014649.1	3543887	3543651	3310	6.666666666666667e-05	0	0.5	0
IOMTU433_RS16835	hypothetical protein	NZ_AP014649.1	3543983	3544579	3311	6.666666666666667e-05	0	0.5	0
IOMTU433_RS16840	HAD-IB family hydrolase	NZ_AP014649.1	3545284	3544634	3312	6.666666666666667e-05	0	0	0
IOMTU433_RS16845	RNA pyrophosphohydrolase	NZ_AP014649.1	3545467	3545952	3313	6.666666666666667e-05	0	0	0
IOMTU433_RS16850	phosphoenolpyruvate--protein phosphotransferase	NZ_AP014649.1	3546038	3548332	3314	6.666666666666667e-05	0	0	0
IOMTU433_RS16855	catalase/peroxidase HPI	NZ_AP014649.1	3548848	3551004	3315	6.666666666666667e-05	0	0	0
IOMTU433_RS16860	MBL fold metallo-hydrolase	NZ_AP014649.1	3552123	3551071	3316	0.00013333333333333334	0	0	0
IOMTU433_RS16865	DNA-binding transcriptional regulator HcaR	NZ_AP014649.1	3552859	3553758	3317	6.666666666666667e-05	0	0	0
IOMTU433_RS16870	DUF1345 domain-containing protein	NZ_AP014649.1	3554022	3554699	3318	6.666666666666667e-05	0	0	0
IOMTU433_RS16875	glutathione S-transferase family protein	NZ_AP014649.1	3555362	3554757	3319	6.666666666666667e-05	0	0	0
IOMTU433_RS16880	YafY family transcriptional regulator	NZ_AP014649.1	3556107	3555412	3320	6.666666666666667e-05	0	0.5	0
IOMTU433_RS16885	HAD-IA family hydrolase	NZ_AP014649.1	3556855	3556181	3321	6.666666666666667e-05	0	0	0
IOMTU433_RS16890	RluA family pseudouridine synthase	NZ_AP014649.1	3557784	3556852	3322	6.666666666666667e-05	0	0	0
IOMTU433_RS16895	Rne/Rng family ribonuclease	NZ_AP014649.1	3558507	3561839	3323	6.666666666666667e-05	0	0	0
IOMTU433_RS16900	long-chain-acyl-CoA synthetase	NZ_AP014649.1	3562032	3563873	3324	6.666666666666667e-05	0	0	0
IOMTU433_RS16915	LysR family transcriptional regulator	NZ_AP014649.1	3565240	3564344	3325	6.666666666666667e-05	0	0	0
IOMTU433_RS16920	SDR family oxidoreductase	NZ_AP014649.1	3565353	3566108	3326	0.0002	0	0	0
IOMTU433_RS16925	radical SAM family heme chaperone HemW	NZ_AP014649.1	3567315	3566161	3327	0.0002	0	0	0
IOMTU433_RS16930	DMT family transporter	NZ_AP014649.1	3567433	3567894	3328	0.0002666666666666667	0	0	0
IOMTU433_RS16935	multidrug efflux MATE transporter AbeM	NZ_AP014649.1	3567927	3569273	3329	0.0002666666666666667	0	0	0
IOMTU433_RS16940	acyl-CoA dehydrogenase family protein	NZ_AP014649.1	3570558	3569308	3330	0.0002666666666666667	0	0	0
IOMTU433_RS16945	SfnB family sulfur acquisition oxidoreductase	NZ_AP014649.1	3571839	3570592	3331	0.0003333333333333333	0	0	0
IOMTU433_RS16950	ABC transporter	NZ_AP014649.1	3572097	3573395	3332	0.0003333333333333333	0	0	0
IOMTU433_RS16955	type B 50S ribosomal protein L31	NZ_AP014649.1	3573496	3573750	3333	0	0	0	0
IOMTU433_RS16960	HopJ type III effector protein	NZ_AP014649.1	3574003	3574335	3334	0.0004	0	0	0
IOMTU433_RS16965	fluoride efflux transporter CrcB	NZ_AP014649.1	3575218	3574838	3335	0.0004	0	0	0
IOMTU433_RS16970	GFA family protein	NZ_AP014649.1	3575864	3575454	3336	0.0004	0	0	0
IOMTU433_RS16975	TIGR03862 family flavoprotein	NZ_AP014649.1	3577147	3575942	3337	0.0004	0	0	0
IOMTU433_RS16980	SAM-dependent methyltransferase	NZ_AP014649.1	3577775	3577137	3338	0.0004	0	0	0
IOMTU433_RS16985	DNA gyrase inhibitor YacG	NZ_AP014649.1	3577863	3578057	3339	0.0004	0	0	0
IOMTU433_RS16990	MBL fold metallo-hydrolase	NZ_AP014649.1	3578698	3578054	3340	0.0004	0	0	0
IOMTU433_RS16995	ferrochelatase	NZ_AP014649.1	3579738	3578722	3341	0.0004	0	0	0
IOMTU433_RS17000	DUF4062 domain-containing protein	NZ_AP014649.1	3580816	3579812	3342	0.0004	0	0	0
IOMTU433_RS17005	glutamate racemase	NZ_AP014649.1	3581803	3580937	3343	0.0004	0	0	0
IOMTU433_RS17010	DUF1285 domain-containing protein	NZ_AP014649.1	3582463	3581852	3344	0.0004	0	0	0
IOMTU433_RS17015	electron transfer flavoprotein-ubiquinone oxidoreductase	NZ_AP014649.1	3582650	3584362	3345	0.0004	0	0	0
IOMTU433_RS20905	hypothetical protein	NZ_AP014649.1	3584829	3584449	3346	0.0003333333333333333	0	0.5	0
IOMTU433_RS17025	sulfurtransferase TusA	NZ_AP014649.1	3585230	3584973	3347	0.0003333333333333333	0	0	0
IOMTU433_RS17030	CBS domain-containing protein	NZ_AP014649.1	3585415	3586254	3348	0.0031333333333333335	0	0	0
IOMTU433_RS17035	apolipoprotein N-acyltransferase	NZ_AP014649.1	3586251	3587810	3349	0.0037333333333333333	0	0	0
IOMTU433_RS17040	tRNA-binding protein	NZ_AP014649.1	3588150	3587812	3350	0.004333333333333333	0	0	0
IOMTU433_RS17045	hypothetical protein	NZ_AP014649.1	3588638	3588294	3351	0.0054	0	0.5	0
IOMTU433_RS17050	type II secretion system major pseudopilin GspG	NZ_AP014649.1	3589485	3588904	3352	0.0058000000000000005	0	0	0
IOMTU433_RS17055	type II secretion system inner membrane protein GspF	NZ_AP014649.1	3590714	3589509	3353	0.005933333333333334	0	0	0
IOMTU433_RS17060	primosomal protein N'	NZ_AP014649.1	3590863	3593091	3354	0.005933333333333334	0	0	0
IOMTU433_RS17065	monovalent cation:proton antiporter-2 (CPA2) family protein	NZ_AP014649.1	3593168	3595009	3355	0.005933333333333334	0	0	0
IOMTU433_RS17070	Hsp33 family molecular chaperone HslO	NZ_AP014649.1	3595175	3596050	3356	0.005866666666666668	0	0	0
IOMTU433_RS17075	LysE family translocator	NZ_AP014649.1	3596188	3596799	3357	0.006000000000000001	0	0	0
IOMTU433_RS17080	DnaJ domain-containing protein	NZ_AP014649.1	3596950	3597906	3358	0.006066666666666668	0	0	0
IOMTU433_RS17085	MerR family transcriptional regulator	NZ_AP014649.1	3597918	3598247	3359	0.006066666666666668	0	0	0
IOMTU433_RS17090	magnesium transporter CorA family protein	NZ_AP014649.1	3599705	3598494	3360	0.006066666666666668	0	0	0
IOMTU433_RS17095	polyribonucleotide nucleotidyltransferase	NZ_AP014649.1	3601877	3599790	3361	0.006066666666666668	0	0	0
IOMTU433_RS17100	30S ribosomal protein S15	NZ_AP014649.1	3602404	3602135	3362	0	0	0	0
IOMTU433_RS17105	EstA family serine hydrolase	NZ_AP014649.1	3602617	3603915	3363	0.006133333333333335	0	0	0
IOMTU433_RS17110	exodeoxyribonuclease V subunit alpha	NZ_AP014649.1	3606383	3604632	3364	0.006066666666666668	0	0	0
IOMTU433_RS17115	UvrD-helicase domain-containing protein	NZ_AP014649.1	3610190	3606492	3365	0.0062000000000000015	0	0	0
IOMTU433_RS17120	exodeoxyribonuclease V subunit gamma	NZ_AP014649.1	3613829	3610194	3366	0.006933333333333335	0	0	0
IOMTU433_RS17125	hypothetical protein	NZ_AP014649.1	3614001	3614507	3367	0.0074666666666666675	0	0.5	0
IOMTU433_RS17130	polyphosphate--AMP phosphotransferase	NZ_AP014649.1	3615948	3614530	3368	0.007533333333333335	0	0	0
IOMTU433_RS17135	hypothetical protein	NZ_AP014649.1	3616156	3616863	3369	0.0082	0	0.5	0
IOMTU433_RS17140	bifunctional demethylmenaquinone methyltransferase/2-methoxy-6-polyprenyl-1,4-benzoquinol methylase UbiE	NZ_AP014649.1	3617012	3617959	3370	0.008333333333333333	0	0	0
IOMTU433_RS17145	hypothetical protein	NZ_AP014649.1	3617971	3618639	3371	0.0084	0	0.5	0
IOMTU433_RS17150	2-octaprenylphenol hydroxylase	NZ_AP014649.1	3618652	3620271	3372	0.008533333333333334	0	0	0
IOMTU433_RS17155	FAD-dependent monooxygenase	NZ_AP014649.1	3620396	3621709	3373	0.0086	0	0	0
IOMTU433_RS17160	bifunctional phosphoribosyl-AMP cyclohydrolase/phosphoribosyl-ATP diphosphatase HisIE	NZ_AP014649.1	3621863	3622642	3374	0.008733333333333334	0	0	0
IOMTU433_RS17165	ATP-dependent helicase	NZ_AP014649.1	3622652	3624154	3375	0.008733333333333334	0	0	0
IOMTU433_RS17170	AAA family ATPase	NZ_AP014649.1	3624178	3625560	3376	0.008733333333333334	0	0	0
IOMTU433_RS17175	monovalent cation/H+ antiporter subunit A	NZ_AP014649.1	3625875	3628724	3377	0.0088	0	0	0
IOMTU433_RS17180	Na+/H+ antiporter subunit C	NZ_AP014649.1	3628721	3629089	3378	0.006000000000000001	0	0	0
IOMTU433_RS17185	monovalent cation/H+ antiporter subunit D	NZ_AP014649.1	3629089	3630900	3379	0.005400000000000001	0	0	0
IOMTU433_RS17190	Na+/H+ antiporter subunit E	NZ_AP014649.1	3630903	3631430	3380	0.004800000000000001	0	0	0
IOMTU433_RS17195	monovalent cation/H+ antiporter subunit F	NZ_AP014649.1	3631427	3631702	3381	0.003733333333333334	0	0	0
IOMTU433_RS17200	Na+/H+ antiporter subunit G	NZ_AP014649.1	3631715	3632119	3382	0.003333333333333334	0	0	0
IOMTU433_RS17205	ribosome-binding factor A	NZ_AP014649.1	3632577	3632176	3383	0.0032000000000000006	0	0	0
IOMTU433_RS17210	translation initiation factor IF-2	NZ_AP014649.1	3635276	3632577	3384	0.0032000000000000006	0	0	0
IOMTU433_RS17215	transcription termination/antitermination protein NusA	NZ_AP014649.1	3636771	3635287	3385	0.0032000000000000006	0	0	0
IOMTU433_RS17220	ribosome maturation factor RimP	NZ_AP014649.1	3637333	3636809	3386	0.003133333333333334	0	0	0
IOMTU433_RS17240	preprotein translocase subunit SecG	NZ_AP014649.1	3638304	3637975	3387	0.0030666666666666676	0	0	0
IOMTU433_RS17245	triose-phosphate isomerase	NZ_AP014649.1	3639111	3638317	3388	0.0029333333333333342	0	0	0
IOMTU433_RS17250	type IV-A pilus assembly ATPase PilB	NZ_AP014649.1	3639402	3641114	3389	0.0029333333333333342	0	0	0
IOMTU433_RS17255	type II secretion system F family protein	NZ_AP014649.1	3641144	3642370	3390	0.0029333333333333342	0	0	0
IOMTU433_RS17260	prepilin peptidase	NZ_AP014649.1	3642370	3643230	3391	0.0028666666666666675	0	0	0
IOMTU433_RS17265	dephospho-CoA kinase	NZ_AP014649.1	3643232	3643828	3392	0.002800000000000001	0	0	0
IOMTU433_RS17270	DMT family transporter	NZ_AP014649.1	3644739	3643825	3393	0.002800000000000001	0	0	0
IOMTU433_RS17275	23S rRNA (guanosine(2251)-2'-O)-methyltransferase RlmB	NZ_AP014649.1	3645524	3644775	3394	0.002800000000000001	0	0	0
IOMTU433_RS17280	pyrimidine/purine nucleoside phosphorylase	NZ_AP014649.1	3645952	3645626	3395	0.002666666666666667	0	0	0
IOMTU433_RS17285	tetratricopeptide repeat protein	NZ_AP014649.1	3647339	3646029	3396	0.0019333333333333342	0	0	0
IOMTU433_RS17290	DNA repair protein RecN	NZ_AP014649.1	3647454	3649121	3397	0.0014000000000000004	0	0	0
IOMTU433_RS17295	YqgE/AlgH family protein	NZ_AP014649.1	3649248	3649802	3398	0.0013333333333333335	0	0.5	0
IOMTU433_RS17300	Holliday junction resolvase RuvX	NZ_AP014649.1	3649802	3650242	3399	0.0006666666666666668	0	0	0
IOMTU433_RS17305	HlyD family secretion protein	NZ_AP014649.1	3651300	3650299	3400	0.0005333333333333334	0	0	0
IOMTU433_RS17310	DUF1656 domain-containing protein	NZ_AP014649.1	3651546	3651340	3401	0.00046666666666666666	0	0	0
IOMTU433_RS17315	FUSC family protein	NZ_AP014649.1	3653638	3651539	3402	0.0003333333333333333	0	0	0
IOMTU433_RS17320	transcriptional regulator	NZ_AP014649.1	3654135	3654908	3403	0.0002666666666666667	0	0	0
IOMTU433_RS17325	alpha-ketoglutarate-dependent dioxygenase AlkB	NZ_AP014649.1	3655714	3655103	3404	0.00013333333333333334	0	0	0
IOMTU433_RS17330	methylated-DNA--[protein]-cysteine S-methyltransferase	NZ_AP014649.1	3656565	3655711	3405	0.00013333333333333334	0	0	0
IOMTU433_RS17335	CDP-diacylglycerol--glycerol-3-phosphate 3-phosphatidyltransferase	NZ_AP014649.1	3657275	3656688	3406	0.0006000000000000001	0	0	0
IOMTU433_RS17340	thioesterase family protein	NZ_AP014649.1	3658188	3657394	3407	0.0006666666666666666	0	0	0
IOMTU433_RS17345	excinuclease ABC subunit UvrC	NZ_AP014649.1	3660108	3658309	3408	0.0008	0	0	0
IOMTU433_RS17350	peptidoglycan hydrolase	NZ_AP014649.1	3660772	3660242	3409	0.0012000000000000001	0	0	0
IOMTU433_RS17355	lipid A hydroxylase LpxO	NZ_AP014649.1	3661859	3660945	3410	0.0016	0	0	0
IOMTU433_RS17360	fatty acid oxidation complex subunit alpha FadB	NZ_AP014649.1	3662431	3664584	3411	0.003	0	0	0
IOMTU433_RS17365	acetyl-CoA C-acyltransferase FadA	NZ_AP014649.1	3664597	3665769	3412	0.004333333333333333	0	0	0
IOMTU433_RS17370	hypothetical protein	NZ_AP014649.1	3666305	3665814	3413	0.0052	0	0.5	0
IOMTU433_RS17375	alpha/beta hydrolase	NZ_AP014649.1	3667190	3666543	3414	0.0078	0	0	0
IOMTU433_RS17380	MerR family transcriptional regulator	NZ_AP014649.1	3667263	3667628	3415	0.010933333333333331	0	0	0
IOMTU433_RS17385	hypothetical protein	NZ_AP014649.1	3668408	3667650	3416	0.011466666666666665	0	0.5	0
IOMTU433_RS17390	DsbA family oxidoreductase	NZ_AP014649.1	3668586	3669290	3417	0.014066666666666667	0	0	0
IOMTU433_RS17395	hypothetical protein	NZ_AP014649.1	3669649	3670788	3418	0.0164	0	0.5	0
IOMTU433_RS17400	hypothetical protein	NZ_AP014649.1	3670910	3671812	3419	0.018133333333333335	0	0.5	0
IOMTU433_RS17405	molecular chaperone HtpG	NZ_AP014649.1	3673815	3671896	3420	0.019866666666666668	0	0	0
IOMTU433_RS17410	DUF1311 domain-containing protein	NZ_AP014649.1	3674271	3673918	3421	0.02186666666666667	0	0	0
IOMTU433_RS17415	OmpW family protein	NZ_AP014649.1	3675046	3674456	3422	0.023200000000000005	0	0	0
IOMTU433_RS17420	TRAP transporter large permease subunit	NZ_AP014649.1	3676798	3675374	3423	0.024600000000000007	0	0	0
IOMTU433_RS17425	alpha/beta fold hydrolase	NZ_AP014649.1	3677781	3676903	3424	0.029200000000000007	0	0	0
IOMTU433_RS17430	DUF4442 domain-containing protein	NZ_AP014649.1	3677899	3678396	3425	0.032400000000000005	0	0	0
IOMTU433_RS17435	hypothetical protein	NZ_AP014649.1	3678781	3678425	3426	0.03366666666666667	0	0.5	0
IOMTU433_RS17440	hypothetical protein	NZ_AP014649.1	3679360	3678995	3427	0.03500000000000001	0	0.5	0
IOMTU433_RS17445	DNA-directed RNA polymerase subunit beta'	NZ_AP014649.1	3683721	3679528	3428	0.03800000000000001	0	0	0
IOMTU433_RS17450	DNA-directed RNA polymerase subunit beta	NZ_AP014649.1	3687896	3683808	3429	0.040333333333333346	0	0	0
IOMTU433_RS17455	50S ribosomal protein L7/L12	NZ_AP014649.1	3688573	3688202	3430	0	0	0	0
IOMTU433_RS17460	50S ribosomal protein L10	NZ_AP014649.1	3689122	3688616	3431	0	0	0	0
IOMTU433_RS17465	50S ribosomal protein L1	NZ_AP014649.1	3690137	3689442	3432	0	0	0	0
IOMTU433_RS17470	50S ribosomal protein L11	NZ_AP014649.1	3690569	3690141	3433	0	0	0	0
IOMTU433_RS17475	transcription termination/antitermination protein NusG	NZ_AP014649.1	3691211	3690678	3434	0.06460000000000002	0	0	0
IOMTU433_RS17480	preprotein translocase subunit SecE	NZ_AP014649.1	3691659	3691219	3435	0.06513333333333335	0	0	0
IOMTU433_RS17490	elongation factor Tu	NZ_AP014649.1	3693061	3691871	3436	0.06493333333333334	0	0	0
IOMTU433_RS17515	anthranilate synthase component I	NZ_AP014649.1	3695232	3693739	3437	0.06500000000000002	0	0	0
IOMTU433_RS17520	phosphoglycolate phosphatase	NZ_AP014649.1	3696009	3695341	3438	0.06493333333333334	0	0	0
IOMTU433_RS17525	FHA domain-containing protein	NZ_AP014649.1	3696704	3696075	3439	0.06460000000000002	0	0	0
IOMTU433_RS17530	type II secretion system secretin GspD	NZ_AP014649.1	3699015	3696745	3440	0.06420000000000001	0	0	0
IOMTU433_RS17535	general secretion pathway protein	NZ_AP014649.1	3699893	3699057	3441	0.06280000000000001	0	0	0
IOMTU433_RS17540	type II secretion system protein N	NZ_AP014649.1	3700636	3699893	3442	0.061466666666666676	0	0	0
IOMTU433_RS17545	H-NS histone family protein	NZ_AP014649.1	3701295	3700969	3443	0.0606	0	0	0
IOMTU433_RS17550	acyl-CoA thioesterase	NZ_AP014649.1	3701930	3701490	3444	0.058133333333333335	0	0	0
IOMTU433_RS17555	membrane protein	NZ_AP014649.1	3703131	3701938	3445	0.05500000000000001	0	0	0
IOMTU433_RS17560	hypothetical protein	NZ_AP014649.1	3703980	3703141	3446	0.05446666666666667	0	0.5	0
IOMTU433_RS17565	uroporphyrinogen-III synthase	NZ_AP014649.1	3704756	3703989	3447	0.0518	0	0	0
IOMTU433_RS17570	hydroxymethylbilane synthase	NZ_AP014649.1	3705678	3704761	3448	0.049466666666666666	0	0	0
IOMTU433_RS17575	LytTR family DNA-binding domain-containing protein	NZ_AP014649.1	3706519	3705779	3449	0.04806666666666667	0	0	0
IOMTU433_RS17580	histidine kinase	NZ_AP014649.1	3707719	3706580	3450	0.04633333333333333	0	0	0
IOMTU433_RS17585	argininosuccinate lyase	NZ_AP014649.1	3707710	3709143	3451	0.044333333333333336	0	0	0
IOMTU433_RS17590	oxidative damage protection protein	NZ_AP014649.1	3709153	3709422	3452	0.043000000000000003	0	0	0
IOMTU433_RS17595	phosphate signaling complex protein PhoU	NZ_AP014649.1	3710460	3709738	3453	0.0416	0	0	0
IOMTU433_RS17600	TolC family outer membrane protein	NZ_AP014649.1	3711899	3710568	3454	0.037000000000000005	0	0	0
IOMTU433_RS17605	EamA family transporter	NZ_AP014649.1	3712900	3711995	3455	0.033800000000000004	0	0	0
IOMTU433_RS17610	TetR/AcrR family transcriptional regulator	NZ_AP014649.1	3713474	3712893	3456	0.03253333333333333	0	0	0
IOMTU433_RS17615	hypothetical protein	NZ_AP014649.1	3713603	3714667	3457	0.0312	0	0.5	0
IOMTU433_RS17620	phosphomethylpyrimidine synthase ThiC	NZ_AP014649.1	3714926	3716803	3458	0.028200000000000003	0	0	0
IOMTU433_RS17625	NUDIX domain-containing protein	NZ_AP014649.1	3716879	3717505	3459	0.02586666666666667	0	0	0
IOMTU433_RS17630	3',5'-cyclic-AMP phosphodiesterase	NZ_AP014649.1	3717510	3718322	3460	0.019266666666666668	0	0	0
IOMTU433_RS17635	RNA polymerase-binding protein DksA	NZ_AP014649.1	3718533	3719069	3461	0.015933333333333338	0	0	0
IOMTU433_RS17640	tRNA glutamyl-Q(34) synthetase GluQRS	NZ_AP014649.1	3719072	3720004	3462	0.0094	0	0	0
IOMTU433_RS17645	putative lipid II flippase FtsW	NZ_AP014649.1	3721250	3720054	3463	0.0020666666666666667	0	0	0
IOMTU433_RS17650	UDP-N-acetylmuramoyl-L-alanine--D-glutamate ligase	NZ_AP014649.1	3722621	3721275	3464	0.0016000000000000003	0	0	0
IOMTU433_RS17655	hypothetical protein	NZ_AP014649.1	3723033	3722782	3465	0.0010666666666666667	0	0.5	0
IOMTU433_RS17660	ferrous iron transporter B	NZ_AP014649.1	3724907	3723054	3466	0.0008	0	0	0
IOMTU433_RS17665	ferrous iron transport protein A	NZ_AP014649.1	3725167	3724904	3467	0.0006000000000000001	0	0	0
IOMTU433_RS17670	site-specific tyrosine recombinase XerD	NZ_AP014649.1	3725311	3726231	3468	0.0005333333333333334	0	1.5	0
IOMTU433_RS17675	DsbC family protein	NZ_AP014649.1	3726378	3727193	3469	0.00046666666666666666	0	0	0
IOMTU433_RS17680	homoserine dehydrogenase	NZ_AP014649.1	3727438	3728739	3470	0.00046666666666666666	0	0	0
IOMTU433_RS17685	threonine synthase	NZ_AP014649.1	3728795	3729934	3471	0.00046666666666666666	0	0	0
IOMTU433_RS17690	D-alanyl-D-alanine endopeptidase PBP7/8	NZ_AP014649.1	3731087	3730041	3472	0.00046666666666666666	0	0	0
IOMTU433_RS17695	response regulator	NZ_AP014649.1	3731300	3731935	3473	0.0005333333333333334	0	0	0
IOMTU433_RS17700	PAS domain-containing sensor histidine kinase	NZ_AP014649.1	3731991	3733514	3474	0.0004	0	0	0
IOMTU433_RS17705	sigma-54 dependent transcriptional regulator	NZ_AP014649.1	3733538	3734959	3475	0.0004	0	0	0
IOMTU433_RS17710	peptidase S41	NZ_AP014649.1	3736147	3734963	3476	0.00046666666666666666	0	0	0
IOMTU433_RS17715	2,3-bisphosphoglycerate-independent phosphoglycerate mutase	NZ_AP014649.1	3737710	3736163	3477	0.00046666666666666666	0	0	0
IOMTU433_RS17720	LPS export ABC transporter permease LptG	NZ_AP014649.1	3738906	3737836	3478	0.0006000000000000001	0	0	0
IOMTU433_RS17725	LPS export ABC transporter permease LptF	NZ_AP014649.1	3740006	3738906	3479	0.0002666666666666667	0	0	0
IOMTU433_RS17730	leucyl aminopeptidase	NZ_AP014649.1	3740150	3741598	3480	0.0002666666666666667	0	0	0
IOMTU433_RS17735	DNA polymerase III subunit chi	NZ_AP014649.1	3741591	3741998	3481	0.0002666666666666667	0	0	0
IOMTU433_RS17740	hypothetical protein	NZ_AP014649.1	3742037	3742675	3482	0.0002666666666666667	0	0.5	0
IOMTU433_RS17745	hypothetical protein	NZ_AP014649.1	3742806	3743024	3483	0.0002666666666666667	0	0.5	0
IOMTU433_RS17750	riboflavin synthase	NZ_AP014649.1	3743743	3743084	3484	0.0002666666666666667	0	0	0
IOMTU433_RS17755	DNA adenine methylase	NZ_AP014649.1	3745078	3743786	3485	0.0002666666666666667	0	0	0
IOMTU433_RS17760	bifunctional diaminohydroxyphosphoribosylaminopyrimidine deaminase/5-amino-6-(5-phosphoribosylamino)uracil reductase RibD	NZ_AP014649.1	3746160	3745075	3486	0.0002666666666666667	0	0	0
IOMTU433_RS17765	transcriptional regulator NrdR	NZ_AP014649.1	3746634	3746176	3487	0.0002666666666666667	0	0	0
IOMTU433_RS17770	ammonium transporter	NZ_AP014649.1	3748190	3746793	3488	0.0002666666666666667	0	0	0
IOMTU433_RS17775	P-II family nitrogen regulator	NZ_AP014649.1	3748586	3748248	3489	0.0002666666666666667	0	0	0
IOMTU433_RS17780	accessory factor UbiK family protein	NZ_AP014649.1	3748866	3749093	3490	0.0002666666666666667	0	0	0
IOMTU433_RS17785	YifB family Mg chelatase-like AAA ATPase	NZ_AP014649.1	3749159	3750016	3491	0.0002666666666666667	0	0.5	0
IOMTU433_RS17790	hypothetical protein	NZ_AP014649.1	3750099	3751895	3492	0.0002666666666666667	0	0.5	0
IOMTU433_RS20360	Merged-or-split: IS4-like element ISAba1 family transposase	NZ_AP014649.1	3753343	3752253	3493	0.0002666666666666667	0	0.75	0
IOMTU433_RS17805	carbapenem-hydrolyzing class D beta-lactamase OXA-23	NZ_AP014649.1	3753449	3754270	3494	0.0002666666666666667	0	0	0
IOMTU433_RS17810	ATP-binding protein	NZ_AP014649.1	3755034	3754375	3495	0.0002666666666666667	0	0	0
IOMTU433_RS17815	DEAD/DEAH box helicase family protein	NZ_AP014649.1	3755489	3755034	3496	0.0002666666666666667	0	0	0
IOMTU433_RS17820	hypothetical protein	NZ_AP014649.1	3755829	3755497	3497	0.0002666666666666667	0	0.5	0
IOMTU433_RS20365	Merged-or-split: IS4-like element ISAba1 family transposase	NZ_AP014649.1	3755931	3757021	3498	0.0002666666666666667	0	0.75	0
IOMTU433_RS17835	SulP family inorganic anion transporter	NZ_AP014649.1	3757025	3758491	3499	0.0004	0	0	0
IOMTU433_RS17840	universal stress protein	NZ_AP014649.1	3758504	3759355	3500	0.0004	0	0	0
IOMTU433_RS17845	hypothetical protein	NZ_AP014649.1	3759423	3759722	3501	0.0004	0	0.5	0
IOMTU433_RS17850	hypothetical protein	NZ_AP014649.1	3759795	3760166	3502	0.0004	0	0.5	0
IOMTU433_RS20370	hypothetical protein	NZ_AP014649.1	3761971	3760541	3503	0.0003333333333333333	0	0.5	0
IOMTU433_RS17860	TniQ family protein	NZ_AP014649.1	3763079	3761964	3504	0.0003333333333333333	0	0	0
IOMTU433_RS17865	TniB family NTP-binding protein	NZ_AP014649.1	3764029	3763109	3505	0.0003333333333333333	0	0	0
IOMTU433_RS17870	DDE-type integrase/transposase/recombinase	NZ_AP014649.1	3765944	3764034	3506	0.0002666666666666667	0	1.5	0
IOMTU433_RS17875	heteromeric transposase endonuclease subunit TnsA	NZ_AP014649.1	3766655	3765945	3507	0.0002666666666666667	0	0.75	0
IOMTU433_RS17880	YifB family Mg chelatase-like AAA ATPase	NZ_AP014649.1	3766780	3767463	3508	0.00013333333333333334	0	0.5	0
IOMTU433_RS17885	PLP-dependent aminotransferase family protein	NZ_AP014649.1	3768912	3767500	3509	0.00013333333333333334	0	0	0
IOMTU433_RS17890	aldolase	NZ_AP014649.1	3769024	3769800	3510	0.00013333333333333334	0	0	0
IOMTU433_RS17895	dihydrodipicolinate synthase family protein	NZ_AP014649.1	3769816	3770694	3511	0.00013333333333333334	0	0	0
IOMTU433_RS17900	TorF family putative porin	NZ_AP014649.1	3771549	3770737	3512	0.00013333333333333334	0	0	0
IOMTU433_RS17905	OprD family outer membrane porin	NZ_AP014649.1	3772474	3773790	3513	0.00013333333333333334	0	0	0
IOMTU433_RS17910	inorganic diphosphatase	NZ_AP014649.1	3774424	3773897	3514	0.00013333333333333334	0	0	0
IOMTU433_RS17915	MAPEG family protein	NZ_AP014649.1	3774950	3774552	3515	0.00013333333333333334	0	0	0
IOMTU433_RS17920	hypothetical protein	NZ_AP014649.1	3775057	3775440	3516	0.00013333333333333334	0	0.5	0
IOMTU433_RS17925	long-chain-fatty-acid--CoA ligase	NZ_AP014649.1	3777159	3775480	3517	0.0002666666666666667	0	0	0
IOMTU433_RS17930	DNA topoisomerase IV subunit A	NZ_AP014649.1	3779676	3777457	3518	0.0002666666666666667	0	0	0
IOMTU433_RS17935	MFS transporter	NZ_AP014649.1	3781149	3779830	3519	0.0002666666666666667	0	0	0
IOMTU433_RS17940	trimeric intracellular cation channel family protein	NZ_AP014649.1	3781876	3781232	3520	0.0002666666666666667	0	0	0
IOMTU433_RS17945	YchJ family protein	NZ_AP014649.1	3782389	3781922	3521	0.0002666666666666667	0	0.5	0
IOMTU433_RS17950	TerC family protein	NZ_AP014649.1	3784053	3782461	3522	0.0002666666666666667	0	0	0
IOMTU433_RS17955	TIGR00730 family Rossman fold protein	NZ_AP014649.1	3784380	3785003	3523	0.0002666666666666667	0	0	0
IOMTU433_RS17960	multidrug transporter subunit MdtD	NZ_AP014649.1	3785212	3786603	3524	0.0002666666666666667	0	0	0
IOMTU433_RS17965	glycoside hydrolase family 25 protein	NZ_AP014649.1	3786681	3787439	3525	0.0002666666666666667	0	0	0
IOMTU433_RS17970	DNA polymerase IV	NZ_AP014649.1	3787441	3788496	3526	0.0002666666666666667	0	0	0
IOMTU433_RS17975	RidA family protein	NZ_AP014649.1	3788817	3789170	3527	0.0003333333333333333	0	0	0
IOMTU433_RS17980	DUF2726 domain-containing protein	NZ_AP014649.1	3789816	3789316	3528	0.00046666666666666666	0	0	0
IOMTU433_RS17985	YgiQ family radical SAM protein	NZ_AP014649.1	3792508	3790130	3529	0.00046666666666666666	0	0.5	0
IOMTU433_RS17990	esterase-like activity of phytase family protein	NZ_AP014649.1	3793982	3792723	3530	0.00046666666666666666	0	0	0
IOMTU433_RS17995	helix-turn-helix domain-containing protein	NZ_AP014649.1	3794534	3794130	3531	0.00046666666666666666	0	1	0
IOMTU433_RS18000	DUF2938 domain-containing protein	NZ_AP014649.1	3794616	3795101	3532	0.0006000000000000001	0	0	0
IOMTU433_RS18005	flavodoxin family protein	NZ_AP014649.1	3795118	3795684	3533	0.0006000000000000001	0	0	0
IOMTU433_RS18010	transglycosylase SLT domain-containing protein	NZ_AP014649.1	3795990	3796598	3534	0.0006000000000000001	0	0	0
IOMTU433_RS18015	cysteine synthase A	NZ_AP014649.1	3797652	3796654	3535	0.0006000000000000001	0	0	0
IOMTU433_RS18020	GNAT family N-acetyltransferase	NZ_AP014649.1	3798401	3797859	3536	0.0006000000000000001	0	0	0
IOMTU433_RS18050	TetR family transcriptional regulator	NZ_AP014649.1	3805003	3804407	3537	0.0006000000000000001	0	0	0
IOMTU433_RS18055	DUF2236 domain-containing protein	NZ_AP014649.1	3805092	3806306	3538	0.0011333333333333334	0	0	0
IOMTU433_RS18060	hypothetical protein	NZ_AP014649.1	3806582	3806376	3539	0.0011333333333333334	0	0.5	0
IOMTU433_RS18065	TonB-dependent copper receptor	NZ_AP014649.1	3808750	3806636	3540	0.0011333333333333334	0	0	0
IOMTU433_RS18070	DUF2946 family protein	NZ_AP014649.1	3809250	3808822	3541	0.0011333333333333334	0	0	0
IOMTU433_RS18075	peptide deformylase	NZ_AP014649.1	3809817	3809287	3542	0.0013333333333333333	0	0	0
IOMTU433_RS18080	LysM peptidoglycan-binding domain-containing protein	NZ_AP014649.1	3809940	3811094	3543	0.0014	0	0	0
IOMTU433_RS18085	DNA-processing protein DprA	NZ_AP014649.1	3811115	3812245	3544	0.0014	0	0	0
IOMTU433_RS18090	threonylcarbamoyl-AMP synthase	NZ_AP014649.1	3812296	3812865	3545	0.0018666666666666666	0	0	0
IOMTU433_RS18095	DMT family transporter	NZ_AP014649.1	3814177	3813257	3546	0.002266666666666667	0	0	0
IOMTU433_RS18100	TetR/AcrR family transcriptional regulator	NZ_AP014649.1	3814933	3814283	3547	0.0024000000000000002	0	0	0
IOMTU433_RS18105	MFS transporter	NZ_AP014649.1	3815070	3816284	3548	0.0026000000000000003	0	0	0
IOMTU433_RS18110	helix-turn-helix domain-containing protein	NZ_AP014649.1	3816306	3817070	3549	0.002800000000000001	0	1	0
IOMTU433_RS18115	glutathione peroxidase	NZ_AP014649.1	3817193	3817738	3550	0.0028666666666666675	0	0	0
IOMTU433_RS18120	hypothetical protein	NZ_AP014649.1	3817884	3818483	3551	0.0031333333333333343	0	0.5	0
IOMTU433_RS18125	F0F1 ATP synthase subunit epsilon	NZ_AP014649.1	3818963	3818544	3552	0.0034666666666666674	0	0	0
IOMTU433_RS18130	F0F1 ATP synthase subunit beta	NZ_AP014649.1	3820375	3818981	3553	0.0034666666666666674	0	0	0
IOMTU433_RS18135	F0F1 ATP synthase subunit gamma	NZ_AP014649.1	3821275	3820406	3554	0.0037333333333333337	0	0	0
IOMTU433_RS18140	F0F1 ATP synthase subunit alpha	NZ_AP014649.1	3822897	3821353	3555	0.004333333333333333	0	0	0
IOMTU433_RS18145	F0F1 ATP synthase subunit delta	NZ_AP014649.1	3823480	3822944	3556	0.004333333333333333	0	0	0
IOMTU433_RS18150	F0F1 ATP synthase subunit B	NZ_AP014649.1	3823963	3823493	3557	0.004533333333333334	0	0	0
IOMTU433_RS18155	F0F1 ATP synthase subunit C	NZ_AP014649.1	3824247	3824002	3558	0.004733333333333334	0	0	0
IOMTU433_RS18160	F0F1 ATP synthase subunit A	NZ_AP014649.1	3825207	3824332	3559	0.004666666666666667	0	0	0
IOMTU433_RS18165	ATP synthase subunit I	NZ_AP014649.1	3825710	3825312	3560	0.004666666666666667	0	0	0
IOMTU433_RS18170	metal ABC transporter substrate-binding protein	NZ_AP014649.1	3826719	3825880	3561	0.004666666666666667	0	0	0
IOMTU433_RS18175	transcriptional repressor	NZ_AP014649.1	3826847	3827344	3562	0.0048000000000000004	0	0	0
IOMTU433_RS18180	zinc ABC transporter ATP-binding protein ZnuC	NZ_AP014649.1	3827317	3828105	3563	0.0048000000000000004	0	0	0
IOMTU433_RS18185	zinc ABC transporter permease subunit ZnuB	NZ_AP014649.1	3828109	3828918	3564	0.0048000000000000004	0	0	0
IOMTU433_RS18190	LysE family transporter	NZ_AP014649.1	3829546	3828920	3565	0.005000000000000001	0	0	0
IOMTU433_RS18195	Dyp-type peroxidase	NZ_AP014649.1	3829704	3830624	3566	0.005066666666666667	0	0	0
IOMTU433_RS18200	NAD-dependent malic enzyme	NZ_AP014649.1	3832366	3830669	3567	0.005400000000000001	0	0	0
IOMTU433_RS18205	arginine--tRNA ligase	NZ_AP014649.1	3832862	3834652	3568	0.005066666666666666	0	0	0
IOMTU433_RS18210	SPOR domain-containing protein	NZ_AP014649.1	3834806	3835432	3569	0.0052	0	0	0
IOMTU433_RS18215	glutathione S-transferase	NZ_AP014649.1	3836144	3835476	3570	0.0052	0	0	0
IOMTU433_RS18220	OsmC family protein	NZ_AP014649.1	3836664	3836257	3571	0.0052	0	0	0
IOMTU433_RS18225	pirin family protein	NZ_AP014649.1	3837608	3836661	3572	0.005000000000000001	0	0	0
IOMTU433_RS18230	DUF3861 domain-containing protein	NZ_AP014649.1	3838070	3837765	3573	0.004933333333333334	0	0	0
IOMTU433_RS18235	PadR family transcriptional regulator	NZ_AP014649.1	3838658	3838131	3574	0.006000000000000001	0	0	0
IOMTU433_RS18240	ANT(3'')-II family aminoglycoside nucleotidyltransferase	NZ_AP014649.1	3839669	3838881	3575	0.0057333333333333325	0	0	0
IOMTU433_RS18245	glutamine-hydrolyzing GMP synthase	NZ_AP014649.1	3841303	3839735	3576	0.005333333333333334	0	0	0
IOMTU433_RS18250	DUF445 family protein	NZ_AP014649.1	3841691	3842908	3577	0.005066666666666667	0	0	0
IOMTU433_RS18255	DoxX family protein	NZ_AP014649.1	3843405	3842968	3578	0.004866666666666668	0	0	0
IOMTU433_RS18260	DedA family protein	NZ_AP014649.1	3843599	3844240	3579	0.004666666666666667	0	0	0
IOMTU433_RS18265	LysE family transporter	NZ_AP014649.1	3844838	3844248	3580	0.004600000000000001	0	0	0
IOMTU433_RS18270	hypothetical protein	NZ_AP014649.1	3845440	3845054	3581	0.004666666666666667	0	0.5	0
IOMTU433_RS18275	ParA family protein	NZ_AP014649.1	3846293	3845451	3582	0.004333333333333334	0	0	0
IOMTU433_RS18280	SirB2 family protein	NZ_AP014649.1	3846762	3846370	3583	0.004333333333333334	0	0	0
IOMTU433_RS18285	BolA family transcriptional regulator	NZ_AP014649.1	3847082	3846774	3584	0.004066666666666667	0	0	0
IOMTU433_RS18300	4'-phosphopantetheinyl transferase superfamily protein	NZ_AP014649.1	3848368	3847604	3585	0.003466666666666667	0	0	0
IOMTU433_RS18305	alpha/beta fold hydrolase	NZ_AP014649.1	3850226	3848361	3586	0.003466666666666667	0	0	0
IOMTU433_RS18310	hypothetical protein	NZ_AP014649.1	3851554	3850280	3587	0.0032	0	0.5	0
IOMTU433_RS18315	outer membrane lipoprotein-sorting protein	NZ_AP014649.1	3855201	3851551	3588	0.002866666666666667	0	0	0
IOMTU433_RS18320	non-ribosomal peptide synthetase	NZ_AP014649.1	3859185	3855226	3589	0.0028	0	0	0
IOMTU433_RS18325	acyl carrier protein	NZ_AP014649.1	3859442	3859182	3590	0.0028	0	0	0
IOMTU433_RS18330	acyl-CoA dehydrogenase	NZ_AP014649.1	3861214	3859439	3591	0.0028	0	0	0
IOMTU433_RS18335	fatty acyl-AMP ligase	NZ_AP014649.1	3863154	3861265	3592	0.002533333333333333	0	0	0
IOMTU433_RS18340	LuxR family transcriptional regulator AbaR	NZ_AP014649.1	3864485	3863769	3593	0.002533333333333333	0	0	0
IOMTU433_RS18345	DUF4902 domain-containing protein	NZ_AP014649.1	3865245	3865661	3594	0.0026	0	0	0
IOMTU433_RS18350	acyl-homoserine-lactone synthase AbaI	NZ_AP014649.1	3865725	3866291	3595	0.0024000000000000002	0	0	0
IOMTU433_RS18355	MHS family MFS transporter	NZ_AP014649.1	3867736	3866384	3596	0.0023333333333333335	0	0	0
IOMTU433_RS18360	enoyl-CoA hydratase/isomerase family protein	NZ_AP014649.1	3868881	3867856	3597	0.002	0	0	0
IOMTU433_RS18365	enoyl-CoA hydratase	NZ_AP014649.1	3869667	3868894	3598	0.0018000000000000002	0	0	0
IOMTU433_RS18370	acyl-CoA dehydrogenase family protein	NZ_AP014649.1	3870816	3869689	3599	0.0016666666666666668	0	0	0
IOMTU433_RS18375	AMP-binding protein	NZ_AP014649.1	3872477	3870828	3600	0.0016666666666666668	0	0	0
IOMTU433_RS18380	3-hydroxyisobutyrate dehydrogenase	NZ_AP014649.1	3873449	3872559	3601	0.0017333333333333335	0	0	0
IOMTU433_RS18385	CoA-acylating methylmalonate-semialdehyde dehydrogenase	NZ_AP014649.1	3874978	3873461	3602	0.0017333333333333335	0	0	0
IOMTU433_RS18390	LysR family transcriptional regulator	NZ_AP014649.1	3875144	3876025	3603	0.0017333333333333335	0	0	0
IOMTU433_RS18395	amino acid permease	NZ_AP014649.1	3877513	3876083	3604	0.0006666666666666668	0	0	0
IOMTU433_RS18400	amino acid permease	NZ_AP014649.1	3879323	3877884	3605	0.00046666666666666666	0	0	0
IOMTU433_RS18405	RidA family protein	NZ_AP014649.1	3879845	3879486	3606	0.00046666666666666666	0	0	0
IOMTU433_RS18410	alanine racemase	NZ_AP014649.1	3880959	3879856	3607	0.00046666666666666666	0	0	0
IOMTU433_RS18415	D-amino acid dehydrogenase	NZ_AP014649.1	3882245	3880980	3608	0.00046666666666666666	0	0	0
IOMTU433_RS18420	Lrp/AsnC ligand binding domain-containing protein	NZ_AP014649.1	3882382	3882849	3609	0.00046666666666666666	0	0	0
IOMTU433_RS18425	DUF1624 domain-containing protein	NZ_AP014649.1	3884035	3882890	3610	0.0005333333333333334	0	0	0
IOMTU433_RS18430	TonB-dependent siderophore receptor	NZ_AP014649.1	3884237	3886201	3611	0.0002666666666666667	0	0	0
IOMTU433_RS18435	nuclear transport factor 2 family protein	NZ_AP014649.1	3886626	3886246	3612	0.0002666666666666667	0	0	0
IOMTU433_RS18440	ribonuclease E inhibitor RraB	NZ_AP014649.1	3887029	3886655	3613	0.0002666666666666667	0	0	0
IOMTU433_RS18445	RluA family pseudouridine synthase	NZ_AP014649.1	3887805	3887140	3614	0.0002666666666666667	0	0	0
IOMTU433_RS18450	DUF1003 domain-containing protein	NZ_AP014649.1	3888618	3887917	3615	0.0002666666666666667	0	0	0
IOMTU433_RS18455	SDR family NAD(P)-dependent oxidoreductase	NZ_AP014649.1	3889421	3890122	3616	0.0002666666666666667	0	0	0
IOMTU433_RS18460	DUF4844 domain-containing protein	NZ_AP014649.1	3890847	3890374	3617	0.0003333333333333333	0	0	0
IOMTU433_RS18470	hypothetical protein	NZ_AP014649.1	3891523	3891807	3618	0.0003333333333333333	0	0.5	0
IOMTU433_RS18475	GNAT family N-acetyltransferase	NZ_AP014649.1	3892680	3892171	3619	0.0003333333333333333	0	0	0
IOMTU433_RS18480	DUF4126 domain-containing protein	NZ_AP014649.1	3893656	3893081	3620	0.00046666666666666666	0	0	0
IOMTU433_RS20910	zinc ribbon-containing protein	NZ_AP014649.1	3893914	3893780	3621	0.00046666666666666666	0	0	0
IOMTU433_RS18485	hypothetical protein	NZ_AP014649.1	3894512	3894246	3622	0.00046666666666666666	0	0.5	0
IOMTU433_RS18490	Fe/S-dependent 2-methylisocitrate dehydratase AcnD	NZ_AP014649.1	3897278	3894672	3623	0.00046666666666666666	0	0	0
IOMTU433_RS18495	2-methylcitrate synthase	NZ_AP014649.1	3898435	3897278	3624	0.0004	0	0	0
IOMTU433_RS18500	methylisocitrate lyase	NZ_AP014649.1	3899580	3898696	3625	0.0004	0	0	0
IOMTU433_RS18505	GntR family transcriptional regulator	NZ_AP014649.1	3900283	3899573	3626	0.0004	0	0	0
IOMTU433_RS20685	hypothetical protein	NZ_AP014649.1	3900329	3900463	3627	0.0004	0	0.5	0
IOMTU433_RS18510	aspartate/tyrosine/aromatic aminotransferase	NZ_AP014649.1	3900799	3902013	3628	0.0004	0	0	0
IOMTU433_RS18515	D-lactate dehydrogenase	NZ_AP014649.1	3903767	3902061	3629	0.0004	0	0	0
IOMTU433_RS18520	FMN-dependent L-lactate dehydrogenase LldD	NZ_AP014649.1	3905244	3904093	3630	0.0004	0	0	0
IOMTU433_RS18525	transcriptional regulator LldR	NZ_AP014649.1	3905993	3905241	3631	0.0003333333333333333	0	0	0
IOMTU433_RS18530	L-lactate permease	NZ_AP014649.1	3907680	3906013	3632	0.0003333333333333333	0	0	0
IOMTU433_RS18535	phosphomannomutase/phosphoglucomutase	NZ_AP014649.1	3908047	3909417	3633	0.0007333333333333333	0	0	0
IOMTU433_RS18540	LTA synthase family protein	NZ_AP014649.1	3911109	3909445	3634	0.001333333333333333	0	0	0
IOMTU433_RS18545	UDP-glucose 4-epimerase GalE	NZ_AP014649.1	3912444	3911425	3635	0.001733333333333333	0	0	0
IOMTU433_RS18550	glucose-6-phosphate isomerase	NZ_AP014649.1	3914107	3912437	3636	0.0018666666666666664	0	0	0
IOMTU433_RS18555	UDP-glucose/GDP-mannose dehydrogenase family protein	NZ_AP014649.1	3915366	3914104	3637	0.0018666666666666664	0	0	0
IOMTU433_RS18560	UTP--glucose-1-phosphate uridylyltransferase GalU	NZ_AP014649.1	3916357	3915482	3638	0.0024	0	0	0
IOMTU433_RS18565	sugar transferase	NZ_AP014649.1	3917002	3916382	3639	0.0024	0	0	0
IOMTU433_RS18570	glycosyltransferase	NZ_AP014649.1	3917842	3917015	3640	0.002466666666666667	0	0	0
IOMTU433_RS18575	glycosyltransferase family 4 protein	NZ_AP014649.1	3918883	3917849	3641	0.0024000000000000002	0	0	0
IOMTU433_RS18580	EpsG family protein	NZ_AP014649.1	3919927	3918887	3642	0.0025333333333333336	0	0	0
IOMTU433_RS18585	glycosyltransferase	NZ_AP014649.1	3921101	3920010	3643	0.0027333333333333337	0	0	0
IOMTU433_RS18590	glycosyltransferase family 4 protein	NZ_AP014649.1	3922356	3921193	3644	0.0028666666666666675	0	0	0
IOMTU433_RS18595	acyltransferase	NZ_AP014649.1	3923099	3922533	3645	0.0029333333333333342	0	0	0
IOMTU433_RS18600	oligosaccharide flippase family protein	NZ_AP014649.1	3924448	3923096	3646	0.0029333333333333342	0	0	0
IOMTU433_RS18605	DegT/DnrJ/EryC1/StrS family aminotransferase	NZ_AP014649.1	3925562	3924483	3647	0.0034000000000000007	0	0	0
IOMTU433_RS18610	UDP-2-acetamido-3-amino-2, 3-dideoxy-D-glucuronate N-acetyltransferase	NZ_AP014649.1	3926142	3925564	3648	0.0034000000000000007	0	0	0
IOMTU433_RS18615	Gfo/Idh/MocA family oxidoreductase	NZ_AP014649.1	3927089	3926139	3649	0.0034000000000000007	0	0	0
IOMTU433_RS18620	Vi polysaccharide biosynthesis UDP-N-acetylglucosamine C-6 dehydrogenase TviB	NZ_AP014649.1	3928415	3927120	3650	0.0032666666666666673	0	0	0
IOMTU433_RS18625	outer membrane protein	NZ_AP014649.1	3928776	3929876	3651	0.003333333333333334	0	0	0
IOMTU433_RS18630	low molecular weight phosphotyrosine protein phosphatase	NZ_AP014649.1	3929881	3930309	3652	0.003333333333333334	0	0	0
IOMTU433_RS18635	polysaccharide biosynthesis tyrosine autokinase	NZ_AP014649.1	3930329	3932515	3653	0.003333333333333334	0	0	0
IOMTU433_RS18640	FKBP-type peptidyl-prolyl cis-trans isomerase	NZ_AP014649.1	3932707	3933429	3654	0.0034000000000000007	0	0	0
IOMTU433_RS18645	FKBP-type peptidyl-prolyl cis-trans isomerase	NZ_AP014649.1	3933479	3934174	3655	0.0034666666666666674	0	0	0
IOMTU433_RS18650	murein biosynthesis integral membrane protein MurJ	NZ_AP014649.1	3935771	3934221	3656	0.0036000000000000008	0	0	0
IOMTU433_RS18655	1,6-anhydro-N-acetylmuramyl-L-alanine amidase AmpD	NZ_AP014649.1	3936413	3935844	3657	0.0036666666666666675	0	0	0
IOMTU433_RS18660	carboxylating nicotinate-nucleotide diphosphorylase	NZ_AP014649.1	3936584	3937429	3658	0.0036666666666666675	0	0	0
IOMTU433_RS20690	hypothetical protein	NZ_AP014649.1	3937593	3937426	3659	0.0036666666666666675	0	0.5	0
IOMTU433_RS18670	phospholipase C, phosphocholine-specific	NZ_AP014649.1	3940183	3938015	3660	0.0036666666666666675	0	0	0
IOMTU433_RS20720	hypothetical protein	NZ_AP014649.1	3940224	3940361	3661	0.003933333333333334	0	0.5	0
IOMTU433_RS18675	ribonuclease PH	NZ_AP014649.1	3941189	3940473	3662	0.004066666666666667	0	0	0
IOMTU433_RS18680	acyl-CoA desaturase	NZ_AP014649.1	3942490	3941348	3663	0.0037333333333333346	0	0	0
IOMTU433_RS18685	ferredoxin reductase	NZ_AP014649.1	3943546	3942521	3664	0.003933333333333334	0	0	0
IOMTU433_RS18690	TetR family transcriptional regulator	NZ_AP014649.1	3943720	3944358	3665	0.003666666666666667	0	0	0
IOMTU433_RS18695	TetR/AcrR family transcriptional regulator	NZ_AP014649.1	3944495	3945142	3666	0.0037333333333333337	0	0	0
IOMTU433_RS18700	thiol:disulfide interchange protein DsbA/DsbL	NZ_AP014649.1	3945838	3945221	3667	0.0037333333333333337	0	0	0
IOMTU433_RS18705	bifunctional 3-demethylubiquinone 3-O-methyltransferase/2-octaprenyl-6-hydroxy phenol methylase	NZ_AP014649.1	3946018	3946731	3668	0.003200000000000001	0	0	0
IOMTU433_RS18710	HAD-IA family hydrolase	NZ_AP014649.1	3946728	3947429	3669	0.0032666666666666677	0	0	0
IOMTU433_RS18715	YciK family oxidoreductase	NZ_AP014649.1	3947495	3948241	3670	0.0032666666666666677	0	0.5	0
IOMTU433_RS18720	RcnB family protein	NZ_AP014649.1	3948459	3948869	3671	0.0032666666666666677	0	0	0
IOMTU433_RS18725	RcnB family protein	NZ_AP014649.1	3949092	3949412	3672	0.0031333333333333343	0	0	0
IOMTU433_RS18730	amino-acid N-acetyltransferase	NZ_AP014649.1	3949533	3950888	3673	0.0029333333333333342	0	0	0
IOMTU433_RS18735	sulfonate ABC transporter substrate-binding protein	NZ_AP014649.1	3951222	3952190	3674	0.002800000000000001	0	0	0
IOMTU433_RS18740	sulfonate ABC transporter substrate-binding protein	NZ_AP014649.1	3952262	3953245	3675	0.0027333333333333337	0	0	0
IOMTU433_RS18745	FMNH2-dependent alkanesulfonate monooxygenase	NZ_AP014649.1	3953272	3954447	3676	0.0027333333333333337	0	0	0
IOMTU433_RS18750	aliphatic sulfonate ABC transporter permease SsuC	NZ_AP014649.1	3954444	3955241	3677	0.0022	0	0	0
IOMTU433_RS18755	ATP-binding cassette domain-containing protein	NZ_AP014649.1	3955255	3956055	3678	0.0022	0	0	0
IOMTU433_RS18760	TetR/AcrR family transcriptional regulator	NZ_AP014649.1	3956316	3956936	3679	0.0022	0	0	0
IOMTU433_RS18765	5'-nucleosidase	NZ_AP014649.1	3957538	3956972	3680	0.0022	0	0	0
IOMTU433_RS18770	TDT family transporter	NZ_AP014649.1	3958752	3957619	3681	0.0021333333333333334	0	0	0
IOMTU433_RS18775	bifunctional riboflavin kinase/FAD synthetase	NZ_AP014649.1	3958961	3959962	3682	0.0021333333333333334	0	0	0
IOMTU433_RS18780	isoleucine--tRNA ligase	NZ_AP014649.1	3960024	3962861	3683	0.0021333333333333334	0	0	0
IOMTU433_RS18785	signal peptidase II	NZ_AP014649.1	3962854	3963384	3684	0.0021333333333333334	0	0	0
IOMTU433_RS18790	peptidylprolyl isomerase	NZ_AP014649.1	3963386	3963868	3685	0.0020666666666666667	0	0	0
IOMTU433_RS18795	NAD(P)H-dependent oxidoreductase	NZ_AP014649.1	3964003	3964545	3686	0.0019333333333333331	0	0	0
IOMTU433_RS18800	ankyrin repeat domain-containing protein	NZ_AP014649.1	3964917	3964591	3687	0.0018666666666666664	0	0	0
IOMTU433_RS18830	peptidyl-prolyl cis-trans isomerase	NZ_AP014649.1	3971345	3970788	3688	0.0019333333333333331	0	0	0
IOMTU433_RS18835	alpha/beta hydrolase	NZ_AP014649.1	3972559	3971489	3689	0.002	0	0	0
IOMTU433_RS18840	hypothetical protein	NZ_AP014649.1	3972770	3973096	3690	0.0022	0	0.5	0
IOMTU433_RS18845	hypothetical protein	NZ_AP014649.1	3973500	3973270	3691	0.003266666666666667	0	0.5	0
IOMTU433_RS18850	MBL fold metallo-hydrolase	NZ_AP014649.1	3974758	3973892	3692	0.0038000000000000004	0	0	0
IOMTU433_RS18855	LysR family transcriptional regulator	NZ_AP014649.1	3974866	3975794	3693	0.0044666666666666665	0	0	0
IOMTU433_RS18860	nucleotide exchange factor GrpE	NZ_AP014649.1	3975923	3976477	3694	0.003666666666666667	0	0	0
IOMTU433_RS18865	molecular chaperone DnaK	NZ_AP014649.1	3976631	3978571	3695	0.0035333333333333336	0	0	0
IOMTU433_RS18870	matrixin family metalloprotease	NZ_AP014649.1	3978902	3979819	3696	0.0036000000000000003	0	0	0
IOMTU433_RS18875	matrixin family metalloprotease	NZ_AP014649.1	3980006	3980911	3697	0.003933333333333334	0	0	0
IOMTU433_RS18880	hypothetical protein	NZ_AP014649.1	3981013	3981399	3698	0.004	0	0.5	0
IOMTU433_RS18885	lytic murein transglycosylase	NZ_AP014649.1	3982741	3981449	3699	0.003933333333333334	0	0	0
IOMTU433_RS18890	5-(carboxyamino)imidazole ribonucleotide synthase	NZ_AP014649.1	3984551	3983430	3700	0.0038666666666666667	0	0	0
IOMTU433_RS18895	5-(carboxyamino)imidazole ribonucleotide mutase	NZ_AP014649.1	3985073	3984561	3701	0.0042	0	0	0
IOMTU433_RS18905	DMT family protein	NZ_AP014649.1	3985619	3985257	3702	0.0044666666666666665	0	0	0
IOMTU433_RS18910	UDP-N-acetylmuramate:L-alanyl-gamma-D-glutamyl- meso-diaminopimelate ligase	NZ_AP014649.1	3985861	3987234	3703	0.0046206896551724145	0	0	0
IOMTU433_RS18915	low temperature requirement protein A	NZ_AP014649.1	3988555	3987305	3704	0.004785714285714286	0	0	0
IOMTU433_RS18920	undecaprenyl-diphosphatase	NZ_AP014649.1	3988691	3989287	3705	0.004962962962962963	0	0	0
IOMTU433_RS18925	TerC family protein	NZ_AP014649.1	3989606	3990562	3706	0.005153846153846154	0	0	0
IOMTU433_RS18930	hypothetical protein	NZ_AP014649.1	3990751	3991116	3707	0.00536	0	0.5	0
IOMTU433_RS18935	glutathionylspermidine synthase family protein	NZ_AP014649.1	3991138	3992298	3708	0.005583333333333333	0	0	0
IOMTU433_RS18940	aromatic ring-hydroxylating dioxygenase subunit alpha	NZ_AP014649.1	3992588	3993643	3709	0.00582608695652174	0	0	0
IOMTU433_RS18945	guanine deaminase	NZ_AP014649.1	3993700	3995025	3710	0.006090909090909091	0	0	0
IOMTU433_RS18955	hypoxanthine phosphoribosyltransferase	NZ_AP014649.1	3995240	3995767	3711	0.006380952380952381	0	0	0
IOMTU433_RS18960	GlsB/YeaQ/YmgE family stress response membrane protein	NZ_AP014649.1	3995940	3996191	3712	0.0067	0	0	0
IOMTU433_RS18965	DsbC family protein	NZ_AP014649.1	3996942	3996244	3713	0.0070526315789473685	0	0	0
IOMTU433_RS18970	CDF family Co(II)/Ni(II) efflux transporter DmeF	NZ_AP014649.1	3998030	3997038	3714	0.007333333333333334	0	0	0
IOMTU433_RS18975	metal/formaldehyde-sensitive transcriptional repressor	NZ_AP014649.1	3998088	3998351	3715	0.007764705882352942	0	0	0
IOMTU433_RS18980	tRNA uridine-5-carboxymethylaminomethyl(34) synthesis GTPase MnmE	NZ_AP014649.1	3999752	3998397	3716	0.00825	0	0	0
IOMTU433_RS20000	Merged-or-split: membrane protein insertase YidC	NZ_AP014649.1	4000970	3999843	3717	0.0088	0	0	0
