identifier	function	contig	start	stop	position	rank	my_status	pp	Final_status	start of attL	end of attL	start of attR	end of attR	sequence of attL	sequence of attR	Reason for att site
C6W84_00010	hypothetical protein	CP027704.1	1187	795	0	0.0027500000000000003	0	0.5	0
C6W84_00015	Sulfurtransferase FdhD	CP027704.1	2098	1307	1	0.0025882352941176473	0	0	0
C6W84_00020	putative oxidoreductase	CP027704.1	4585	2177	2	0.002444444444444445	0	0	0
C6W84_0005	Glycerate 2-kinase	CP027704.1	4980	5879	3	0.0023157894736842107	0	0	0
C6W84_0010	Glycerate 2-kinase	CP027704.1	5837	6136	4	0.0023000000000000004	0	0	0
C6W84_00030	putative HTH-type transcriptional regulator YvdT	CP027704.1	6699	6133	5	0.0021904761904761906	0	0	0
C6W84_00035	Sulfoacetaldehyde reductase	CP027704.1	6822	7604	6	0.0021818181818181823	0	0	0
C6W84_00040	Putative NAD(P)H nitroreductase MhqN	CP027704.1	7642	8247	7	0.0020869565217391307	0	0	0
C6W84_00045	HTH-type transcriptional repressor Bm3R1	CP027704.1	8979	8362	8	0.0020000000000000005	0	0	0
C6W84_00050	hypothetical protein	CP027704.1	9087	9950	9	0.0019200000000000003	0	0.5	0
C6W84_00055	Biofilm operon icaADBC HTH-type negative transcriptional regulator IcaR	CP027704.1	10607	10029	10	0.0018461538461538465	0	0	0
C6W84_0015	hypothetical protein	CP027704.1	11293	11418	11	0.001777777777777778	0	0.5	0
C6W84_00065	hypothetical protein	CP027704.1	12686	11463	12	0.0017142857142857146	0	0.5	0
C6W84_00070	hypothetical protein	CP027704.1	14173	13241	13	0.0016551724137931036	0	0.5	0
C6W84_00075	Dimodular nonribosomal peptide synthase	CP027704.1	18410	14412	14	0.0016000000000000003	0	0	0
C6W84_00080	hypothetical protein	CP027704.1	19017	19547	15	0.0016000000000000003	0	0.5	0
C6W84_00090	Transcription elongation factor GreB	CP027704.1	20301	19807	16	0.0014	0	0	0
C6W84_00095	Membrane-bound lytic murein transglycosylase F	CP027704.1	20674	21786	17	0.0012000000000000001	0	0	0
C6W84_00100	hypothetical protein	CP027704.1	22261	21878	18	0.0008000000000000003	0	0.5	0
C6W84_00105	tRNA 2-thiocytidine biosynthesis protein TtcA	CP027704.1	23373	22468	19	0.0007333333333333336	0	0	0
C6W84_00115	Soluble lytic murein transglycosylase	CP027704.1	23877	24740	20	0.0006666666666666668	0	0	0
C6W84_00120	Protease HtpX	CP027704.1	24996	25901	21	0.0005333333333333334	0	0	0
C6W84_00125	hypothetical protein	CP027704.1	26526	25951	22	0.00046666666666666666	0	0.5	0
C6W84_00130	Multidrug resistance protein MexB	CP027704.1	29694	26599	23	0.0003333333333333333	0	0	0
C6W84_00135	Glycerophosphodiester phosphodiesterase, periplasmic	CP027704.1	29958	31100	24	0.0018666666666666666	0	0	0
C6W84_0020	hypothetical protein	CP027704.1	31460	31143	25	0.0020666666666666667	0	0.5	0
C6W84_0025	hypothetical protein	CP027704.1	31975	31556	26	0.002266666666666667	0	0.5	0
C6W84_00145	Diacylglycerol kinase	CP027704.1	32211	32585	27	0.0023333333333333335	0	0	0
C6W84_00150	60 kDa chaperonin	CP027704.1	34395	32761	28	0.0024000000000000002	0	0	0
C6W84_00155	10 kDa chaperonin	CP027704.1	34744	34454	29	0.0028	0	0	0
C6W84_00160	3',5'-cyclic adenosine monophosphate phosphodiesterase CpdA	CP027704.1	35686	34928	30	0.002866666666666667	0	0	0
C6W84_00165	Putative lipid kinase BmrU	CP027704.1	36605	35667	31	0.002933333333333334	0	0	0
C6W84_00170	Phosphoenolpyruvate carboxykinase [GTP]	CP027704.1	36997	38829	32	0.0030000000000000005	0	0	0
C6W84_0030	Aerobic glycerol-3-phosphate dehydrogenase	CP027704.1	39323	38871	33	0.0035333333333333336	0	0	0
C6W84_0035	Aerobic glycerol-3-phosphate dehydrogenase	CP027704.1	40387	39287	34	0.0035333333333333336	0	0	0
C6W84_0040	Glycerol kinase	CP027704.1	41468	40542	35	0.003666666666666667	0	0	0
C6W84_0045	Glycerol kinase	CP027704.1	42043	41414	36	0.0042	0	0	0
C6W84_0050	Alpha-ketoglutarate permease	CP027704.1	42430	43749	37	0.005866666666666667	0	0	0
C6W84_00190	hypothetical protein	CP027704.1	43866	44288	38	0.006	0	0.5	0
C6W84_00195	Ribosomal protein L11 methyltransferase	CP027704.1	44979	44311	39	0	0	0	0
C6W84_00200	Bifunctional protein FolD protein	CP027704.1	46063	45215	40	0.013933333333333332	0	0	0
C6W84_00215	hypothetical protein	CP027704.1	46750	46487	41	0.021133333333333334	0	0.5	0
C6W84_00220	Alkaline phosphatase D	CP027704.1	48249	46777	42	0.026933333333333333	0	0	0
C6W84_00230	hypothetical protein	CP027704.1	48607	48951	43	0.036533333333333334	0	0.5	0
C6W84_00235	hypothetical protein	CP027704.1	50219	48996	44	0.0416	0	0.5	0
C6W84_0055	hypothetical protein	CP027704.1	50607	50263	45	0.04653333333333333	0	0.5	0
C6W84_0060	Dihydropteroate synthase	CP027704.1	51347	50742	46	0.04766666666666666	0	0	0
C6W84_0065	Dihydropteroate synthase	CP027704.1	51592	51356	47	0.0482	0	0	0
C6W84_00250	ATP-dependent zinc metalloprotease FtsH	CP027704.1	53619	51724	48	0.048466666666666665	0	0	0
C6W84_0070	Ribosomal RNA large subunit methyltransferase E	CP027704.1	53966	53754	49	0.0486	0	0	0
C6W84_0075	Ribosomal RNA large subunit methyltransferase E	CP027704.1	54403	53948	50	0.0504	0	0	0
C6W84_00260	RNA-binding protein	CP027704.1	54603	54926	51	0.05146666666666667	0	0	0
C6W84_00265	hypothetical protein	CP027704.1	54941	55477	52	0.05393333333333334	0	0.5	0
C6W84_00270	hypothetical protein	CP027704.1	56123	55536	53	0.055400000000000005	0	0.5	0
C6W84_00275	Carbamoyl-phosphate synthase small chain	CP027704.1	56436	57575	54	0.0546	0	0	0
C6W84_00280	Carbamoyl-phosphate synthase large chain	CP027704.1	57590	60820	55	0.0548	0	0	0
C6W84_00285	Transcription elongation factor GreA	CP027704.1	60908	61384	56	0.05693333333333334	0	0	0
C6W84_0080	Chloramphenicol acetyltransferase	CP027704.1	61462	61968	57	0.05813333333333334	0	0	0
C6W84_00295	hypothetical protein	CP027704.1	63091	62159	58	0.05906666666666668	0	0.5	0
C6W84_00305	TRAP-T-associated universal stress protein TeaD	CP027704.1	63263	63700	59	0.06033333333333334	0	0	0
C6W84_0085	DNA base-flipping protein	CP027704.1	64095	63754	60	0.06173333333333334	0	0	0
C6W84_00315	hypothetical protein	CP027704.1	64165	64881	61	0.06300000000000001	0	0.5	0
C6W84_0090	Capsule biosynthesis protein CapA	CP027704.1	65609	64878	62	0.06346666666666669	0	0	0
C6W84_0095	hypothetical protein	CP027704.1	66190	65645	63	0.06340000000000001	0	0.5	0
C6W84_0100	hypothetical protein	CP027704.1	66600	66184	64	0.06426666666666668	0	0.5	0
C6W84_0105	hypothetical protein	CP027704.1	67376	66597	65	0.06926666666666667	0	0.5	0
C6W84_0110	hypothetical protein	CP027704.1	68250	67474	66	0.0714	0	0.5	0
C6W84_00330	hypothetical protein	CP027704.1	77657	68400	67	0.07073333333333333	0	0.5	0
C6W84_00335	hypothetical protein	CP027704.1	77968	77654	68	0.07073333333333333	0	0.5	0
C6W84_00340	hypothetical protein	CP027704.1	78903	77965	69	0.07006666666666667	0	0.5	0
C6W84_00345	hypothetical protein	CP027704.1	79214	78900	70	0.06320000000000002	0	0.5	0
C6W84_0115	hypothetical protein	CP027704.1	80203	79211	71	0.056000000000000015	0	0.5	0
C6W84_00355	Na(+)/H(+) antiporter NhaP	CP027704.1	82163	80661	72	0.050200000000000015	0	0	0
C6W84_0120	hypothetical protein	CP027704.1	83298	82447	73	0.040600000000000004	0	0.5	0
C6W84_00365	Inner membrane protein YedI	CP027704.1	84251	83328	74	0.03553333333333334	0	0	0
C6W84_00370	Tryptophan--tRNA ligase 2	CP027704.1	84459	85472	75	0.03066666666666667	0	0	0
C6W84_00375	Succinate--CoA ligase [ADP-forming] subunit alpha	CP027704.1	86774	85884	76	0.02953333333333334	0	0	0
C6W84_00380	Succinate--CoA ligase [ADP-forming] subunit beta	CP027704.1	87955	86789	77	0.0292	0	0	0
C6W84_00385	Dihydrolipoyl dehydrogenase	CP027704.1	89536	88103	78	0.029066666666666668	0	0	0
C6W84_00390	Dihydrolipoyllysine-residue succinyltransferase component of 2-oxoglutarate dehydrogenase complex	CP027704.1	90795	89599	79	0.029133333333333334	0	0	0
C6W84_00395	2-oxoglutarate dehydrogenase E1 component	CP027704.1	93635	90795	80	0.027733333333333332	0	0	0
C6W84_00410	Succinate dehydrogenase iron-sulfur subunit	CP027704.1	94916	94206	81	0.02666666666666667	0	0	0
C6W84_00415	Succinate dehydrogenase flavoprotein subunit	CP027704.1	96766	94931	82	0.025466666666666672	0	0	0
C6W84_00420	Succinate dehydrogenase hydrophobic membrane anchor subunit	CP027704.1	97144	96779	83	0.02406666666666667	0	0	0
C6W84_0125	Succinate dehydrogenase cytochrome b556 subunit	CP027704.1	97536	97144	84	0.023333333333333334	0	0	0
C6W84_00430	Citrate synthase	CP027704.1	98500	99774	85	0.02306666666666667	0	0	0
C6W84_00435	hypothetical protein	CP027704.1	100329	99844	86	0.020800000000000003	0	0.5	0
C6W84_0130	hypothetical protein	CP027704.1	100441	100962	87	0.01966666666666667	0	0.5	0
C6W84_0135	hypothetical protein	CP027704.1	101001	101372	88	0.01866666666666667	0	0.5	0
C6W84_00445	hypothetical protein	CP027704.1	102019	101495	89	0.017266666666666666	0	0.5	0
C6W84_00450	hypothetical protein	CP027704.1	102301	102095	90	0.0158	0	0.5	0
C6W84_00460	RNA polymerase sigma factor RpoD	CP027704.1	102659	104545	91	0.014466666666666666	0	0	0
C6W84_00465	hypothetical protein	CP027704.1	104643	104930	92	0.013933333333333336	0	0.5	0
C6W84_00470	Octanoyltransferase	CP027704.1	105114	105767	93	0.01346666666666667	0	0	0
C6W84_00475	hypothetical protein	CP027704.1	105848	106381	94	0.012533333333333336	0	0.5	0
C6W84_00480	1,3-propanediol dehydrogenase	CP027704.1	106383	107567	95	0.007400000000000002	0	0	0
C6W84_00485	Low-affinity putrescine importer PlaP	CP027704.1	107832	109217	96	0.0048000000000000004	0	0	0
C6W84_0140	p-benzoquinone reductase	CP027704.1	109673	109257	97	0.004066666666666667	0	0	0
C6W84_0145	hypothetical protein	CP027704.1	109817	109716	98	0.004066666666666667	0	0.5	0
C6W84_00495	putative HTH-type transcriptional regulator YybR	CP027704.1	109934	110314	99	0.0038000000000000017	0	0	0
C6W84_00500	tRNA (cytidine(34)-2'-O)-methyltransferase	CP027704.1	110837	110364	100	0.0038000000000000017	0	0	0
C6W84_0150	Siroheme synthase	CP027704.1	112286	111207	101	0.0038000000000000017	0	0	0
C6W84_00510	Serine--tRNA ligase	CP027704.1	113625	112354	102	0.0038000000000000017	0	0	0
C6W84_00515	hypothetical protein	CP027704.1	114532	113744	103	0.0038000000000000017	0	0.5	0
C6W84_00520	Outer-membrane lipoprotein carrier protein	CP027704.1	115355	114660	104	0.0038000000000000017	0	0	0
C6W84_00525	50S ribosomal protein L27	CP027704.1	115853	115596	105	0	0	0	0
C6W84_00530	50S ribosomal protein L21	CP027704.1	116183	115872	106	0	0	0	0
C6W84_00540	All-trans-nonaprenyl-diphosphate synthase (geranyl-diphosphate specific)	CP027704.1	116626	117603	107	0.0038666666666666684	0	0	0
C6W84_00545	hypothetical protein	CP027704.1	117618	119678	108	0.003933333333333335	0	0.5	0
C6W84_00550	hypothetical protein	CP027704.1	119862	120488	109	0.004266666666666668	0	0.5	0
C6W84_00555	Multidrug efflux pump subunit AcrA	CP027704.1	120513	121763	110	0.004333333333333334	0	0	0
C6W84_00560	Multidrug resistance protein MexB	CP027704.1	121776	124952	111	0.0045333333333333345	0	0	0
C6W84_0155	Antibiotic efflux pump outer membrane protein ArpC	CP027704.1	124952	125410	112	0.0037333333333333337	0	0	0
C6W84_0160	Solvent efflux pump outer membrane protein SrpC	CP027704.1	125686	126405	113	0.0036000000000000003	0	0	0
C6W84_00570	hypothetical protein	CP027704.1	126515	126865	114	0.0036000000000000003	0	0.5	0
C6W84_00575	hypothetical protein	CP027704.1	126873	127307	115	0.003466666666666667	0	0.5	0
C6W84_00580	hypothetical protein	CP027704.1	127738	127304	116	0.0034000000000000002	0	0.5	0
C6W84_00585	3-oxoacyl-[acyl-carrier-protein] reductase FabG	CP027704.1	128599	127793	117	0.0033333333333333335	0	0	0
C6W84_00590	hypothetical protein	CP027704.1	129302	128625	118	0.0034000000000000002	0	0.5	0
C6W84_00595	Valine--tRNA ligase	CP027704.1	129499	132378	119	0.0031333333333333335	0	0	0
C6W84_00600	tRNA (cmo5U34)-methyltransferase	CP027704.1	133022	132444	120	0.0031333333333333335	0	0	0
C6W84_0165	hypothetical protein	CP027704.1	133486	133160	121	0.004	0	0.5	0
C6W84_0170	hypothetical protein	CP027704.1	134175	133435	122	0.004	0	0.5	0
C6W84_00610	hypothetical protein	CP027704.1	135176	134271	123	0.004	0	0.5	0
C6W84_00615	HTH-type transcriptional activator CmpR	CP027704.1	135293	136177	124	0.004	0	0	0
C6W84_00625	Ammonia channel	CP027704.1	136604	137791	125	0.004	0	0	0
C6W84_0175	hypothetical protein	CP027704.1	138042	138641	126	0.0038666666666666667	0	0.5	0
C6W84_0180	Sensor protein QseC	CP027704.1	139982	138642	127	0.0036666666666666666	0	0	0
C6W84_0185	Transcriptional regulatory protein QseB	CP027704.1	140676	140002	128	0.003533333333333333	0	0	0
C6W84_0190	Phosphoethanolamine transferase EptA	CP027704.1	142292	140691	129	0.0034000000000000002	0	0	0
C6W84_00650	hypothetical protein	CP027704.1	143835	142528	130	0.003666666666666667	0	0.5	0
C6W84_0195	hypothetical protein	CP027704.1	144698	144381	131	0.0037333333333333337	0	0.5	0
C6W84_0200	hypothetical protein	CP027704.1	145143	144772	132	0.0041333333333333335	0	0.5	0
C6W84_0205	hypothetical protein	CP027704.1	145625	145128	133	0.0041333333333333335	0	0.5	0
C6W84_0210	hypothetical protein	CP027704.1	145753	145977	134	0.0041333333333333335	0	0.5	0
C6W84_0215	hypothetical protein	CP027704.1	145971	146378	135	0.004	0	0.5	0
C6W84_00665	putative NTE family protein	CP027704.1	146446	147363	136	0.0038666666666666667	0	0	0
C6W84_00670	hypothetical protein	CP027704.1	147469	147930	137	0.0038	0	0.5	0
C6W84_00675	Modulator of FtsH protease HflK	CP027704.1	147959	148813	138	0.0036	0	0	0
C6W84_00680	hypothetical protein	CP027704.1	149250	148882	139	0.0030000000000000005	0	0.5	0
C6W84_00685	Farnesyl diphosphate synthase	CP027704.1	150221	149310	140	0.002533333333333333	0	0	0
C6W84_00690	2-methyl-aconitate isomerase	CP027704.1	151568	150381	141	0.0023333333333333335	0	0	0
C6W84_00695	Aromatic amino acid transport protein AroP	CP027704.1	151947	153302	142	0.0018666666666666669	0	0	0
C6W84_00705	Molecular chaperone Hsp31 and glyoxalase 3	CP027704.1	154340	153465	143	0.0018666666666666669	0	0	0
C6W84_00710	Phthiocerol/phenolphthiocerol synthesis polyketide synthase type I PpsC	CP027704.1	155541	154543	144	0.0018666666666666669	0	0	0
C6W84_00715	Virulence regulon transcriptional activator VirF	CP027704.1	156481	155588	145	0.0018666666666666669	0	0	0
C6W84_00720	Undecaprenyl-diphosphatase	CP027704.1	157458	156640	146	0.0018666666666666669	0	0	0
C6W84_0220	hypothetical protein	CP027704.1	157814	158221	147	0.0018000000000000002	0	0.5	0
C6W84_00730	hypothetical protein	CP027704.1	158718	159695	148	0.0016666666666666668	0	0.5	0
C6W84_00735	putative HTH-type transcriptional regulator	CP027704.1	160787	159753	149	0.0016666666666666668	0	0	0
C6W84_0225	Glutathione-regulated potassium-efflux system ancillary protein KefF	CP027704.1	160951	161379	150	0.0016666666666666668	0	0	0
C6W84_0230	hypothetical protein	CP027704.1	161367	161600	151	0.0008	0	0.5	0
C6W84_00745	hypothetical protein	CP027704.1	162244	163674	152	0.0008	0	0.5	0
C6W84_00750	Phosphoserine phosphatase ThrH	CP027704.1	164358	163741	153	0.0008666666666666667	0	0	0
C6W84_0235	Phosphoadenosine phosphosulfate reductase	CP027704.1	164543	165277	154	0.0009333333333333334	0	0	0
C6W84_00760	O-acyltransferase WSD	CP027704.1	165449	166834	155	0.0009333333333333334	0	0	0
C6W84_00765	hypothetical protein	CP027704.1	167037	166864	156	0.0009333333333333334	0	0.5	0
C6W84_00770	Ribonuclease G	CP027704.1	168631	167177	157	0.0008666666666666667	0	0	0
C6W84_00775	Maf-like protein YhdE	CP027704.1	169305	168745	158	0.0008666666666666667	0	0	0
C6W84_0240	hypothetical protein	CP027704.1	169738	169352	159	0.0008666666666666667	0	0.5	0
C6W84_00785	Cell shape-determining protein MreC	CP027704.1	170626	169769	160	0.0006000000000000001	0	0	0
C6W84_00790	Rod shape-determining protein MreB	CP027704.1	171683	170643	161	0.0005333333333333334	0	0	0
C6W84_00795	Glutamyl-tRNA(Gln) amidotransferase subunit C	CP027704.1	171817	172131	162	0.00013333333333333334	0	0	0
C6W84_00800	Glutamyl-tRNA(Gln) amidotransferase subunit A	CP027704.1	172185	173663	163	0.00013333333333333334	0	0	0
C6W84_00805	Aspartyl/glutamyl-tRNA(Asn/Gln) amidotransferase subunit B	CP027704.1	173663	175132	164	0.00013333333333333334	0	0	0
C6W84_0245	Putative cysteine protease YraA	CP027704.1	175303	175881	165	0.00013333333333333334	0	0	0
C6W84_00815	hypothetical protein	CP027704.1	176478	175960	166	0.00013333333333333334	0	0.5	0
C6W84_00820	hypothetical protein	CP027704.1	177629	176562	167	0.00013333333333333334	0	0.5	0
C6W84_00825	hypothetical protein	CP027704.1	177754	178503	168	0.00013333333333333334	0	0.5	0
C6W84_0250	Neutral endopeptidase	CP027704.1	179651	178545	169	0.00013333333333333334	0	0	0
C6W84_0255	Neutral endopeptidase	CP027704.1	180592	179771	170	0.00013333333333333334	0	0	0
C6W84_0260	Peptide antibiotic transporter SbmA	CP027704.1	181955	180861	171	0.00013333333333333334	0	0	0
C6W84_00840	L-threonine ammonia-lyase	CP027704.1	183525	182290	172	0.00013333333333333334	0	0	0
C6W84_0265	putative NTE family protein	CP027704.1	184658	183723	173	0.00013333333333333334	0	0	0
C6W84_00850	Amino-acid carrier protein AlsT	CP027704.1	186338	184863	174	0.00013333333333333334	0	0	0
C6W84_00860	hypothetical protein	CP027704.1	186964	186761	175	0.00013333333333333334	0	0.5	0
C6W84_00865	Nitroreductase NfnB	CP027704.1	187474	188178	176	0.00013333333333333334	0	0	0
C6W84_00870	Bicyclomycin resistance protein	CP027704.1	189420	188206	177	0.00013333333333333334	0	0	0
C6W84_00875	Inner membrane protein YccS	CP027704.1	189548	191722	178	0.0008666666666666666	0	0	0
C6W84_00880	hypothetical protein	CP027704.1	191823	192398	179	0.0012666666666666666	0	0.5	0
C6W84_00885	Sulfite reductase [NADPH] flavoprotein alpha-component	CP027704.1	192556	195102	180	0.0012666666666666666	0	0	0
C6W84_00890	hypothetical protein	CP027704.1	195229	196014	181	0.0012666666666666666	0	0.5	0
C6W84_00925	hypothetical protein	CP027704.1	197599	197096	182	0.002266666666666667	0	0.5	0
C6W84_00930	Inner membrane protein YbaN	CP027704.1	198118	197750	183	0.0029333333333333334	0	0	0
C6W84_00935	hypothetical protein	CP027704.1	198223	199077	184	0.0028666666666666662	0	0.5	0
C6W84_0270	hypothetical protein	CP027704.1	199233	199373	185	0.0034	0	0.5	0
C6W84_00945	Succinyl-diaminopimelate desuccinylase	CP027704.1	199499	200635	186	0.004599999999999999	0	0	0
C6W84_00950	hypothetical protein	CP027704.1	201134	200670	187	0.005666666666666666	0	0.5	0
C6W84_0275	Chemotaxis protein CheA	CP027704.1	203938	201131	188	0.007333333333333332	0	0	0
C6W84_0280	hypothetical protein	CP027704.1	205650	203911	189	0.0078	0	0.5	0
C6W84_00960	Methyl-accepting chemotaxis protein McpQ	CP027704.1	207874	205796	190	0.008066666666666666	0	0	0
C6W84_00965	Chemotaxis protein CheW	CP027704.1	208457	207921	191	0.009533333333333333	0	0	0
C6W84_00970	Response regulator PleD	CP027704.1	208880	208518	192	0.009533333333333333	0	0	0
C6W84_00975	Alkaline phosphatase synthesis transcriptional regulatory protein PhoP	CP027704.1	209287	208904	193	0.009533333333333333	0	0	0
C6W84_00980	hypothetical protein	CP027704.1	209567	210205	194	0.009533333333333333	0	0.5	0
C6W84_00985	Nickel and cobalt resistance protein CnrB	CP027704.1	210265	211383	195	0.009533333333333333	0	0	0
C6W84_0285	Multidrug resistance protein MdtB	CP027704.1	211399	211929	196	0.009666666666666665	0	0	0
C6W84_0290	Multidrug resistance protein MdtC	CP027704.1	211908	212162	197	0.009666666666666665	0	0	0
C6W84_0295	Multidrug resistance protein MdtC	CP027704.1	212324	214495	198	0.009666666666666665	0	0	0
C6W84_00995	Proline--tRNA ligase	CP027704.1	214554	216269	199	0.010066666666666666	0	0	0
C6W84_01000	hypothetical protein	CP027704.1	216665	216324	200	0.010199999999999999	0	0.5	0
C6W84_01005	hypothetical protein	CP027704.1	217221	216877	201	0.010333333333333333	0	0.5	0
C6W84_01010	hypothetical protein	CP027704.1	217667	217311	202	0.010333333333333333	0	0.5	0
C6W84_0300	hypothetical protein	CP027704.1	217975	217811	203	0.010333333333333333	0	0.5	0
C6W84_0305	hypothetical protein	CP027704.1	218258	218094	204	0.010333333333333333	0	0.5	0
C6W84_01020	tRNA-modifying protein YgfZ	CP027704.1	218475	219197	205	0.010333333333333333	0	0	0
C6W84_01025	putative thiol:disulfide interchange protein DsbC	CP027704.1	219343	220053	206	0.010333333333333333	0	0	0
C6W84_01030	Secretory immunoglobulin A-binding protein EsiB	CP027704.1	220236	221060	207	0.010333333333333333	0	0	0
C6W84_0310	hypothetical protein	CP027704.1	222017	221154	208	0.009600000000000001	0	0.5	0
C6W84_0315	NADPH dehydrogenase	CP027704.1	223191	222106	209	0.009200000000000002	0	0	0
C6W84_0320	hypothetical protein	CP027704.1	223659	223201	210	0.009200000000000002	0	0.5	0
C6W84_0325	Ferric aerobactin receptor	CP027704.1	225392	223680	211	0.009200000000000002	0	0	0
C6W84_01050	Putative 3-methyladenine DNA glycosylase	CP027704.1	226091	225525	212	0.008200000000000002	0	0	0
C6W84_01055	Formamidopyrimidine-DNA glycosylase	CP027704.1	226167	226991	213	0.0074666666666666675	0	0	0
C6W84_01060	Peptidyl-prolyl cis-trans isomerase C	CP027704.1	227011	227301	214	0.0074666666666666675	0	0	0
C6W84_01065	hypothetical protein	CP027704.1	227665	227312	215	0.006933333333333334	0	0.5	0
C6W84_01070	Large-conductance mechanosensitive channel	CP027704.1	228239	227808	216	0.005733333333333335	0	0	0
C6W84_01075	GTP-binding protein TypA/BipA	CP027704.1	230329	228494	217	0.004666666666666667	0	0	0
C6W84_01080	Xanthine permease XanP	CP027704.1	230508	231866	218	0.0030000000000000005	0	0	0
C6W84_01085	Ribosomal RNA small subunit methyltransferase C	CP027704.1	231929	232942	219	0.002533333333333333	0	0	0
C6W84_01090	Lysine-specific permease	CP027704.1	232964	234424	220	0.002266666666666667	0	0	0
C6W84_01095	RNA-splicing ligase RtcB	CP027704.1	234701	235906	221	0.0008	0	0	0
C6W84_0330	hypothetical protein	CP027704.1	235910	236068	222	0.0008	0	0.5	0
C6W84_0335	hypothetical protein	CP027704.1	236117	236239	223	0.0008	0	0.5	0
C6W84_01100	Outer membrane protein Omp38	CP027704.1	237242	236190	224	0.0008	0	0	0
C6W84_01105	hypothetical protein	CP027704.1	237624	238139	225	0.0008	0	0.5	0
C6W84_01110	Acetyl-CoA acetyltransferase	CP027704.1	238248	239423	226	0.0006666666666666666	0	0	0
C6W84_01115	hypothetical protein	CP027704.1	239550	240074	227	0.0006666666666666666	0	0.5	0
C6W84_01120	Multidrug transporter	CP027704.1	240389	240036	228	0.0006666666666666666	0	0	0
C6W84_01125	hypothetical protein	CP027704.1	240956	240471	229	0.0002666666666666667	0	0.5	0
C6W84_01130	Sulfite reductase [ferredoxin]	CP027704.1	242592	240949	230	0.00013333333333333334	0	0	0
C6W84_01135	Quinoprotein glucose dehydrogenase	CP027704.1	245164	242759	231	0.0	0	0	0
C6W84_0340	Porin B	CP027704.1	246591	245338	232	0.0	0	0	0
C6W84_0345	Formyl-CoA:oxalate CoA-transferase	CP027704.1	247129	246725	233	0.00013333333333333334	0	0	0
C6W84_0350	Acetyl-CoA:oxalate CoA-transferase	CP027704.1	247842	247126	234	0.00013333333333333334	0	0	0
C6W84_01150	putative HTH-type transcriptional regulator	CP027704.1	248053	249063	235	0.00013333333333333334	0	0	0
C6W84_01155	Putative acyltransferase	CP027704.1	249234	250439	236	0.00013333333333333334	0	0	0
C6W84_01160	Fatty acid oxidation complex subunit alpha	CP027704.1	250460	252595	237	0.00013333333333333334	0	0	0
C6W84_01165	hypothetical protein	CP027704.1	252676	253899	238	0.00013333333333333334	0	0.5	0
C6W84_01170	hypothetical protein	CP027704.1	254101	254355	239	0.00013333333333333334	0	0.5	0
C6W84_01175	hypothetical protein	CP027704.1	254371	255231	240	0.00013333333333333334	0	0.5	0
C6W84_01180	Acetyltransferase	CP027704.1	255680	255261	241	0.00013333333333333334	0	0	0
C6W84_0355	hypothetical protein	CP027704.1	256553	255693	242	0.00013333333333333334	0	0.5	0
C6W84_0360	hypothetical protein	CP027704.1	256930	256550	243	0.00013333333333333334	0	0.5	0
C6W84_0365	hypothetical protein	CP027704.1	257042	257671	244	0.00013333333333333334	0	0.5	0
C6W84_01195	Inner membrane metabolite transport protein YhjE	CP027704.1	257806	259116	245	0.00013333333333333334	0	0	0
C6W84_01200	hypothetical protein	CP027704.1	259623	259180	246	0.00013333333333333334	0	0.5	0
C6W84_01205	Protein translocase subunit SecA	CP027704.1	262477	259754	247	0.00013333333333333334	0	0	0
C6W84_0370	Alkyl hydroperoxide reductase subunit C	CP027704.1	262871	263524	248	0.00013333333333333334	0	0	0
C6W84_0375	putative metallo-hydrolase	CP027704.1	263739	264641	249	0.00013333333333333334	0	0	0
C6W84_0380	hypothetical protein	CP027704.1	264638	265216	250	0.00013333333333333334	0	0.5	0
C6W84_01225	Cell division protein DedD	CP027704.1	266306	265236	251	0.00013333333333333334	0	0	0
C6W84_01230	Dihydrofolate synthase/folylpolyglutamate synthase	CP027704.1	267583	266297	252	0.00013333333333333334	0	0	0
C6W84_01235	Acetyl-coenzyme A carboxylase carboxyl transferase subunit beta	CP027704.1	268476	267580	253	0.00013333333333333334	0	0	0
C6W84_01240	Tryptophan synthase alpha chain	CP027704.1	269276	268473	254	0.00013333333333333334	0	0	0
C6W84_01245	hypothetical protein	CP027704.1	270570	269521	255	0.00013333333333333334	0	0.5	0
C6W84_01250	hypothetical protein	CP027704.1	270691	271566	256	0.00013333333333333334	0	0.5	0
C6W84_01255	hypothetical protein	CP027704.1	272570	271575	257	0.00013333333333333334	0	0.5	0
C6W84_01260	hypothetical protein	CP027704.1	273120	272608	258	0.00013333333333333334	0	0.5	0
C6W84_01265	Tryptophan synthase beta chain	CP027704.1	274359	273130	259	0.00013333333333333334	0	0	0
C6W84_01270	N-(5'-phosphoribosyl)anthranilate isomerase	CP027704.1	275002	274343	260	0.00013333333333333334	0	0	0
C6W84_01275	Vitamin B12 transporter BtuB	CP027704.1	275371	277233	261	0.00013333333333333334	0	0	0
C6W84_01280	Cob(I)yrinic acid a,c-diamide adenosyltransferase	CP027704.1	277328	277906	262	0.0002666666666666667	0	0	0
C6W84_01285	Glycerophosphodiester phosphodiesterase, cytoplasmic	CP027704.1	277979	278692	263	0.00013333333333333334	0	0	0
C6W84_01290	hypothetical protein	CP027704.1	279251	278721	264	0.0002	0	0.5	0
C6W84_01295	hypothetical protein	CP027704.1	279460	280632	265	0.0002	0	0.5	0
C6W84_0385	hypothetical protein	CP027704.1	280746	281687	266	0.0002	0	0.5	0
C6W84_0390	hypothetical protein	CP027704.1	281753	282136	267	0.0002	0	0.5	0
C6W84_01305	hypothetical protein	CP027704.1	282264	283010	268	0.0002	0	0.5	0
C6W84_0395	Transcriptional regulatory protein BaeR	CP027704.1	283463	283110	269	0.0002	0	0	0
C6W84_0400	Transcriptional regulatory protein BaeR	CP027704.1	283795	283439	270	0.0002	0	0	0
C6W84_01315	Signal transduction histidine-protein kinase BaeS	CP027704.1	285473	283815	271	0.0002	0	0	0
C6W84_01320	hypothetical protein	CP027704.1	285605	285985	272	0.0002	0	0.5	0
C6W84_0405	3-methylmercaptopropionyl-CoA dehydrogenase	CP027704.1	286275	286691	273	0.0002	0	0	0
C6W84_0410	3-methylmercaptopropionyl-CoA dehydrogenase	CP027704.1	286646	288076	274	0.0002	0	0	0
C6W84_01330	3-methylmercaptopropionyl-CoA dehydrogenase	CP027704.1	288244	290025	275	0.0002	0	0	0
C6W84_01335	Protein PsiE	CP027704.1	290144	290626	276	0.0002	0	0	0
C6W84_01340	hypothetical protein	CP027704.1	291047	290664	277	0.0002	0	0.5	0
C6W84_01345	hypothetical protein	CP027704.1	291212	291658	278	0.0002	0	0.5	0
C6W84_01350	Cardiolipin synthase A	CP027704.1	293316	291853	279	0.0002	0	0	0
C6W84_0415	putative TonB-dependent receptor	CP027704.1	295200	293392	280	0.0002666666666666667	0	0	0
C6W84_0420	hypothetical protein	CP027704.1	295602	296303	281	0.0002666666666666667	0	0.5	0
C6W84_01365	Aspartate--tRNA(Asp/Asn) ligase	CP027704.1	296536	298314	282	0.0002666666666666667	0	0	0
C6W84_01370	hypothetical protein	CP027704.1	298454	298672	283	0.0003333333333333333	0	0.5	0
C6W84_01375	Poly(glycerol-phosphate) alpha-glucosyltransferase	CP027704.1	299778	298684	284	0.0003333333333333333	0	0	0
C6W84_0425	hypothetical protein	CP027704.1	300326	299775	285	0.0006666666666666666	0	0.5	0
C6W84_0430	Putative teichuronic acid biosynthesis glycosyltransferase TuaG	CP027704.1	300619	300461	286	0.0011333333333333334	0	0	0
C6W84_01385	Putative glycosyltransferase EpsD	CP027704.1	301987	300932	287	0.0011333333333333334	0	0	0
C6W84_01390	hypothetical protein	CP027704.1	302830	302141	288	0.0012666666666666668	0	0.5	0
C6W84_01395	hypothetical protein	CP027704.1	302946	303617	289	0.0013333333333333335	0	0.5	0
C6W84_01400	hypothetical protein	CP027704.1	304774	303704	290	0.0013333333333333335	0	0.5	0
C6W84_01405	hypothetical protein	CP027704.1	305964	305032	291	0.0014000000000000004	0	0.5	0
C6W84_0435	hypothetical protein	CP027704.1	306301	306104	292	0.0015333333333333336	0	0.5	0
C6W84_0440	Phosphatidyl-myo-inositol mannosyltransferase	CP027704.1	307080	306316	293	0.0016000000000000003	0	0	0
C6W84_01415	Poly-beta-1,6-N-acetyl-D-glucosamine N-deacetylase	CP027704.1	307892	307083	294	0.0017333333333333335	0	0	0
C6W84_01420	hypothetical protein	CP027704.1	308793	307906	295	0.0017333333333333335	0	0.5	0
C6W84_01425	Branched-chain-amino-acid aminotransferase	CP027704.1	309787	308861	296	0.0018000000000000002	0	0	0
C6W84_0445	Bifunctional glutamine synthetase adenylyltransferase/adenylyl-removing enzyme	CP027704.1	311812	309812	297	0.0018666666666666669	0	0	0
C6W84_0450	Bifunctional glutamine synthetase adenylyltransferase/adenylyl-removing enzyme	CP027704.1	312561	311815	298	0.0019333333333333336	0	0	0
C6W84_01435	Virulence sensor protein BvgS	CP027704.1	313898	312630	299	0.002266666666666667	0	0	0
C6W84_01445	S-adenosylmethionine:tRNA ribosyltransferase-isomerase	CP027704.1	314702	315739	300	0.0033333333333333335	0	0	0
C6W84_01455	hypothetical protein	CP027704.1	316057	316920	301	0.004266666666666667	0	0.5	0
C6W84_0455	hypothetical protein	CP027704.1	317006	317275	302	0.004666666666666667	0	0.5	0
C6W84_0460	hypothetical protein	CP027704.1	317353	317697	303	0.004666666666666667	0	0.5	0
C6W84_01470	Queuine tRNA-ribosyltransferase	CP027704.1	317873	319006	304	0.004666666666666667	0	0	0
C6W84_01475	hypothetical protein	CP027704.1	319105	319434	305	0.005000000000000001	0	0.5	0
C6W84_0465	Modulator protein MzrA	CP027704.1	319486	321210	306	0.005000000000000001	0	0	0
C6W84_0470	hypothetical protein	CP027704.1	321162	321386	307	0.005200000000000001	0	0.5	0
C6W84_0475	hypothetical protein	CP027704.1	321398	322360	308	0.0058000000000000005	0	0.5	0
C6W84_01490	Coenzyme A biosynthesis bifunctional protein CoaBC	CP027704.1	323677	322424	309	0.005866666666666668	0	0	0
C6W84_0480	hypothetical protein	CP027704.1	323790	324497	310	0.005866666666666668	0	0.5	0
C6W84_0485	hypothetical protein	CP027704.1	324559	324825	311	0.005866666666666668	0	0.5	0
C6W84_0490	hypothetical protein	CP027704.1	324813	325469	312	0.005866666666666668	0	0.5	0
C6W84_01505	5'-3' exoribonuclease	CP027704.1	326328	325477	313	0.0058000000000000005	0	0	0
C6W84_01510	Intracellular septation protein	CP027704.1	326373	326987	314	0.007200000000000001	0	0	0
C6W84_01515	hypothetical protein	CP027704.1	327022	327324	315	0.007733333333333334	0	0.5	0
C6W84_01520	hypothetical protein	CP027704.1	327329	327808	316	0.007933333333333332	0	0.5	0
C6W84_01525	tRNA 5-methylaminomethyl-2-thiouridine biosynthesis bifunctional protein MnmC	CP027704.1	327832	329703	317	0.007933333333333332	0	0	0
C6W84_01530	Thiosulfate sulfurtransferase GlpE	CP027704.1	330069	329755	318	0.0078	0	0	0
C6W84_01535	hypothetical protein	CP027704.1	330161	330649	319	0.0077333333333333325	0	0.5	0
C6W84_0495	hypothetical protein	CP027704.1	330790	331179	320	0.0077333333333333325	0	0.5	0
C6W84_01545	putative acyl-CoA thioester hydrolase	CP027704.1	331641	331219	321	0.007866666666666666	0	0	0
C6W84_01550	Thioredoxin 2	CP027704.1	332080	331643	322	0.007666666666666667	0	0	0
C6W84_0500	hypothetical protein	CP027704.1	332740	332081	323	0.008333333333333333	0	0.5	0
C6W84_0505	hypothetical protein	CP027704.1	332976	332737	324	0.009266666666666668	0	0.5	0
C6W84_01560	Beta-lactamase hydrolase-like protein	CP027704.1	333169	333504	325	0.010000000000000002	0	0	0
C6W84_0510	hypothetical protein	CP027704.1	334308	333790	326	0.010200000000000002	0	0.5	0
C6W84_01595	hypothetical protein	CP027704.1	340386	340889	327	0.010333333333333335	0	0.5	0
C6W84_0515	putative diguanylate cyclase YfiN	CP027704.1	340895	342118	328	0.010266666666666669	0	0	0
C6W84_01605	Photosystem I P700 chlorophyll a apoprotein A2	CP027704.1	342133	342612	329	0.010066666666666668	0	0	0
C6W84_01610	3',5'-cyclic adenosine monophosphate phosphodiesterase CpdA	CP027704.1	343670	342660	330	0.009000000000000001	0	0	0
C6W84_01615	Cardiolipin synthase C	CP027704.1	343777	345402	331	0.008666666666666666	0	0	0
C6W84_01620	hypothetical protein	CP027704.1	346212	345403	332	0.008466666666666667	0	0.5	0
C6W84_01625	GTPase HflX	CP027704.1	346416	347750	333	0.0086	0	0	0
C6W84_01630	hypothetical protein	CP027704.1	347792	348163	334	0.008866666666666667	0	0.5	0
C6W84_01635	Holin-like protein CidB	CP027704.1	348174	348848	335	0.009133333333333334	0	1	0
C6W84_01640	hypothetical protein	CP027704.1	348933	349376	336	0.009600000000000001	0	0.5	0
C6W84_01645	Bis(5'-nucleosyl)-tetraphosphatase, symmetrical	CP027704.1	350256	349417	337	0.009933333333333334	0	0	0
C6W84_01650	Ribosomal RNA small subunit methyltransferase A	CP027704.1	351069	350257	338	0.009733333333333335	0	0	0
C6W84_01655	4-hydroxythreonine-4-phosphate dehydrogenase 1	CP027704.1	352067	351093	339	0.0114	0	0	0
C6W84_01660	50S ribosomal protein L13	CP027704.1	352248	352676	340	0	0	0	0
C6W84_01665	30S ribosomal protein S9	CP027704.1	352689	353075	341	0	0	0	0
C6W84_01670	Stringent starvation protein A	CP027704.1	353246	353899	342	0.013266666666666668	0	0	0
C6W84_01675	Stringent starvation protein B	CP027704.1	353906	354334	343	0.013800000000000002	0	0	0
C6W84_01680	hypothetical protein	CP027704.1	354352	355008	344	0.012533333333333336	0	0.5	0
C6W84_0520	2-oxoglutarate carboxylase large subunit	CP027704.1	355625	355113	345	0.011933333333333334	0	0	0
C6W84_0525	Acyl-CoA dehydrogenase	CP027704.1	356611	355676	346	0.011266666666666668	0	0	0
C6W84_01695	hypothetical protein	CP027704.1	357311	356748	347	0.011266666666666668	0	0.5	0
C6W84_01700	hypothetical protein	CP027704.1	357681	357331	348	0.011266666666666668	0	0.5	0
C6W84_0530	hypothetical protein	CP027704.1	364194	363787	349	0.011533333333333335	0	0.5	0
C6W84_0535	hypothetical protein	CP027704.1	364675	364181	350	0.011733333333333335	0	0.5	0
C6W84_01735	hypothetical protein	CP027704.1	365526	364684	351	0.011533333333333335	0	0.5	0
C6W84_01740	Ribosomal RNA large subunit methyltransferase J	CP027704.1	366425	365568	352	0.011533333333333335	0	0	0
C6W84_01745	hypothetical protein	CP027704.1	366543	367148	353	0.010800000000000002	0	0.5	0
C6W84_01750	hypothetical protein	CP027704.1	367216	367743	354	0.009733333333333335	0	0.5	0
C6W84_01755	hypothetical protein	CP027704.1	368037	367792	355	0.009133333333333334	0	0.5	0
C6W84_01760	Malate dehydrogenase	CP027704.1	369186	368200	356	0.008866666666666667	0	0	0
C6W84_01765	hypothetical protein	CP027704.1	370060	369398	357	0.008666666666666666	0	0.5	0
C6W84_0540	Soluble lytic murein transglycosylase	CP027704.1	372103	370118	358	0.008666666666666666	0	0	0
C6W84_01775	tRNA-2-methylthio-N(6)-dimethylallyladenosine synthase	CP027704.1	372350	373801	359	0	0	0	0
C6W84_0545	hypothetical protein	CP027704.1	373839	373988	360	0.008733333333333334	0	0.5	0
C6W84_0550	PhoH-like protein	CP027704.1	374027	374926	361	0.008133333333333334	0	0	0
C6W84_01785	Endoribonuclease YbeY	CP027704.1	374936	375412	362	0.008133333333333334	0	0	0
C6W84_0555	hypothetical protein	CP027704.1	376385	375639	363	0.008000000000000002	0	0.5	0
C6W84_01795	hypothetical protein	CP027704.1	376616	377287	364	0.008133333333333334	0	0.5	0
C6W84_01800	hypothetical protein	CP027704.1	377445	378158	365	0.007533333333333335	0	0.5	0
C6W84_01805	Xanthine phosphoribosyltransferase	CP027704.1	378231	378806	366	0.007200000000000002	0	0	0
C6W84_0560	NAD(P)H dehydrogenase (quinone)	CP027704.1	379452	378859	367	0.006666666666666669	0	0	0
C6W84_01815	hypothetical protein	CP027704.1	379738	380985	368	0.006266666666666669	0	0.5	0
C6W84_0565	hypothetical protein	CP027704.1	381422	381006	369	0.0048666666666666684	0	0.5	0
C6W84_0570	hypothetical protein	CP027704.1	381919	381455	370	0.003466666666666667	0	0.5	0
C6W84_0575	HTH-type transcriptional regulator NimR	CP027704.1	382025	382624	371	0.003466666666666667	0	0	0
C6W84_0580	HTH-type transcriptional regulator NimR	CP027704.1	382637	382819	372	0.005333333333333333	0	0	0
C6W84_0585	Fumarylpyruvate hydrolase	CP027704.1	383381	382896	373	0.007000000000000001	0	0	0
C6W84_0590	hypothetical protein	CP027704.1	383536	383327	374	0.010200000000000002	0	0.5	0
C6W84_01835	hypothetical protein	CP027704.1	384073	383576	375	0.013066666666666667	0	0.5	0
C6W84_01840	hypothetical protein	CP027704.1	384298	384990	376	0.015000000000000001	0	0.5	0
C6W84_01850	hypothetical protein	CP027704.1	386422	385490	377	0.017533333333333335	0	0.5	0
C6W84_01855	hypothetical protein	CP027704.1	386723	386430	378	0.021066666666666668	0	0.5	0
C6W84_01875	Ribonuclease R	CP027704.1	387370	389802	379	0.023066666666666666	0	0	0
C6W84_0595	hypothetical protein	CP027704.1	389936	390169	380	0.02633333333333333	0	0.5	0
C6W84_0600	Oligopeptidase A	CP027704.1	390148	391989	381	0.035333333333333335	0	0	0
C6W84_01885	hypothetical protein	CP027704.1	392030	392239	382	0.043733333333333325	0	0.5	0
C6W84_01890	hypothetical protein	CP027704.1	392251	392682	383	0.05313333333333333	0	0.5	0
C6W84_01895	hypothetical protein	CP027704.1	392854	394077	384	0.07053333333333334	0	0.5	0
C6W84_0605	C4-dicarboxylate TRAP transporter large permease protein DctM	CP027704.1	395025	394171	385	0.08746666666666666	0	0	0
C6W84_0610	hypothetical protein	CP027704.1	396365	395001	386	0.10033333333333334	0	0.5	0
C6W84_0615	hypothetical protein	CP027704.1	397117	396710	387	0.1134	0	0.5	0
C6W84_01910	hypothetical protein	CP027704.1	398280	397195	388	0.14113333333333333	1	0.5	0
C6W84_0620	hypothetical protein	CP027704.1	398613	398512	389	0.17133333333333337	1	0.5	0
C6W84_0625	hypothetical protein	CP027704.1	399339	399049	390	0.1896	1	0.5	0
C6W84_01920	FAD assembly factor SdhE	CP027704.1	399702	399445	391	0.2162	1	0	0
C6W84_01925	Acyl-CoA dehydrogenase	CP027704.1	399890	401062	392	0.2252666666666667	1	0	0
C6W84_01930	Putative FAD-containing monooxygenase MymA	CP027704.1	402601	401111	393	0.2450666666666667	1	0	0
C6W84_01935	50S ribosomal protein L17	CP027704.1	403160	402783	394	0	0	0	0
C6W84_01940	DNA-directed RNA polymerase subunit alpha	CP027704.1	404186	403179	395	0.259	1	0	0
C6W84_01945	30S ribosomal protein S4	CP027704.1	404830	404204	396	0	0	0	0
C6W84_01950	30S ribosomal protein S11	CP027704.1	405229	404843	397	0	0	0	0
C6W84_01955	30S ribosomal protein S13	CP027704.1	405605	405249	398	0	0	0	0
C6W84_01960	50S ribosomal protein L36	CP027704.1	405829	405713	399	0	0	0	0
C6W84_01965	Protein translocase subunit SecY	CP027704.1	407202	405850	400	0	0	0	0
C6W84_01970	50S ribosomal protein L15	CP027704.1	407655	407215	401	0	0	0	0
C6W84_01975	50S ribosomal protein L30	CP027704.1	407835	407659	402	0	0	0	0
C6W84_01980	30S ribosomal protein S5	CP027704.1	408339	407842	403	0	0	0	0
C6W84_01985	50S ribosomal protein L18	CP027704.1	408692	408342	404	0	0	0	0
C6W84_01990	50S ribosomal protein L6	CP027704.1	409240	408707	405	0	0	0	0
C6W84_01995	30S ribosomal protein S8	CP027704.1	409649	409254	406	0	0	0	0
C6W84_02000	30S ribosomal protein S14	CP027704.1	409966	409661	407	0	0	0	0
C6W84_02005	50S ribosomal protein L5	CP027704.1	410512	409976	408	0	0	0	0
C6W84_02010	50S ribosomal protein L24	CP027704.1	410845	410528	409	0	0	0	0
C6W84_02015	50S ribosomal protein L14	CP027704.1	411223	410855	410	0	0	0	0
C6W84_02020	30S ribosomal protein S17	CP027704.1	411573	411316	411	0	0	0	0
C6W84_02025	50S ribosomal protein L29	CP027704.1	411767	411570	412	0	0	0	0
C6W84_02030	50S ribosomal protein L16	CP027704.1	412180	411767	413	0	0	0	0
C6W84_02035	30S ribosomal protein S3	CP027704.1	412936	412184	414	0	0	0	0
C6W84_02040	50S ribosomal protein L22	CP027704.1	413267	412938	415	0	0	0	0
C6W84_02045	30S ribosomal protein S19	CP027704.1	413554	413279	416	0	0	0	0
C6W84_02050	50S ribosomal protein L2	CP027704.1	414392	413568	417	0	0	0	0
C6W84_02055	50S ribosomal protein L23	CP027704.1	414724	414404	418	0	0	0	0
C6W84_02060	50S ribosomal protein L4	CP027704.1	415323	414721	419	0	0	0	0
C6W84_02065	50S ribosomal protein L3	CP027704.1	415973	415335	420	0	0	0	0
C6W84_02070	30S ribosomal protein S10	CP027704.1	416342	416031	421	0	0	0	0
C6W84_0630	hypothetical protein	CP027704.1	417124	416594	422	0.1625999999999999	1	0.5	0
C6W84_0635	hypothetical protein	CP027704.1	417321	417121	423	0.1427999999999999	1	0.5	0
C6W84_02080	Cystathionine beta-lyase	CP027704.1	417489	418679	424	0.13413333333333327	1	0	0
C6W84_02085	hypothetical protein	CP027704.1	418723	420270	425	0.1285333333333333	1	0.5	0
C6W84_02095	Flavohemoprotein	CP027704.1	420416	421180	426	0.12466666666666662	0	0	0
C6W84_02100	HTH-type transcriptional repressor NsrR	CP027704.1	421266	421703	427	0.1236666666666666	0	0	0
C6W84_02105	putative GTP-binding protein EngB	CP027704.1	421812	422588	428	0.12093333333333328	0	0	0
C6W84_0640	hypothetical protein	CP027704.1	422715	423356	429	0.11313333333333328	0	0.5	0
C6W84_0645	hypothetical protein	CP027704.1	423371	423661	430	0.10579999999999995	0	0.5	0
C6W84_02115	Proton/glutamate-aspartate symporter	CP027704.1	424942	423704	431	0.0998666666666666	0	0	0
C6W84_02120	Acyl-CoA thioesterase 2	CP027704.1	425947	425075	432	0.09419999999999994	0	0	0
C6W84_0650	Glycerol-3-phosphate acyltransferase	CP027704.1	426223	426567	433	0.08306666666666662	0	0	0
C6W84_0655	Glycerol-3-phosphate acyltransferase	CP027704.1	426675	428792	434	0.07139999999999995	0	0	0
C6W84_0660	hypothetical protein	CP027704.1	429849	428836	435	0.05560000000000001	0	0.5	0
C6W84_02135	hypothetical protein	CP027704.1	430717	429902	436	0.03686666666666667	0	0.5	0
C6W84_02140	ATP-dependent DNA helicase RecG	CP027704.1	430738	432783	437	0.02126666666666667	0	0	0
C6W84_02145	Orotate phosphoribosyltransferase	CP027704.1	432776	433411	438	0.01933333333333333	0	0	0
C6W84_02150	8-oxo-dGTP diphosphatase	CP027704.1	433815	433414	439	0.013933333333333336	0	0	0
C6W84_02155	LOG family protein YvdD	CP027704.1	434411	433830	440	0.011133333333333335	0	0	0
C6W84_02160	Magnesium transport protein CorA	CP027704.1	434568	435581	441	0.007866666666666668	0	0	0
C6W84_02165	hypothetical protein	CP027704.1	435938	435651	442	0.009066666666666667	0	0.5	0
C6W84_0665	putative phospholipid-binding protein MlaC	CP027704.1	436591	435950	443	0.007933333333333336	0	0	0
C6W84_02175	putative phospholipid ABC transporter-binding protein MlaD	CP027704.1	437298	436618	444	0.006733333333333335	0	0	0
C6W84_02180	putative phospholipid ABC transporter permease protein MlaE	CP027704.1	438074	437298	445	0.005533333333333334	0	0	0
C6W84_0670	putative phospholipid import ATP-binding protein MlaF	CP027704.1	438343	438071	446	0.005200000000000001	0	0	0
C6W84_0675	putative phospholipid import ATP-binding protein MlaF	CP027704.1	438759	438340	447	0.005200000000000001	0	0	0
C6W84_0680	hypothetical protein	CP027704.1	439199	439014	448	0.005133333333333334	0	0.5	0
C6W84_02190	ATP-dependent RNA helicase DeaD	CP027704.1	441051	439291	449	0.004533333333333334	0	0	0
C6W84_0685	Inositol-1-monophosphatase	CP027704.1	442342	441461	450	0.004266666666666668	0	0	0
C6W84_02200	1-deoxy-D-xylulose-5-phosphate synthase	CP027704.1	444318	442414	451	0.0036666666666666666	0	0	0
C6W84_02205	GTP cyclohydrolase-2	CP027704.1	444622	445224	452	0.0036	0	0	0
C6W84_02210	Oxygen-dependent coproporphyrinogen-III oxidase	CP027704.1	445352	446302	453	0.0038	0	0	0
C6W84_02215	Shikimate dehydrogenase (NADP(+))	CP027704.1	446476	447264	454	0.0037333333333333333	0	0	0
C6W84_02220	hypothetical protein	CP027704.1	449614	447311	455	0.0038	0	0.5	0
C6W84_02225	3-methylmercaptopropionyl-CoA dehydrogenase	CP027704.1	449873	451696	456	0.0038	0	0	0
C6W84_0690	hypothetical protein	CP027704.1	452424	451768	457	0.0038666666666666667	0	0.5	0
C6W84_02235	hypothetical protein	CP027704.1	452668	452922	458	0.003933333333333334	0	0.5	0
C6W84_02240	Hypoxic response protein 1	CP027704.1	454092	452992	459	0.004	0	0	0
C6W84_02245	hypothetical protein	CP027704.1	455022	454225	460	0.004266666666666667	0	0.5	0
C6W84_0695	hypothetical protein	CP027704.1	456026	455025	461	0.004866666666666667	0	0.5	0
C6W84_0700	hypothetical protein	CP027704.1	456286	456113	462	0.004933333333333333	0	0.5	0
C6W84_02255	hypothetical protein	CP027704.1	456812	456396	463	0.005	0	0.5	0
C6W84_0705	hypothetical protein	CP027704.1	456936	457505	464	0.0067333333333333325	0	0.5	0
C6W84_0710	hypothetical protein	CP027704.1	457592	458026	465	0.006933333333333333	0	0.5	0
C6W84_0715	hypothetical protein	CP027704.1	458052	458387	466	0.008533333333333334	0	0.5	0
C6W84_02270	Glycine--tRNA ligase alpha subunit	CP027704.1	458547	459524	467	0.008533333333333334	0	0	0
C6W84_02275	Glycine--tRNA ligase beta subunit	CP027704.1	459524	461593	468	0.008066666666666666	0	0	0
C6W84_02280	DNA replication and repair protein RecF	CP027704.1	461668	462096	469	0.008000000000000002	0	0	0
C6W84_0720	hypothetical protein	CP027704.1	462195	462959	470	0.008000000000000002	0	0.5	0
C6W84_0725	hypothetical protein	CP027704.1	463046	463717	471	0.007666666666666668	0	0.5	0
C6W84_02290	hypothetical protein	CP027704.1	464057	463773	472	0.0064	0	0.5	0
C6W84_0730	hypothetical protein	CP027704.1	464488	464093	473	0.006266666666666667	0	0.5	0
C6W84_0735	putative inner membrane transporter YhbE	CP027704.1	464994	464449	474	0.006133333333333335	0	0	0
C6W84_02300	HTH-type transcriptional regulator GltR	CP027704.1	465103	465969	475	0.006133333333333335	0	0	0
C6W84_02305	hypothetical protein	CP027704.1	466118	466549	476	0.005800000000000001	0	0.5	0
C6W84_02310	hypothetical protein	CP027704.1	466644	467075	477	0.0058666666666666685	0	0.5	0
C6W84_0740	Extracellular serine proteinase	CP027704.1	467981	467175	478	0.0058666666666666685	0	0	0
C6W84_0745	hypothetical protein	CP027704.1	468529	468014	479	0.005933333333333335	0	0.5	0
C6W84_0750	hypothetical protein	CP027704.1	468876	468565	480	0.0058666666666666685	0	0.5	0
C6W84_02325	hypothetical protein	CP027704.1	470092	469346	481	0.0058666666666666685	0	0.5	0
C6W84_02335	hypothetical protein	CP027704.1	470327	471001	482	0.0058666666666666685	0	0.5	0
C6W84_02340	Succinylglutamate desuccinylase	CP027704.1	472038	471064	483	0.005666666666666668	0	0	0
C6W84_02345	N-succinylarginine dihydrolase	CP027704.1	473394	472051	484	0.005666666666666668	0	0	0
C6W84_02350	N-succinylglutamate 5-semialdehyde dehydrogenase	CP027704.1	474880	473411	485	0.005600000000000002	0	0	0
C6W84_02355	Arginine N-succinyltransferase	CP027704.1	475911	474880	486	0.005600000000000002	0	0	0
C6W84_0755	Succinylornithine transaminase/acetylornithine aminotransferase	CP027704.1	476424	475930	487	0.005666666666666668	0	0	0
C6W84_0760	Succinylornithine transaminase	CP027704.1	477143	476544	488	0.005600000000000002	0	0	0
C6W84_02365	Glutamate dehydrogenase	CP027704.1	478559	477288	489	0.005600000000000002	0	0	0
C6W84_02370	Amino-acid permease RocC	CP027704.1	481026	479593	490	0.005333333333333334	0	0	0
C6W84_0765	hypothetical protein	CP027704.1	482512	481439	491	0.004933333333333333	0	0.5	0
C6W84_02380	putative methyltransferase	CP027704.1	482843	483637	492	0.004866666666666668	0	0	0
C6W84_02385	hypothetical protein	CP027704.1	483653	484186	493	0.0048000000000000004	0	0.5	0
C6W84_02390	hypothetical protein	CP027704.1	484799	484236	494	0.003733333333333334	0	0.5	0
C6W84_02395	hypothetical protein	CP027704.1	485406	484939	495	0.0036666666666666675	0	0.5	0
C6W84_0770	hypothetical protein	CP027704.1	485613	486209	496	0.0020666666666666667	0	0.5	0
C6W84_02405	hypothetical protein	CP027704.1	486332	487450	497	0.0020000000000000005	0	0.5	0
C6W84_02410	Superoxide dismutase [Cu-Zn]	CP027704.1	487565	488140	498	0.002066666666666667	0	0	0
C6W84_02415	Inner membrane protein YccS	CP027704.1	488333	490483	499	0.0018666666666666669	0	0	0
C6W84_0775	Multidrug transporter MdfA	CP027704.1	491476	490520	500	0.003266666666666667	0	0	0
C6W84_0780	Multidrug transporter MdfA	CP027704.1	491748	491461	501	0.0057333333333333325	0	0	0
C6W84_02425	hypothetical protein	CP027704.1	492483	492118	502	0.006333333333333332	0	0.5	0
C6W84_0785	Modulator of drug activity B	CP027704.1	492708	493046	503	0.006266666666666666	0	0	0
C6W84_0790	Modulator of drug activity B	CP027704.1	493091	493294	504	0.0064666666666666674	0	0	0
C6W84_02435	putative quinol monooxygenase YgiN	CP027704.1	493308	493622	505	0.007200000000000001	0	0	0
C6W84_02440	hypothetical protein	CP027704.1	494035	493667	506	0.007933333333333334	0	0.5	0
C6W84_02445	putative FAD-linked oxidoreductase	CP027704.1	495540	494131	507	0.008066666666666668	0	0	0
C6W84_02450	D-3-phosphoglycerate dehydrogenase	CP027704.1	495920	497152	508	0.008333333333333333	0	0	0
C6W84_02455	Threonine/homoserine exporter RhtA	CP027704.1	497251	498135	509	0.009266666666666668	0	0	0
C6W84_02460	Threonine/homoserine exporter RhtA	CP027704.1	498226	499086	510	0.010133333333333334	0	0	0
C6W84_02465	DNA nickase	CP027704.1	499537	499094	511	0.011733333333333335	0	0	0
C6W84_02470	hypothetical protein	CP027704.1	500523	499747	512	0.012000000000000002	0	0.5	0
C6W84_02475	tRNA pseudouridine synthase B	CP027704.1	501448	500543	513	0	0	0	0
C6W84_02480	Lipase chaperone	CP027704.1	501602	502636	514	0.017266666666666666	0	0	0
C6W84_0795	Lactonizing lipase	CP027704.1	502718	503191	515	0.018866666666666667	0	0	0
C6W84_0800	Lactonizing lipase	CP027704.1	503173	503691	516	0.019000000000000003	0	0	0
C6W84_02490	50S ribosomal protein L19	CP027704.1	504111	503743	517	0	0	0	0
C6W84_02495	tRNA (guanine-N(1)-)-methyltransferase	CP027704.1	505058	504285	518	0.0434	0	0	0
C6W84_02500	Ribosome maturation factor RimM	CP027704.1	505652	505104	519	0.054400000000000004	0	0	0
C6W84_02505	30S ribosomal protein S16	CP027704.1	505923	505672	520	0	0	0	0
C6W84_02510	Type II secretion system protein G	CP027704.1	506495	506070	521	0.07360000000000001	0	0	0
C6W84_0805	hypothetical protein	CP027704.1	506683	506492	522	0.08353333333333333	0	0.5	0
C6W84_0810	Type II secretion system protein G	CP027704.1	506973	506680	523	0.08980000000000002	0	0	0
C6W84_0815	Type IV pilus biogenesis factor PilY1	CP027704.1	510852	506986	524	0.09566666666666669	0	0	0
C6W84_0820	hypothetical protein	CP027704.1	511670	510852	525	0.10926666666666668	0	0.5	0
C6W84_0825	hypothetical protein	CP027704.1	511906	511667	526	0.11946666666666668	0	0.5	0
C6W84_0830	hypothetical protein	CP027704.1	512667	512140	527	0.12560000000000002	1	0.5	0
C6W84_0835	hypothetical protein	CP027704.1	513222	512668	528	0.13193333333333335	1	0.5	0
C6W84_02540	hypothetical protein	CP027704.1	513695	513222	529	0.13500000000000004	1	0.5	0
C6W84_02545	4-hydroxy-3-methylbut-2-enyl diphosphate reductase	CP027704.1	514815	513865	530	0.13713333333333336	1	0	0
C6W84_02550	Guanylate kinase	CP027704.1	514937	515566	531	0.13893333333333338	1	0	0
C6W84_02555	DNA-directed RNA polymerase subunit omega	CP027704.1	515639	515917	532	0.14080000000000004	1	0	0
C6W84_02565	Bifunctional (p)ppGpp synthase/hydrolase SpoT	CP027704.1	516126	518231	533	0.14153333333333337	1	0	0
C6W84_02570	2-iminobutanoate/2-iminopropanoate deaminase	CP027704.1	518352	518735	534	0.15000000000000002	1	0	0
C6W84_0840	Bacterioferritin-associated ferredoxin	CP027704.1	518945	519139	535	0.15593333333333337	1	0	0
C6W84_02580	Bacterioferritin	CP027704.1	519384	519848	536	0.15753333333333336	1	0	0
C6W84_02585	hypothetical protein	CP027704.1	521519	519891	537	0.1576666666666667	1	0.5	0
C6W84_02590	Fimbrial protein	CP027704.1	522319	521810	538	0.1616666666666667	1	0	0
C6W84_02595	hypothetical protein	CP027704.1	523219	522659	539	0.16093333333333337	1	0.5	0
C6W84_02600	hypothetical protein	CP027704.1	524295	523213	540	0.16013333333333338	1	0.5	0
C6W84_02605	hypothetical protein	CP027704.1	524907	524317	541	0.15960000000000005	1	0.5	0
C6W84_0845	hypothetical protein	CP027704.1	525448	525038	542	0.1594666666666667	1	0.5	0
C6W84_0850	hypothetical protein	CP027704.1	525924	525454	543	0.157	1	0.5	0
C6W84_02615	Glutamate synthase [NADPH] small chain	CP027704.1	527520	526099	544	0.15433333333333332	1	0	0
C6W84_02620	Glutamate synthase [NADPH] large chain	CP027704.1	532071	527590	545	0.15286666666666665	1	0	0
C6W84_0855	hypothetical protein	CP027704.1	532821	532525	546	0.15273333333333333	1	0.5	0
C6W84_0860	hypothetical protein	CP027704.1	533399	532818	547	0.14086666666666664	1	0.5	0
C6W84_02630	3-dehydroquinate synthase	CP027704.1	534497	533415	548	0.12813333333333335	1	0	0
C6W84_02635	Shikimate kinase 1	CP027704.1	535095	534526	549	0.11706666666666665	0	0	0
C6W84_02640	Type IV pilus biogenesis and competence protein PilQ	CP027704.1	537272	535107	550	0.10786666666666665	0	0	0
C6W84_02645	hypothetical protein	CP027704.1	537862	537335	551	0.0982	0	0.5	0
C6W84_02650	hypothetical protein	CP027704.1	538613	537873	552	0.08826666666666667	0	0.5	0
C6W84_0865	hypothetical protein	CP027704.1	539179	538610	553	0.082	0	0.5	0
C6W84_0870	Cell division protein FtsA	CP027704.1	540308	539250	554	0.07546666666666665	0	0	0
C6W84_0875	Penicillin-binding protein 1A	CP027704.1	540470	543025	555	0.061733333333333335	0	0	0
C6W84_02670	23S rRNA (guanine(745)-N(1))-methyltransferase	CP027704.1	543867	543043	556	0.051533333333333334	0	0	0
C6W84_02675	hypothetical protein	CP027704.1	544202	543870	557	0.04540000000000001	0	0.5	0
C6W84_02680	Phospho-N-acetylmuramoyl-pentapeptide- transferase	CP027704.1	545381	544263	558	0.03900000000000001	0	0	0
C6W84_0880	UDP-N-acetylmuramoyl-tripeptide--D-alanyl-D- alanine ligase	CP027704.1	546031	545660	559	0.035800000000000005	0	0	0
C6W84_0885	UDP-N-acetylmuramoyl-tripeptide--D-alanyl-D- alanine ligase	CP027704.1	546780	546028	560	0.03226666666666667	0	0	0
C6W84_02690	UDP-N-acetylmuramoyl-L-alanyl-D-glutamate--2, 6-diaminopimelate ligase	CP027704.1	548288	546789	561	0.028000000000000008	0	0	0
C6W84_0890	Peptidoglycan D,D-transpeptidase FtsI	CP027704.1	549464	548292	562	0.02553333333333334	0	0	0
C6W84_0895	Peptidoglycan D,D-transpeptidase FtsI	CP027704.1	550048	549500	563	0.024733333333333336	0	0	0
C6W84_02700	Cell division protein FtsL	CP027704.1	550466	550134	564	0.015933333333333338	0	0	0
C6W84_02705	Ribosomal RNA small subunit methyltransferase H	CP027704.1	551389	550466	565	0.009266666666666668	0	0	0
C6W84_02710	Sulfate-binding protein	CP027704.1	552613	551612	566	0.006933333333333334	0	0	0
C6W84_02715	hypothetical protein	CP027704.1	553008	553307	567	0.0066	0	0.5	0
C6W84_02720	Glutamate--tRNA ligase	CP027704.1	553423	554931	568	0.0023333333333333335	0	0	0
C6W84_0900	Amino-acid permease RocC	CP027704.1	555287	556714	569	0.002066666666666667	0	0	0
C6W84_0905	hypothetical protein	CP027704.1	556833	557690	570	0.002066666666666667	0	0.5	0
C6W84_0910	hypothetical protein	CP027704.1	558530	558123	571	0.001	0	0.5	0
C6W84_0915	hypothetical protein	CP027704.1	559070	558552	572	0.0008666666666666667	0	0.5	0
C6W84_02760	hypothetical protein	CP027704.1	559344	559682	573	0.0009333333333333332	0	0.5	0
C6W84_02765	Metal cation efflux system protein CzcD	CP027704.1	560657	559701	574	0.001	0	0	0
C6W84_02770	Cobalt-zinc-cadmium resistance protein CzcA	CP027704.1	563948	560790	575	0.0009333333333333334	0	0	0
C6W84_02775	Cobalt-zinc-cadmium resistance protein CzcB	CP027704.1	565155	563938	576	0.0009333333333333334	0	0	0
C6W84_0920	Cobalt-zinc-cadmium resistance protein CzcC	CP027704.1	566468	565158	577	0.0009333333333333334	0	0	0
C6W84_0925	hypothetical protein	CP027704.1	567005	566628	578	0.0010000000000000002	0	0.5	0
C6W84_02790	hypothetical protein	CP027704.1	567175	567867	579	0.0011333333333333334	0	0.5	0
C6W84_0930	hypothetical protein	CP027704.1	568210	568590	580	0.0011333333333333334	0	0.5	0
C6W84_02800	Energy-dependent translational throttle protein EttA	CP027704.1	570294	568633	581	0.0008	0	0	0
C6W84_0935	L-methionine gamma-lyase	CP027704.1	570592	571161	582	0.0008666666666666667	0	0	0
C6W84_0940	L-methionine gamma-lyase	CP027704.1	571200	571868	583	0.0008666666666666667	0	0	0
C6W84_02810	Fatty acyl-CoA reductase	CP027704.1	572142	573032	584	0.0014666666666666667	0	0	0
C6W84_0945	Bicarbonate transporter BicA	CP027704.1	575301	573100	585	0.0015333333333333334	0	0	0
C6W84_02820	General stress protein 13	CP027704.1	577940	575592	586	0.004266666666666667	0	0	0
C6W84_02825	Transcriptional regulatory protein OmpR	CP027704.1	578596	579360	587	0.008933333333333333	0	0	0
C6W84_0950	hypothetical protein	CP027704.1	579378	579938	588	0.008933333333333333	0	0.5	0
C6W84_0955	Osmolarity sensor protein EnvZ	CP027704.1	580123	580833	589	0.009000000000000001	0	0	0
C6W84_02840	Succinyl-CoA:coenzyme A transferase	CP027704.1	581025	582539	590	0.009066666666666667	0	0	0
C6W84_0960	Acetyltransferase YpeA	CP027704.1	582670	582915	591	0.009200000000000002	0	0	0
C6W84_0965	Acetyltransferase YpeA	CP027704.1	582957	583100	592	0.009200000000000002	0	0	0
C6W84_02860	PanD maturation factor	CP027704.1	584038	583655	593	0.009200000000000002	0	0	0
C6W84_02865	Histidine biosynthesis bifunctional protein HisB	CP027704.1	584141	584734	594	0.009200000000000002	0	0	0
C6W84_02870	Imidazole glycerol phosphate synthase subunit HisH	CP027704.1	584734	585351	595	0.009200000000000002	0	0	0
C6W84_02875	Inner membrane protein YhaI	CP027704.1	585505	586053	596	0.009333333333333334	0	0	0
C6W84_02880	Ribonuclease D	CP027704.1	586140	586781	597	0.0094	0	0	0
C6W84_02885	1-(5-phosphoribosyl)-5-[(5- phosphoribosylamino)methylideneamino] imidazole-4-carboxamide isomerase	CP027704.1	586876	587607	598	0.009466666666666668	0	0	0
C6W84_02890	HTH-type transcriptional regulator SutR	CP027704.1	588227	587676	599	0.0108	0	0	0
C6W84_02895	hypothetical protein	CP027704.1	588326	589228	600	0.011000000000000001	0	0.5	0
C6W84_02900	hypothetical protein	CP027704.1	589656	589261	601	0.0112	0	0.5	0
C6W84_02905	hypothetical protein	CP027704.1	590322	589693	602	0.011666666666666667	0	0.5	0
C6W84_02910	Homoserine kinase	CP027704.1	591285	590335	603	0.011733333333333335	0	0	0
C6W84_02915	Imidazole glycerol phosphate synthase subunit HisF	CP027704.1	591398	592156	604	0.011666666666666667	0	0	0
C6W84_02920	hypothetical protein	CP027704.1	592834	592196	605	0.011600000000000001	0	0.5	0
C6W84_0970	hypothetical protein	CP027704.1	592944	593135	606	0.011666666666666667	0	0.5	0
C6W84_0975	HTH-type transcriptional regulator VirS	CP027704.1	593273	593917	607	0.012133333333333335	0	0	0
C6W84_02930	Aquaporin Z 2	CP027704.1	594080	594769	608	0.01246666666666667	0	0	0
C6W84_02940	hypothetical protein	CP027704.1	595228	594986	609	0.012666666666666668	0	0.5	0
C6W84_0980	Cysteine/O-acetylserine efflux protein	CP027704.1	595873	595274	610	0.01326666666666667	0	0	0
C6W84_0985	hypothetical protein	CP027704.1	596317	595970	611	0.013133333333333335	0	0.5	0
C6W84_0990	Nuclease	CP027704.1	597072	596314	612	0.013133333333333335	0	0	0
C6W84_02955	hypothetical protein	CP027704.1	597304	597747	613	0.013800000000000003	0	0.5	0
C6W84_0995	Low affinity potassium transport system protein kup	CP027704.1	599368	597803	614	0.013266666666666671	0	0	0
C6W84_1000	Low affinity potassium transport system protein kup	CP027704.1	599679	599365	615	0.013466666666666672	0	0	0
C6W84_02970	hypothetical protein	CP027704.1	600414	599956	616	0.010800000000000004	0	0.5	0
C6W84_02980	hypothetical protein	CP027704.1	601543	600611	617	0.0064	0	0.5	0
C6W84_1005	hypothetical protein	CP027704.1	601853	602287	618	0.0064	0	0.5	0
C6W84_1010	hypothetical protein	CP027704.1	602395	603090	619	0.0064	0	0.5	0
C6W84_02990	hypothetical protein	CP027704.1	603105	603845	620	0.006466666666666667	0	0.5	0
C6W84_02995	hypothetical protein	CP027704.1	604512	603961	621	0.006333333333333333	0	0.5	0
C6W84_03005	Bifunctional transcriptional activator/DNA repair enzyme AdaA	CP027704.1	605289	606191	622	0.006333333333333333	0	0	0
C6W84_03010	General stress protein 69	CP027704.1	606303	607304	623	0.006333333333333333	0	0	0
C6W84_03015	hypothetical protein	CP027704.1	607742	607350	624	0.0064	0	0.5	0
C6W84_03020	hypothetical protein	CP027704.1	608510	607767	625	0.0064	0	0.5	0
C6W84_03025	hypothetical protein	CP027704.1	608739	609626	626	0.006266666666666667	0	0.5	0
C6W84_03030	Hca operon transcriptional activator HcaR	CP027704.1	610543	609623	627	0.006200000000000001	0	0	0
C6W84_1015	Inner membrane transport protein YnfM	CP027704.1	610682	611632	628	0.006200000000000001	0	0	0
C6W84_1020	Inner membrane transport protein YnfM	CP027704.1	611629	611925	629	0.004866666666666668	0	0	0
C6W84_1025	hypothetical protein	CP027704.1	612593	612763	630	0.004666666666666667	0	0.5	0
C6W84_03045	hypothetical protein	CP027704.1	613189	612767	631	0.0045333333333333345	0	0.5	0
C6W84_1030	Erythromycin 3''-O-methyltransferase	CP027704.1	613923	613198	632	0.004133333333333334	0	0	0
C6W84_1035	hypothetical protein	CP027704.1	615219	614029	633	0.004000000000000001	0	0.5	0
C6W84_03060	Quercetin 2,3-dioxygenase	CP027704.1	616638	615766	634	0.004000000000000001	0	0	0
C6W84_03065	hypothetical protein	CP027704.1	616916	617542	635	0.004200000000000001	0	0.5	0
C6W84_1040	HTH-type transcriptional regulator DmlR	CP027704.1	617563	618345	636	0.0042000000000000015	0	0	0
C6W84_1045	hypothetical protein	CP027704.1	618414	618536	637	0.005800000000000001	0	0.5	0
C6W84_03075	Succinate-semialdehyde dehydrogenase [NADP(+)] GabD	CP027704.1	620090	618642	638	0.007000000000000001	0	0	0
C6W84_03080	4-aminobutyrate aminotransferase PuuE	CP027704.1	621379	620087	639	0.007466666666666667	0	0	0
C6W84_03085	HTH-type transcriptional regulatory protein GabR	CP027704.1	621491	623035	640	0.0077333333333333325	0	0	0
C6W84_03090	GABA permease	CP027704.1	624543	623101	641	0.009199999999999998	0	0	0
C6W84_1050	hypothetical protein	CP027704.1	625067	624849	642	0.011	0	0.5	0
C6W84_1055	HTH-type transcriptional regulator SutR	CP027704.1	625396	625064	643	0.012933333333333333	0	0	0
C6W84_03100	hypothetical protein	CP027704.1	625464	626159	644	0.014266666666666667	0	0.5	0
C6W84_03105	hypothetical protein	CP027704.1	626156	626479	645	0.015133333333333332	0	0.5	0
C6W84_03110	DNA-invertase hin	CP027704.1	626800	627351	646	0.015533333333333333	0	0	0
C6W84_03115	hypothetical protein	CP027704.1	628743	627460	647	0.015266666666666666	0	0.5	0
C6W84_1060	hypothetical protein	CP027704.1	629880	628810	648	0.0156	0	0.5	0
C6W84_1065	hypothetical protein	CP027704.1	630398	630210	649	0.0156	0	0.5	0
C6W84_1070	hypothetical protein	CP027704.1	633775	630395	650	0.015466666666666665	0	0.5	0
C6W84_03125	hypothetical protein	CP027704.1	634211	634032	651	0.015733333333333332	0	0.5	0
C6W84_03130	hypothetical protein	CP027704.1	634652	634278	652	0.015733333333333332	0	0.5	0
C6W84_1075	hypothetical protein	CP027704.1	634785	634627	653	0.015799999999999998	0	0.5	0
C6W84_03135	hypothetical protein	CP027704.1	635340	634924	654	0.015733333333333332	0	0.5	0
C6W84_03140	hypothetical protein	CP027704.1	637468	635342	655	0.015733333333333332	0	0.5	0
C6W84_03145	hypothetical protein	CP027704.1	639017	637461	656	0.015733333333333332	0	0.5	0
C6W84_03150	Tyrosine recombinase XerC	CP027704.1	640236	639010	657	0.016	0	1.5	0
C6W84_03155	hypothetical protein	CP027704.1	641326	640394	658	0.015933333333333334	0	0.5	0
C6W84_03160	hypothetical protein	CP027704.1	641614	641354	659	0.015933333333333334	0	0.5	0
C6W84_1080	Aromatic amino acid transport protein AroP	CP027704.1	643197	641830	660	0.016133333333333333	0	0	0
C6W84_03175	Leucine-responsive regulatory protein	CP027704.1	644742	645209	661	0.016066666666666667	0	0	0
C6W84_1085	hypothetical protein	CP027704.1	645644	646180	662	0.016	0	0.5	0
C6W84_03185	Aromatic-amino-acid aminotransferase	CP027704.1	646248	647441	663	0.01586666666666667	0	0	0
C6W84_1090	hypothetical protein	CP027704.1	647590	648162	664	0.01586666666666667	0	0.5	0
C6W84_1095	Single-stranded DNA-binding protein	CP027704.1	648912	648352	665	0.015733333333333335	0	0	0
C6W84_1100	Inner membrane transport protein YajR	CP027704.1	649368	648964	666	0.01566666666666667	0	0	0
C6W84_1105	Inner membrane transport protein YajR	CP027704.1	650327	649317	667	0.013600000000000001	0	0	0
C6W84_03205	hypothetical protein	CP027704.1	651556	650474	668	0.012	0	0.5	0
C6W84_03210	Aminopyrimidine aminohydrolase	CP027704.1	651819	652493	669	0.011200000000000003	0	0	0
C6W84_03215	Inner membrane protein YdgC	CP027704.1	652884	652543	670	0.010333333333333335	0	0	0
C6W84_03220	hypothetical protein	CP027704.1	653290	652937	671	0.008800000000000002	0	0.5	0
C6W84_03225	Quinone oxidoreductase 1	CP027704.1	654333	653356	672	0.006933333333333335	0	0	0
C6W84_1110	HTH-type transcriptional repressor NemR	CP027704.1	654960	654337	673	0.004333333333333334	0	0	0
C6W84_1115	UvrABC system protein A	CP027704.1	655373	658069	674	0.0029333333333333342	0	0	0
C6W84_1120	Response regulator PleD	CP027704.1	658762	658103	675	0.0018000000000000002	0	0	0
C6W84_1125	hypothetical protein	CP027704.1	659808	658801	676	0.0013333333333333333	0	0.5	0
C6W84_03245	hypothetical protein	CP027704.1	660800	661699	677	0.0013333333333333333	0	0.5	0
C6W84_1130	Glycine betaine transporter	CP027704.1	662787	661756	678	0.001	0	0	0
C6W84_1135	Glycine betaine transporter	CP027704.1	663005	662727	679	0.0009333333333333334	0	0	0
C6W84_1140	Glycine betaine transporter	CP027704.1	663721	663107	680	0.0009333333333333334	0	0	0
C6W84_1145	hypothetical protein	CP027704.1	664579	663887	681	0.0006666666666666668	0	0.5	0
C6W84_03260	Cation/acetate symporter ActP	CP027704.1	666462	664747	682	0.0006666666666666668	0	0	0
C6W84_03265	Inner membrane protein YjcH	CP027704.1	666796	666464	683	0.0006000000000000001	0	0	0
C6W84_03270	Sensory/regulatory protein RpfC	CP027704.1	666979	670476	684	0.0006000000000000001	0	0	0
C6W84_1150	hypothetical protein	CP027704.1	670870	671637	685	0.0006000000000000001	0	0.5	0
C6W84_03280	Transcriptional activator protein ExaE	CP027704.1	672329	671634	686	0.0006000000000000001	0	0	0
C6W84_03285	FMN reductase (NADPH)	CP027704.1	672705	673442	687	0.0003333333333333333	0	0	0
C6W84_03290	Alkanesulfonate monooxygenase	CP027704.1	673488	674600	688	0.0003333333333333333	0	0	0
C6W84_03295	HTH-type transcriptional regulator LrpC	CP027704.1	675105	674692	689	0.0003333333333333333	0	0	0
C6W84_03300	Streptothricin hydrolase	CP027704.1	675211	675753	690	6.666666666666667e-05	0	0	0
C6W84_03305	Acetyl-coenzyme A synthetase	CP027704.1	677749	675800	691	6.666666666666667e-05	0	0	0
C6W84_03310	Inner membrane protein YhaI	CP027704.1	678044	678619	692	6.666666666666667e-05	0	0	0
C6W84_03315	Small-conductance mechanosensitive channel	CP027704.1	678732	679712	693	6.666666666666667e-05	0	0	0
C6W84_03320	Ribosomal RNA small subunit methyltransferase E	CP027704.1	680399	679692	694	6.666666666666667e-05	0	0	0
C6W84_03325	3-deoxy-D-manno-octulosonic acid transferase	CP027704.1	681688	680396	695	0.0	0	0	0
C6W84_1155	N-ethylmaleimide reductase	CP027704.1	682801	681857	696	0.0	0	0	0
C6W84_03335	Transcriptional repressor SdpR	CP027704.1	683245	682943	697	0.0	0	0	0
C6W84_1160	hypothetical protein	CP027704.1	683346	683215	698	0.0	0	0.5	0
C6W84_1165	Peptide chain release factor RF2	CP027704.1	684375	683443	699	0.0	0	0	0
C6W84_1170	hypothetical protein	CP027704.1	685307	685696	700	0.0	0	0.5	0
C6W84_1175	Single-stranded-DNA-specific exonuclease RecJ	CP027704.1	687175	685739	701	0.0	0	0	0
C6W84_1180	hypothetical protein	CP027704.1	687438	687175	702	0.0	0	0.5	0
C6W84_03355	Pyridoxine/pyridoxamine 5'-phosphate oxidase	CP027704.1	688095	687439	703	0.0	0	0	0
C6W84_03360	Phosphoglucosamine mutase	CP027704.1	689443	688106	704	0.0	0	0	0
C6W84_03365	Inosine-5'-monophosphate dehydrogenase	CP027704.1	691059	689593	705	0.0	0	0	0
C6W84_1185	hypothetical protein	CP027704.1	691464	691195	706	0.0	0	0.5	0
C6W84_03375	hypothetical protein	CP027704.1	692448	691651	707	0.0	0	0.5	0
C6W84_03380	Ferrichrome-iron receptor	CP027704.1	692676	694763	708	0.0	0	0	0
C6W84_1190	hypothetical protein	CP027704.1	695662	694760	709	0.0	0	0.5	0
C6W84_1195	Insertion element IS6110 uncharacterized 12.0 kDa protein	CP027704.1	695979	695662	710	0.0	0	0.5	0
C6W84_03395	hypothetical protein	CP027704.1	696780	696205	711	6.666666666666667e-05	0	0.5	0
C6W84_03400	hypothetical protein	CP027704.1	697301	697029	712	6.666666666666667e-05	0	0.5	0
C6W84_03405	Dihydrolipoyllysine-residue acetyltransferase component of pyruvate dehydrogenase complex	CP027704.1	699432	697450	713	6.666666666666667e-05	0	0	0
C6W84_03410	Pyruvate dehydrogenase E1 component	CP027704.1	702152	699435	714	6.666666666666667e-05	0	0	0
C6W84_03415	Murein DD-endopeptidase MepM	CP027704.1	703094	702402	715	0.0002666666666666667	0	0	0
C6W84_1200	hypothetical protein	CP027704.1	703202	703588	716	0.0004	0	0.5	0
C6W84_03425	UDP-3-O-acyl-N-acetylglucosamine deacetylase	CP027704.1	704641	703739	717	0.0004	0	0	0
C6W84_03430	Cell division protein FtsZ	CP027704.1	705927	704752	718	0.00046666666666666666	0	0	0
C6W84_03435	Cell division protein FtsA	CP027704.1	707354	706092	719	0.00046666666666666666	0	0	0
C6W84_03440	Cell division protein FtsQ	CP027704.1	708269	707415	720	0.00046666666666666666	0	0	0
C6W84_03445	D-alanine--D-alanine ligase	CP027704.1	709198	708272	721	0.00046666666666666666	0	0	0
C6W84_03450	UDP-N-acetylmuramate--L-alanine ligase	CP027704.1	710684	709236	722	0.00046666666666666666	0	0	0
C6W84_03455	UDP-N-acetylglucosamine--N-acetylmuramyl- (pentapeptide) pyrophosphoryl-undecaprenol N-acetylglucosamine transferase	CP027704.1	711793	710696	723	0.00046666666666666666	0	0	0
C6W84_1205	Glutathione synthetase	CP027704.1	712342	712031	724	0.0005333333333333334	0	0	0
C6W84_1210	Glutathione synthetase	CP027704.1	712974	712342	725	0.0005333333333333334	0	0	0
C6W84_03465	hypothetical protein	CP027704.1	713135	713347	726	0.0005333333333333334	0	0.5	0
C6W84_1215	hypothetical protein	CP027704.1	713576	713878	727	0.0005333333333333334	0	0.5	0
C6W84_1220	Ferrichrome-iron receptor	CP027704.1	713884	715764	728	0.0005333333333333334	0	0	0
C6W84_03475	Orotate phosphoribosyltransferase	CP027704.1	716464	715814	729	0.0005333333333333334	0	0	0
C6W84_03480	Exodeoxyribonuclease	CP027704.1	716503	717327	730	0.0005333333333333334	0	0	0
C6W84_03485	hypothetical protein	CP027704.1	717818	718132	731	0.0005333333333333334	0	0.5	0
C6W84_03490	hypothetical protein	CP027704.1	718608	718171	732	0.0005333333333333334	0	0.5	0
C6W84_03495	Putative acetyl-hydrolase LipR	CP027704.1	718758	719669	733	0.0005333333333333334	0	0	0
C6W84_03500	putative diguanylate cyclase YcdT	CP027704.1	719845	721038	734	0.0005333333333333334	0	0	0
C6W84_03505	Thiol:disulfide interchange protein DsbD	CP027704.1	722844	721030	735	0.0005333333333333334	0	0	0
C6W84_03510	hypothetical protein	CP027704.1	723640	722873	736	0.0005333333333333334	0	0.5	0
C6W84_1225	hypothetical protein	CP027704.1	723844	723653	737	0.0005333333333333334	0	0.5	0
C6W84_1230	hypothetical protein	CP027704.1	724197	723838	738	0.0005333333333333334	0	0.5	0
C6W84_1235	hypothetical protein	CP027704.1	724706	724356	739	0.0005333333333333334	0	0.5	0
C6W84_1240	hypothetical protein	CP027704.1	724959	725924	740	0.0005333333333333334	0	0.5	0
C6W84_03530	Uric acid degradation bifunctional protein	CP027704.1	726024	726527	741	0.00046666666666666666	0	0	0
C6W84_03535	5-hydroxyisourate hydrolase	CP027704.1	726524	726847	742	0.00046666666666666666	0	0	0
C6W84_03540	Uric acid permease PucK	CP027704.1	726872	728239	743	0.00046666666666666666	0	0	0
C6W84_03545	hypothetical protein	CP027704.1	728360	729088	744	0.00046666666666666666	0	0.5	0
C6W84_03550	FAD-dependent urate hydroxylase	CP027704.1	730299	729142	745	0.0002666666666666667	0	0	0
C6W84_03555	allantoicase	CP027704.1	730499	731509	746	0.00013333333333333334	0	0	0
C6W84_1245	Ureidoglycolate lyase	CP027704.1	731506	732009	747	0.00013333333333333334	0	0	0
C6W84_03565	3-oxoacyl-[acyl-carrier-protein] reductase FabG	CP027704.1	732907	732113	748	0.00013333333333333334	0	0	0
C6W84_03570	DNA topoisomerase 4 subunit B	CP027704.1	735248	733365	749	0.00013333333333333334	0	0	0
C6W84_03575	hypothetical protein	CP027704.1	735844	735263	750	0.00013333333333333334	0	0.5	0
C6W84_1250	hypothetical protein	CP027704.1	736057	736905	751	0.00013333333333333334	0	0.5	0
C6W84_1255	hypothetical protein	CP027704.1	737010	737399	752	0.00013333333333333334	0	0.5	0
C6W84_03585	hypothetical protein	CP027704.1	738129	737431	753	0.00013333333333333334	0	0.5	0
C6W84_1260	hypothetical protein	CP027704.1	739785	738343	754	6.666666666666667e-05	0	0.5	0
C6W84_03595	hypothetical protein	CP027704.1	739816	740748	755	6.666666666666667e-05	0	0.5	0
C6W84_1265	Actin cross-linking toxin VgrG1	CP027704.1	742550	740778	756	6.666666666666667e-05	0	0	0
C6W84_03605	Disulfide bond formation protein B	CP027704.1	743230	742715	757	6.666666666666667e-05	0	0	0
C6W84_03610	Glutamate--cysteine ligase	CP027704.1	744822	743245	758	6.666666666666667e-05	0	0	0
C6W84_03615	hypothetical protein	CP027704.1	744991	745530	759	0.0013333333333333333	0	0.5	0
C6W84_03620	hypothetical protein	CP027704.1	745590	746153	760	0.0013333333333333333	0	0.5	0
C6W84_03625	hypothetical protein	CP027704.1	746167	747477	761	0.0014	0	0.5	0
C6W84_1270	Methionine aminotransferase	CP027704.1	747505	748590	762	0.001466666666666667	0	0	0
C6W84_1275	Multidrug export protein MepA	CP027704.1	748944	750149	763	0.0016	0	0	0
C6W84_1280	Putative oxidoreductase SadH	CP027704.1	751018	750314	764	0.0016	0	0	0
C6W84_03645	HTH-type transcriptional regulator BetI	CP027704.1	751215	751886	765	0.0020666666666666667	0	0	0
C6W84_1285	Phosphate regulon transcriptional regulatory protein PhoB	CP027704.1	752142	752324	766	0.0024	0	0	0
C6W84_1290	Phosphate regulon transcriptional regulatory protein PhoB	CP027704.1	752303	752851	767	0.0024	0	0	0
C6W84_03655	Phosphate regulon sensor protein PhoR	CP027704.1	752861	754219	768	0.0024	0	0	0
C6W84_03660	putative inactive lipase	CP027704.1	755485	754289	769	0.0024	0	0	0
C6W84_1295	Phosphatidylserine decarboxylase proenzyme	CP027704.1	755987	755703	770	0.0024666666666666665	0	0	0
C6W84_1300	Phosphatidylserine decarboxylase proenzyme	CP027704.1	756553	755927	771	0.0027999999999999995	0	0	0
C6W84_1305	Thiosulfate sulfurtransferase	CP027704.1	757404	756550	772	0.0029333333333333334	0	0	0
C6W84_03680	Nicotinate phosphoribosyltransferase 2	CP027704.1	758763	757549	773	0.0032	0	0	0
C6W84_03685	D-aminoacyl-tRNA deacylase	CP027704.1	758932	759375	774	0.0033333333333333335	0	0	0
C6W84_1310	hypothetical protein	CP027704.1	759902	759417	775	0.004	0	0.5	0
C6W84_03695	hypothetical protein	CP027704.1	760485	760150	776	0.004933333333333334	0	0.5	0
C6W84_03705	Phosphoserine phosphatase SerB2	CP027704.1	762118	760895	777	0.005866666666666668	0	0	0
C6W84_1315	hypothetical protein	CP027704.1	762196	763485	778	0.007266666666666668	0	0.5	0
C6W84_03715	Riboflavin biosynthesis protein RibBA	CP027704.1	763723	764844	779	0.008	0	0	0
C6W84_03720	6,7-dimethyl-8-ribityllumazine synthase	CP027704.1	764856	765326	780	0.008333333333333333	0	0	0
C6W84_03725	N utilization substance protein B	CP027704.1	765330	765779	781	0.0084	0	0	0
C6W84_1320	hypothetical protein	CP027704.1	765795	765911	782	0.008466666666666667	0	0.5	0
C6W84_1325	Thiamine-monophosphate kinase	CP027704.1	765908	766711	783	0.0088	0	0	0
C6W84_03735	Phosphatidylglycerophosphatase A	CP027704.1	766689	767222	784	0.008933333333333333	0	0	0
C6W84_03740	Bifunctional protein GlmU	CP027704.1	767231	768595	785	0.008933333333333333	0	0	0
C6W84_03745	Glutamine--fructose-6-phosphate aminotransferase [isomerizing]	CP027704.1	768608	770446	786	0.0094	0	0	0
C6W84_03750	Transposon Tn7 transposition protein TnsA	CP027704.1	770601	771404	787	0.010066666666666668	0	0.75	0
C6W84_1330	hypothetical protein	CP027704.1	771388	771522	788	0.010066666666666668	0	0.5	0
C6W84_1335	Transposon Tn7 transposition protein TnsB	CP027704.1	771582	773531	789	0.0088	0	0.75	0
C6W84_1340	Transposon Tn7 transposition protein TnsC	CP027704.1	773561	773998	790	0.0088	0	0.75	0
C6W84_1345	Transposon Tn7 transposition protein TnsC	CP027704.1	774130	775242	791	0.008733333333333334	0	0.75	0
C6W84_03765	hypothetical protein	CP027704.1	775245	776744	792	0.008666666666666666	0	0.5	0
C6W84_03770	hypothetical protein	CP027704.1	777375	776797	793	0.008533333333333334	0	0.5	0
C6W84_03775	hypothetical protein	CP027704.1	778011	777403	794	0.008533333333333334	0	0.5	0
C6W84_1350	Iron import ATP-binding/permease protein IrtA	CP027704.1	778290	779807	795	0.008066666666666668	0	0	0
C6W84_1355	Iron import ATP-binding/permease protein IrtA	CP027704.1	779765	780079	796	0.0078000000000000005	0	0	0
C6W84_03785	Iron import ATP-binding/permease protein IrtB	CP027704.1	780073	781830	797	0.008066666666666668	0	0	0
C6W84_1360	Iron(3+)-hydroxamate import system permease protein FhuB	CP027704.1	781833	782657	798	0.0084	0	0	0
C6W84_03795	Iron-uptake system permease protein FeuB	CP027704.1	782773	783720	799	0.010533333333333334	0	0	0
C6W84_03800	putative siderophore transport system ATP-binding protein YusV	CP027704.1	783717	784493	800	0.010466666666666668	0	0	0
C6W84_03805	putative ABC transporter solute-binding protein YclQ	CP027704.1	784490	785464	801	0.010400000000000001	0	0	0
C6W84_1365	Ferrichrome receptor FcuA	CP027704.1	785609	786328	802	0.011800000000000001	0	0	0
C6W84_1370	Ferrichrome receptor FcuA	CP027704.1	786580	787725	803	0.012266666666666669	0	0	0
C6W84_03815	Ferric uptake regulation protein	CP027704.1	787920	788402	804	0.0134	0	0	0
C6W84_03820	Transposon Tn7 transposition protein TnsE	CP027704.1	788415	790010	805	0.013800000000000002	0	0.75	0
C6W84_1375	DNA replication and repair protein RecF	CP027704.1	790400	791437	806	0.014133333333333333	0	0	0
C6W84_03830	hypothetical protein	CP027704.1	792407	791475	807	0.014133333333333333	0	0.5	0
C6W84_1380	hypothetical protein	CP027704.1	792447	793298	808	0.01373333333333333	0	0.5	0
C6W84_1385	DNA helicase II	CP027704.1	793380	794261	809	0.013666666666666667	0	0	0
C6W84_1390	hypothetical protein	CP027704.1	794246	795133	810	0.014266666666666669	0	0.5	0
C6W84_1395	hypothetical protein	CP027704.1	795811	795563	811	0.014333333333333335	0	0.5	0
C6W84_03850	hypothetical protein	CP027704.1	796891	795959	812	0.014266666666666669	0	0.5	0
C6W84_1400	hypothetical protein	CP027704.1	797613	798008	813	0.014333333333333335	0	0.5	0
C6W84_1405	hypothetical protein	CP027704.1	798947	798045	814	0.014333333333333335	0	0.5	0
C6W84_1410	Insertion element IS6110 uncharacterized 12.0 kDa protein	CP027704.1	799264	798947	815	0.014333333333333335	0	0.5	0
C6W84_1415	hypothetical protein	CP027704.1	799285	799857	816	0.013866666666666668	0	0.5	0
C6W84_03870	Glutamate racemase 1	CP027704.1	800762	799962	817	0.013600000000000004	0	0	0
C6W84_03875	5'-nucleotidase	CP027704.1	801424	800786	818	0.01366666666666667	0	0	0
C6W84_1420	hypothetical protein	CP027704.1	803209	801524	819	0.01366666666666667	0	0.5	0
C6W84_1425	Formimidoylglutamase	CP027704.1	804556	803603	820	0.01366666666666667	0	0	0
C6W84_03890	Imidazolonepropionase	CP027704.1	805739	804534	821	0.01366666666666667	0	0	0
C6W84_03895	Proline-specific permease ProY	CP027704.1	807203	805791	822	0.01366666666666667	0	0	0
C6W84_03900	Histidine ammonia-lyase	CP027704.1	808806	807268	823	0.013733333333333339	0	0	0
C6W84_03905	Urocanate hydratase	CP027704.1	810570	808894	824	0.014066666666666672	0	0	0
C6W84_1430	Protein Ves	CP027704.1	811396	810821	825	0.014333333333333339	0	0	0
C6W84_03915	HTH-type transcriptional repressor YvoA	CP027704.1	812145	811393	826	0.016200000000000006	0	0	0
C6W84_03920	hypothetical protein	CP027704.1	812301	813233	827	0.015933333333333338	0	0.5	0
C6W84_1435	hypothetical protein	CP027704.1	813273	813563	828	0.015933333333333338	0	0.5	0
C6W84_03930	Putative metal chaperone YciC	CP027704.1	814861	813596	829	0.014133333333333336	0	0	0
C6W84_1440	hypothetical protein	CP027704.1	815686	814982	830	0.01426666666666667	0	0.5	0
C6W84_1445	Aromatic amino acid transport protein AroP	CP027704.1	816209	815850	831	0.016400000000000005	0	0	0
C6W84_1450	Aromatic amino acid transport protein AroP	CP027704.1	817060	816230	832	0.015200000000000002	0	0	0
C6W84_1455	Aromatic amino acid transport protein AroP	CP027704.1	817236	817060	833	0.016133333333333336	0	0	0
C6W84_03945	hypothetical protein	CP027704.1	817595	818902	834	0.015000000000000003	0	0.5	0
C6W84_03950	Maleylpyruvate isomerase	CP027704.1	818889	819521	835	0.014000000000000004	0	0	0
C6W84_03955	Putative ring-cleaving dioxygenase MhqA	CP027704.1	819539	820087	836	0.012866666666666669	0	0	0
C6W84_1460	hypothetical protein	CP027704.1	820551	821165	837	0.012000000000000002	0	0.5	0
C6W84_03965	4-hydroxyphenylpyruvate dioxygenase	CP027704.1	822285	821230	838	0.010933333333333333	0	0	0
C6W84_03970	hypothetical protein	CP027704.1	822809	823282	839	0.011466666666666665	0	0.5	0
C6W84_1465	Multidrug resistance protein NorM	CP027704.1	823906	823283	840	0.010866666666666667	0	0	0
C6W84_1470	hypothetical protein	CP027704.1	824124	823936	841	0.0108	0	0.5	0
C6W84_03980	Pantothenate precursors transporter PanS	CP027704.1	825225	824287	842	0.018600000000000002	0	0	0
C6W84_03985	Nicotinamidase	CP027704.1	825924	825280	843	0.01946666666666667	0	0	0
C6W84_03990	4-hydroxy-tetrahydrodipicolinate synthase	CP027704.1	826254	827147	844	0.021400000000000006	0	0	0
C6W84_1475	hypothetical protein	CP027704.1	827160	827765	845	0.021600000000000005	0	0.5	0
C6W84_04000	Phosphoribosylaminoimidazole-succinocarboxamide synthase	CP027704.1	827803	828522	846	0.02193333333333334	0	0	0
C6W84_04005	hypothetical protein	CP027704.1	828713	828916	847	0.02166666666666667	0	0.5	0
C6W84_04010	Inner membrane protein YfdC	CP027704.1	829201	830037	848	0.02193333333333334	0	0	0
C6W84_04015	Replication-associated recombination protein A	CP027704.1	831321	830056	849	0.02193333333333334	0	0	0
C6W84_1480	Aldose sugar dehydrogenase YliI	CP027704.1	832599	831427	850	0.02226666666666667	0	0	0
C6W84_04025	hypothetical protein	CP027704.1	833167	832709	851	0.022466666666666673	0	0.5	0
C6W84_04030	hypothetical protein	CP027704.1	833362	833520	852	0.022600000000000006	0	0.5	0
C6W84_04035	Carboxymethylenebutenolidase	CP027704.1	833692	834429	853	0.022600000000000006	0	0	0
C6W84_04040	AP-4-A phosphorylase	CP027704.1	834615	834977	854	0.022333333333333337	0	0	0
C6W84_04045	Adenine DNA glycosylase	CP027704.1	835118	836152	855	0.022066666666666672	0	0	0
C6W84_04050	L-Ala--D-Glu endopeptidase	CP027704.1	836200	836736	856	0.020133333333333336	0	0	0
C6W84_04055	hypothetical protein	CP027704.1	836746	836991	857	0.020133333333333336	0	0.5	0
C6W84_1485	DNA-3-methyladenine glycosylase 1	CP027704.1	837162	837608	858	0.0198	0	0	0
C6W84_1490	Aldehyde reductase Ahr	CP027704.1	837619	837801	859	0.01946666666666667	0	0	0
C6W84_1495	Aldehyde reductase Ahr	CP027704.1	837777	838646	860	0.019333333333333334	0	0	0
C6W84_04070	HTH-type transcriptional regulator NorG	CP027704.1	840073	838649	861	0.016933333333333335	0	0	0
C6W84_04080	hypothetical protein	CP027704.1	840164	840538	862	0.0166	0	0.5	0
C6W84_1500	hypothetical protein	CP027704.1	840686	840522	863	0.014933333333333335	0	0.5	0
C6W84_1505	HTH-type transcriptional regulator DmlR	CP027704.1	841324	840740	864	0.014866666666666669	0	0	0
C6W84_1510	2,5-diketo-D-gluconic acid reductase B	CP027704.1	841543	841740	865	0.014800000000000002	0	0	0
C6W84_1515	2,5-diketo-D-gluconic acid reductase B	CP027704.1	841825	842346	866	0.014666666666666668	0	0	0
C6W84_04095	Inner membrane transport protein YdhP	CP027704.1	842351	843541	867	0.014600000000000002	0	0	0
C6W84_1520	hypothetical protein	CP027704.1	844035	843580	868	0.014600000000000002	0	0.5	0
C6W84_1525	hypothetical protein	CP027704.1	844232	844032	869	0.01346666666666667	0	0.5	0
C6W84_04105	4-hydroxy-tetrahydrodipicolinate reductase	CP027704.1	845105	844284	870	0.013133333333333335	0	0	0
C6W84_04110	hypothetical protein	CP027704.1	845290	845640	871	0.01306666666666667	0	0.5	0
C6W84_04115	Chaperone protein DnaJ	CP027704.1	846867	845755	872	0.005266666666666668	0	0	0
C6W84_04120	hypothetical protein	CP027704.1	847349	846972	873	0.004066666666666667	0	0.5	0
C6W84_1530	Nickel and cobalt resistance protein CnrA	CP027704.1	847929	847489	874	0.0020000000000000005	0	0	0
C6W84_1535	Multidrug export protein AcrF	CP027704.1	850613	847926	875	0.0018000000000000002	0	0	0
C6W84_04130	Macrolide export protein MacA	CP027704.1	851716	850616	876	0.0014666666666666671	0	0	0
C6W84_1540	HTH-type transcriptional regulator AcrR	CP027704.1	851866	852285	877	0.0013333333333333335	0	0	0
C6W84_04140	Phosphoenolpyruvate carboxylase	CP027704.1	852659	855343	878	0.0010000000000000002	0	0	0
C6W84_04145	Putative pyrimidine permease RutG	CP027704.1	855644	856939	879	0.0010000000000000002	0	0	0
C6W84_1545	hypothetical protein	CP027704.1	857053	857622	880	0.0006666666666666668	0	0.5	0
C6W84_1550	hypothetical protein	CP027704.1	857709	858143	881	0.00046666666666666666	0	0.5	0
C6W84_04155	HTH-type transcriptional regulator CysL	CP027704.1	858208	859098	882	0.0003333333333333333	0	0	0
C6W84_1555	hypothetical protein	CP027704.1	859838	859107	883	0.0003333333333333333	0	0.5	0
C6W84_04165	hypothetical protein	CP027704.1	861206	859917	884	0.0002666666666666667	0	0.5	0
C6W84_1560	Dihydroxy-acid dehydratase	CP027704.1	863307	861520	885	0.0002666666666666667	0	0	0
C6W84_04175	Methionyl-tRNA formyltransferase	CP027704.1	863697	864659	886	0.0006666666666666666	0	0	0
C6W84_04180	Ribosomal RNA small subunit methyltransferase B	CP027704.1	864656	865960	887	0.0006666666666666666	0	0	0
C6W84_04185	hypothetical protein	CP027704.1	866146	866003	888	0.0006666666666666666	0	0.5	0
C6W84_04190	hypothetical protein	CP027704.1	867637	866159	889	0.0006666666666666666	0	0.5	0
C6W84_1565	hypothetical protein	CP027704.1	868266	868958	890	0.0006666666666666666	0	0.5	0
C6W84_04200	Disulfide-bond oxidoreductase YfcG	CP027704.1	869615	869016	891	0.0006666666666666666	0	0	0
C6W84_1570	Tyrosine--tRNA ligase	CP027704.1	877275	876061	892	0.0009333333333333333	0	0	0
C6W84_04240	Anhydro-N-acetylmuramic acid kinase	CP027704.1	877355	878482	893	0.0016	0	0	0
C6W84_1575	Epoxide hydrolase B	CP027704.1	878610	879014	894	0.0022	0	0	0
C6W84_1580	hypothetical protein	CP027704.1	879104	879454	895	0.003	0	0.5	0
C6W84_04250	Iron-sulfur cluster insertion protein ErpA	CP027704.1	879844	879509	896	0.003266666666666667	0	0	0
C6W84_1585	hypothetical protein	CP027704.1	880850	879969	897	0.0035333333333333336	0	0.5	0
C6W84_1590	hypothetical protein	CP027704.1	881235	880912	898	0.004	0	0.5	0
C6W84_1595	hypothetical protein	CP027704.1	881886	881275	899	0.004066666666666667	0	0.5	0
C6W84_04265	hypothetical protein	CP027704.1	883429	882422	900	0.004333333333333333	0	0.5	0
C6W84_1600	hypothetical protein	CP027704.1	884390	883686	901	0.004666666666666667	0	0.5	0
C6W84_1605	hypothetical protein	CP027704.1	884689	884387	902	0.004866666666666668	0	0.5	0
C6W84_04275	putative ABC transporter ATP-binding protein YheS	CP027704.1	884942	886873	903	0.0048000000000000004	0	0	0
C6W84_04280	putative membrane protein	CP027704.1	887124	887681	904	0.004933333333333334	0	0	0
C6W84_1610	hypothetical protein	CP027704.1	888158	887913	905	0.004933333333333334	0	0.5	0
C6W84_04290	DNA gyrase subunit B	CP027704.1	890664	888196	906	0.005066666666666667	0	0	0
C6W84_04295	DNA replication and repair protein RecF	CP027704.1	891799	890717	907	0.005066666666666667	0	0	0
C6W84_04300	DNA polymerase III subunit beta	CP027704.1	892962	891814	908	0.005066666666666667	0	0	0
C6W84_1615	Chromosomal replication initiator protein DnaA	CP027704.1	894022	893060	909	0.005066666666666667	0	0	0
C6W84_1620	Chromosomal replication initiator protein DnaA	CP027704.1	894456	894070	910	0.005133333333333334	0	0	0
C6W84_04310	50S ribosomal protein L34	CP027704.1	895126	895260	911	0	0	0	0
C6W84_04315	Ribonuclease P protein component	CP027704.1	895290	895682	912	0.006000000000000002	0	0	0
C6W84_04320	Putative membrane protein insertion efficiency factor	CP027704.1	895693	896013	913	0.006066666666666668	0	0	0
C6W84_04325	Membrane protein insertase YidC	CP027704.1	896019	897779	914	0.006266666666666669	0	0	0
C6W84_04330	tRNA modification GTPase MnmE	CP027704.1	897870	899225	915	0.006466666666666668	0	0	0
C6W84_04335	Prophage integrase IntA	CP027704.1	899430	900686	916	0.006133333333333335	0	1.5	0
C6W84_04340	hypothetical protein	CP027704.1	901266	901478	917	0.006266666666666669	0	0.5	0
C6W84_04345	hypothetical protein	CP027704.1	901611	904055	918	0.006333333333333335	0	0.5	0
C6W84_04350	hypothetical protein	CP027704.1	904414	904836	919	0.006333333333333335	0	0.5	0
C6W84_04355	hypothetical protein	CP027704.1	904836	905285	920	0.0065333333333333354	0	0.5	0
C6W84_04360	hypothetical protein	CP027704.1	906197	905667	921	0.006800000000000002	0	0.5	0
C6W84_1625	hypothetical protein	CP027704.1	906360	906665	922	0.0065333333333333354	0	0.5	0
C6W84_1630	hypothetical protein	CP027704.1	906800	907492	923	0.006133333333333335	0	0.5	0
C6W84_04370	hypothetical protein	CP027704.1	908476	909180	924	0.005733333333333335	0	0.5	0
C6W84_04375	hypothetical protein	CP027704.1	909180	909827	925	0.005133333333333335	0	0.5	0
C6W84_04380	Transcriptional repressor RcnR	CP027704.1	910244	909981	926	0.004933333333333335	0	0	0
C6W84_1635	Cadmium, cobalt and zinc/H(+)-K(+) antiporter	CP027704.1	910302	911282	927	0.004933333333333335	0	0	0
C6W84_04390	putative thiol:disulfide interchange protein DsbC	CP027704.1	911378	912076	928	0.005533333333333335	0	0	0
C6W84_04395	hypothetical protein	CP027704.1	912379	912128	929	0.005800000000000002	0	0.5	0
C6W84_04400	Hypoxanthine phosphoribosyltransferase	CP027704.1	913079	912552	930	0.005800000000000002	0	0	0
C6W84_04405	Guanine deaminase	CP027704.1	914618	913293	931	0.005733333333333336	0	0	0
C6W84_1640	Methylxanthine N1-demethylase NdmA	CP027704.1	915729	914695	932	0.005933333333333336	0	0	0
C6W84_1645	Putative acid--amine ligase YgiC	CP027704.1	917178	916162	933	0.006000000000000003	0	0	0
C6W84_1650	hypothetical protein	CP027704.1	917564	917196	934	0.005866666666666669	0	0.5	0
C6W84_04425	Inner membrane protein alx	CP027704.1	918708	917752	935	0.005933333333333336	0	0	0
C6W84_04430	Putative undecaprenyl-diphosphatase YbjG	CP027704.1	919623	919027	936	0.005866666666666669	0	0	0
C6W84_04435	hypothetical protein	CP027704.1	919929	921152	937	0.006000000000000003	0	0.5	0
C6W84_1655	hypothetical protein	CP027704.1	921394	922350	938	0.006133333333333336	0	0.5	0
C6W84_04445	UDP-N-acetylmuramate--L-alanyl-gamma-D-glutamyl- meso-2,6-diaminoheptandioate ligase	CP027704.1	923793	922420	939	0.006133333333333336	0	0	0
C6W84_1660	hypothetical protein	CP027704.1	924032	924397	940	0.006200000000000002	0	0.5	0
C6W84_04460	N5-carboxyaminoimidazole ribonucleotide mutase	CP027704.1	924581	925093	941	0.005800000000000002	0	0	0
C6W84_04465	N5-carboxyaminoimidazole ribonucleotide synthase	CP027704.1	925103	926224	942	0.005333333333333334	0	0	0
C6W84_04470	Membrane-bound lytic murein transglycosylase B	CP027704.1	926907	928199	943	0.006266666666666668	0	0	0
C6W84_1665	hypothetical protein	CP027704.1	928622	928248	944	0.008866666666666667	0	0.5	0
C6W84_1670	hypothetical protein	CP027704.1	929179	928736	945	0.0094	0	0.5	0
C6W84_1675	hypothetical protein	CP027704.1	929639	929208	946	0.009533333333333335	0	0.5	0
C6W84_1680	hypothetical protein	CP027704.1	930090	929824	947	0.009533333333333335	0	0.5	0
C6W84_1685	hypothetical protein	CP027704.1	930740	930240	948	0.009600000000000001	0	0.5	0
C6W84_04490	Chaperone protein DnaK	CP027704.1	933000	931072	949	0.010000000000000002	0	0	0
C6W84_04495	Protein GrpE	CP027704.1	933708	933154	950	0.010266666666666669	0	0	0
C6W84_1690	HTH-type transcriptional regulator DmlR	CP027704.1	934765	933872	951	0.010733333333333338	0	0	0
C6W84_04505	hypothetical protein	CP027704.1	934873	935169	952	0.013866666666666671	0	0.5	0
C6W84_1695	hypothetical protein	CP027704.1	935267	935494	953	0.016000000000000004	0	0.5	0
C6W84_1700	hypothetical protein	CP027704.1	935443	935739	954	0.016533333333333334	0	0.5	0
C6W84_04515	hypothetical protein	CP027704.1	936131	936361	955	0.017133333333333334	0	0.5	0
C6W84_04520	hypothetical protein	CP027704.1	936861	936535	956	0.018000000000000002	0	0.5	0
C6W84_04525	Carboxylesterase NlhH	CP027704.1	937072	938142	957	0.018733333333333334	0	0	0
C6W84_04530	Peptidyl-prolyl cis-trans isomerase A	CP027704.1	938286	938843	958	0.018466666666666673	0	0	0
C6W84_04560	hypothetical protein	CP027704.1	944689	945039	959	0.02086666666666667	0	0.5	0
C6W84_04565	FMN-dependent NADPH-azoreductase	CP027704.1	945627	945085	960	0.022200000000000004	0	0	0
C6W84_04570	FKBP-type 16 kDa peptidyl-prolyl cis-trans isomerase	CP027704.1	946243	945761	961	0.02326666666666667	0	0	0
C6W84_04575	Lipoprotein signal peptidase	CP027704.1	946775	946245	962	0.02453333333333334	0	0	0
C6W84_04580	Isoleucine--tRNA ligase	CP027704.1	949605	946768	963	0.026533333333333343	0	0	0
C6W84_04585	Riboflavin biosynthesis protein RibF	CP027704.1	950668	949667	964	0.02800000000000001	0	0	0
C6W84_04590	hypothetical protein	CP027704.1	950877	952010	965	0.031066666666666676	0	0.5	0
C6W84_04595	5'-methylthioadenosine/S-adenosylhomocysteine nucleosidase	CP027704.1	952091	952654	966	0.03266666666666668	0	0	0
C6W84_04600	hypothetical protein	CP027704.1	953910	952687	967	0.03466666666666667	0	0.5	0
C6W84_04605	HTH-type transcriptional regulator RutR	CP027704.1	954653	954033	968	0.036133333333333344	0	0	0
C6W84_04610	Aliphatic sulfonates import ATP-binding protein SsuB	CP027704.1	955714	954914	969	0.036133333333333344	0	0	0
C6W84_04615	Putative aliphatic sulfonates transport permease protein SsuC	CP027704.1	956525	955728	970	0.036133333333333344	0	0	0
C6W84_04620	Alkanesulfonate monooxygenase	CP027704.1	957697	956522	971	0.03620000000000001	0	0	0
C6W84_1705	Putative aliphatic sulfonates-binding protein	CP027704.1	958341	957982	972	0.03660000000000001	0	0	0
C6W84_1710	Putative aliphatic sulfonates-binding protein	CP027704.1	958706	958323	973	0.03553333333333334	0	0	0
C6W84_04630	Putative aliphatic sulfonates-binding protein	CP027704.1	959746	958778	974	0.03273333333333334	0	0	0
C6W84_04635	Amino-acid acetyltransferase	CP027704.1	961434	960079	975	0.032066666666666674	0	0	0
C6W84_04640	hypothetical protein	CP027704.1	961875	961555	976	0.032066666666666674	0	0.5	0
C6W84_1715	hypothetical protein	CP027704.1	962509	962099	977	0.03213333333333334	0	0.5	0
C6W84_1720	putative oxidoreductase YciK	CP027704.1	962942	962727	978	0.03253333333333334	0	0	0
C6W84_1725	putative oxidoreductase YciK	CP027704.1	963472	962939	979	0.03226666666666667	0	0	0
C6W84_1730	Phosphoglycolate phosphatase	CP027704.1	964236	963538	980	0.031866666666666675	0	0	0
C6W84_04660	Ubiquinone biosynthesis O-methyltransferase	CP027704.1	964949	964236	981	0.03153333333333334	0	0	0
C6W84_04665	Thiol:disulfide interchange protein DsbA	CP027704.1	965129	965746	982	0.03013333333333334	0	0	0
C6W84_04670	hypothetical protein	CP027704.1	966471	965824	983	0.027866666666666668	0	0.5	0
C6W84_04675	HTH-type transcriptional repressor FabR	CP027704.1	967246	966608	984	0.02746666666666667	0	0	0
C6W84_1735	NADPH oxidoreductase	CP027704.1	967420	968025	985	0.028333333333333335	0	0	0
C6W84_1740	NADPH oxidoreductase	CP027704.1	968097	968444	986	0.028866666666666676	0	0	0
C6W84_1745	NADPH-dependent stearoyl-CoA 9-desaturase	CP027704.1	968469	969617	987	0.028333333333333342	0	0	0
C6W84_04690	Ribonuclease PH	CP027704.1	969776	970492	988	0.03100000000000001	0	0	0
C6W84_04700	Non-hemolytic phospholipase C	CP027704.1	970781	972949	989	0.029000000000000005	0	0	0
C6W84_04705	hypothetical protein	CP027704.1	973353	973520	990	0.028200000000000006	0	0.5	0
C6W84_04710	Nicotinate-nucleotide pyrophosphorylase [carboxylating]	CP027704.1	974362	973517	991	0.027600000000000006	0	0	0
C6W84_1750	1,6-anhydro-N-acetylmuramyl-L-alanine amidase AmpD	CP027704.1	974758	975177	992	0.02693333333333334	0	0	0
C6W84_04720	putative lipid II flippase MurJ	CP027704.1	975183	976724	993	0.025333333333333336	0	0	0
C6W84_1755	putative FKBP-type peptidyl-prolyl cis-trans isomerase FkpA	CP027704.1	977465	976770	994	0.02453333333333334	0	0	0
C6W84_04730	putative FKBP-type peptidyl-prolyl cis-trans isomerase FkpA	CP027704.1	978237	977515	995	0.022000000000000006	0	0	0
C6W84_04735	Tyrosine-protein kinase ptk	CP027704.1	980625	978430	996	0.020733333333333336	0	0	0
C6W84_04740	Low molecular weight protein-tyrosine-phosphatase Ptp	CP027704.1	981075	980647	997	0.019800000000000005	0	0	0
C6W84_1760	hypothetical protein	CP027704.1	981199	981077	998	0.01853333333333334	0	0.5	0
C6W84_1765	Polysialic acid transport protein KpsD	CP027704.1	982218	981238	999	0.018866666666666674	0	0	0
C6W84_04750	UDP-N-acetyl-D-glucosamine 6-dehydrogenase	CP027704.1	982381	983658	1000	0.01913333333333334	0	0	0
C6W84_04755	dTDP-glucose 4,6-dehydratase	CP027704.1	983688	984746	1001	0.019466666666666674	0	0	0
C6W84_04760	Glucose-1-phosphate thymidylyltransferase 2	CP027704.1	984746	985618	1002	0.019466666666666674	0	0	0
C6W84_04765	TDP-4-oxo-6-deoxy-alpha-D-glucose-3, 4-oxoisomerase	CP027704.1	985621	986019	1003	0.019466666666666674	0	0	0
C6W84_04770	hypothetical protein	CP027704.1	986019	986561	1004	0.01973333333333334	0	0.5	0
C6W84_1770	(R)-specific enoyl-CoA hydratase	CP027704.1	986564	986971	1005	0.020000000000000007	0	0	0
C6W84_04780	dTDP-3-amino-3,6-dideoxy-alpha-D-galactopyranose transaminase	CP027704.1	986982	988097	1006	0.019800000000000005	0	0	0
C6W84_04785	Lipid III flippase	CP027704.1	988099	989349	1007	0.019600000000000006	0	0	0
C6W84_04790	hypothetical protein	CP027704.1	989353	990501	1008	0.019133333333333336	0	0.5	0
C6W84_04800	hypothetical protein	CP027704.1	990874	991383	1009	0.019000000000000003	0	0.5	0
C6W84_1775	hypothetical protein	CP027704.1	991428	991889	1010	0.018933333333333337	0	0.5	0
C6W84_04810	N-acetyl-alpha-D-glucosaminyl L-malate synthase	CP027704.1	991895	992920	1011	0.019000000000000003	0	0	0
C6W84_1780	hypothetical protein	CP027704.1	992926	993081	1012	0.017800000000000003	0	0.5	0
C6W84_1785	UDP-Gal:alpha-D-GlcNAc-diphosphoundecaprenol beta-1,3-galactosyltransferase	CP027704.1	993120	993755	1013	0.018000000000000002	0	0	0
C6W84_04820	putative sugar transferase EpsL	CP027704.1	993768	994388	1014	0.017600000000000005	0	0	0
C6W84_04825	UTP--glucose-1-phosphate uridylyltransferase	CP027704.1	994413	995288	1015	0.016133333333333336	0	0	0
C6W84_1790	UDP-glucose 6-dehydrogenase TuaD	CP027704.1	995404	996393	1016	0.016600000000000004	0	0	0
C6W84_1795	UDP-glucose 6-dehydrogenase	CP027704.1	996366	996665	1017	0.01766666666666667	0	0	0
C6W84_04835	Glucose-6-phosphate isomerase	CP027704.1	996662	998332	1018	0.01586666666666667	0	0	0
C6W84_04840	UDP-glucose 4-epimerase	CP027704.1	998325	999344	1019	0.0178	0	0	0
C6W84_1800	hypothetical protein	CP027704.1	999480	1000682	1020	0.028866666666666665	0	0.5	0
C6W84_1805	hypothetical protein	CP027704.1	1000739	1001320	1021	0.04613333333333334	0	0.5	0
C6W84_04850	Phosphomannomutase/phosphoglucomutase	CP027704.1	1002718	1001348	1022	0.04800000000000001	0	0	0
C6W84_1810	L-lactate permease	CP027704.1	1003099	1003386	1023	0.060133333333333344	0	0	0
C6W84_1815	L-lactate permease	CP027704.1	1003452	1004759	1024	0.06053333333333334	0	0	0
C6W84_1820	Putative L-lactate dehydrogenase operon regulatory protein	CP027704.1	1004779	1005231	1025	0.0668	0	0	0
C6W84_1825	Putative L-lactate dehydrogenase operon regulatory protein	CP027704.1	1005207	1005530	1026	0.06706666666666666	0	0	0
C6W84_04865	L-lactate dehydrogenase	CP027704.1	1005527	1006678	1027	0.0662	0	0	0
C6W84_1830	D-lactate dehydrogenase	CP027704.1	1006970	1008676	1028	0.07273333333333334	0	0	0
C6W84_1835	Aromatic-amino-acid aminotransferase	CP027704.1	1009890	1008724	1029	0.08080000000000001	0	0	0
C6W84_04880	putative D-xylose utilization operon transcriptional repressor	CP027704.1	1010453	1011163	1030	0.09113333333333333	0	0	0
C6W84_04885	2-methylisocitrate lyase	CP027704.1	1011156	1012040	1031	0.09840000000000002	0	0	0
C6W84_04890	2-methylcitrate synthase	CP027704.1	1012310	1013467	1032	0.10833333333333334	0	0	0
C6W84_04895	2-methylcitrate dehydratase (2-methyl-trans-aconitate forming)	CP027704.1	1013467	1016073	1033	0.1148	0	0	0
C6W84_1840	hypothetical protein	CP027704.1	1016154	1017233	1034	0.12466666666666666	0	0.5	0
C6W84_1845	hypothetical protein	CP027704.1	1017278	1017757	1035	0.12966666666666668	1	0.5	0
C6W84_04910	hypothetical protein	CP027704.1	1017844	1018590	1036	0.13620000000000002	1	0.5	0
C6W84_1850	hypothetical protein	CP027704.1	1018956	1019090	1037	0.13873333333333332	1	0.5	0
C6W84_04920	hypothetical protein	CP027704.1	1019219	1020151	1038	0.14073333333333335	1	0.5	0
C6W84_1855	hypothetical protein	CP027704.1	1020274	1020606	1039	0.1414	1	0.5	0
C6W84_1860	hypothetical protein	CP027704.1	1020612	1020767	1040	0.142	1	0.5	0
C6W84_1865	hypothetical protein	CP027704.1	1021057	1021236	1041	0.14239999999999997	1	0.5	0
C6W84_04935	hypothetical protein	CP027704.1	1021356	1021766	1042	0.14259999999999998	1	0.5	0
C6W84_1870	hypothetical protein	CP027704.1	1021720	1022133	1043	0.14253333333333332	1	0.5	0
C6W84_04945	hypothetical protein	CP027704.1	1022162	1022638	1044	0.1452	1	0.5	0
C6W84_04950	putative oxidoreductase	CP027704.1	1023427	1022726	1045	0.1482	1	0	0
C6W84_1875	hypothetical protein	CP027704.1	1024230	1024802	1046	0.14673333333333333	1	0.5	0
C6W84_1880	Ribosomal large subunit pseudouridine synthase A	CP027704.1	1025042	1025617	1047	0.14726666666666668	1	0	0
C6W84_04965	Regulator of ribonuclease activity B	CP027704.1	1025817	1026191	1048	0.1456	1	0	0
C6W84_04970	hypothetical protein	CP027704.1	1026220	1026600	1049	0.14286666666666667	1	0.5	0
C6W84_1885	Ferrichrome-iron receptor	CP027704.1	1028744	1026645	1050	0.13099999999999998	1	0	0
C6W84_04980	hypothetical protein	CP027704.1	1028820	1029965	1051	0.11313333333333331	0	0.5	0
C6W84_04985	Leucine-responsive regulatory protein	CP027704.1	1030473	1030006	1052	0.11066666666666665	0	0	0
C6W84_04990	D-amino acid dehydrogenase 1	CP027704.1	1030610	1031875	1053	0.09839999999999997	0	0	0
C6W84_1890	Alanine racemase, catabolic	CP027704.1	1031896	1032330	1054	0.09919999999999997	0	0	0
C6W84_1895	Alanine racemase, catabolic	CP027704.1	1032363	1032998	1055	0.09299999999999997	0	0	0
C6W84_05000	2-iminobutanoate/2-iminopropanoate deaminase	CP027704.1	1033009	1033368	1056	0.09233333333333331	0	0	0
C6W84_05005	hypothetical protein	CP027704.1	1033442	1034374	1057	0.09219999999999996	0	0.5	0
C6W84_05010	D-serine/D-alanine/glycine transporter	CP027704.1	1034579	1036018	1058	0.08586666666666662	0	0	0
C6W84_1900	D-serine/D-alanine/glycine transporter	CP027704.1	1036389	1037819	1059	0.07746666666666664	0	0	0
C6W84_05020	Methylmalonate-semialdehyde dehydrogenase [acylating]	CP027704.1	1038162	1039679	1060	0.06686666666666667	0	0	0
C6W84_05025	3-hydroxyisobutyrate dehydrogenase	CP027704.1	1039691	1040581	1061	0.059333333333333356	0	0	0
C6W84_05030	Acetyl-coenzyme A synthetase	CP027704.1	1040663	1042312	1062	0.04906666666666668	0	0	0
C6W84_05035	Acyl-CoA dehydrogenase	CP027704.1	1042324	1043451	1063	0.0426	0	0	0
C6W84_05040	putative enoyl-CoA hydratase echA8	CP027704.1	1043473	1044246	1064	0.03253333333333334	0	0	0
C6W84_05045	Short-chain-enoyl-CoA hydratase	CP027704.1	1044259	1045284	1065	0.027466666666666677	0	0	0
C6W84_05050	Inner membrane metabolite transport protein YhjE	CP027704.1	1045404	1046756	1066	0.021733333333333337	0	0	0
C6W84_1905	Acyl-homoserine-lactone synthase	CP027704.1	1047136	1046849	1067	0.021200000000000004	0	0	0
C6W84_05070	DNA-binding transcriptional regulator BolA	CP027704.1	1047675	1047983	1068	0.02246666666666667	0	0	0
C6W84_05075	hypothetical protein	CP027704.1	1047995	1048387	1069	0.0264	0	0.5	0
C6W84_05080	Chromosome partitioning protein ParA	CP027704.1	1048464	1049306	1070	0.026800000000000004	0	0	0
C6W84_05085	hypothetical protein	CP027704.1	1049317	1049703	1071	0.02886666666666667	0	0.5	0
C6W84_05090	hypothetical protein	CP027704.1	1049919	1050509	1072	0.029466666666666672	0	0.5	0
C6W84_05095	putative membrane protein	CP027704.1	1051158	1050517	1073	0.03053333333333334	0	0	0
C6W84_1910	hypothetical protein	CP027704.1	1051352	1051540	1074	0.028266666666666673	0	0.5	0
C6W84_1915	Inner membrane protein YqjF	CP027704.1	1051510	1051788	1075	0.025200000000000004	0	0	0
C6W84_05105	hypothetical protein	CP027704.1	1053077	1051848	1076	0.02526666666666667	0	0.5	0
C6W84_05110	GMP synthase [glutamine-hydrolyzing]	CP027704.1	1053452	1055020	1077	0.023266666666666668	0	0	0
C6W84_05115	Streptomycin 3''-adenylyltransferase	CP027704.1	1055086	1055874	1078	0.023533333333333337	0	0	0
C6W84_05120	Transcriptional regulator YqjI	CP027704.1	1056097	1056624	1079	0.023866666666666668	0	0	0
C6W84_05125	hypothetical protein	CP027704.1	1056685	1056990	1080	0.023866666666666668	0	0.5	0
C6W84_05130	Quercetin 2,3-dioxygenase	CP027704.1	1057147	1058094	1081	0.0238	0	0	0
C6W84_05135	hypothetical protein	CP027704.1	1058091	1058498	1082	0.023466666666666674	0	0.5	0
C6W84_05140	Glutathione S-transferase GstB	CP027704.1	1058611	1059279	1083	0.02313333333333334	0	0	0
C6W84_05145	Cell division protein FtsN	CP027704.1	1059949	1059323	1084	0.02126666666666667	0	0	0
C6W84_05150	Arginine--tRNA ligase	CP027704.1	1061893	1060103	1085	0.020600000000000004	0	0	0
C6W84_05155	NAD-dependent malic enzyme	CP027704.1	1062388	1064085	1086	0.020600000000000004	0	0	0
C6W84_05160	putative deferrochelatase/peroxidase YfeX	CP027704.1	1065051	1064131	1087	0.02046666666666667	0	0	0
C6W84_05165	Homoserine/homoserine lactone efflux protein	CP027704.1	1065209	1065835	1088	0.02	0	0	0
C6W84_1920	High-affinity zinc uptake system membrane protein ZnuB	CP027704.1	1066548	1066030	1089	0.02	0	0	0
C6W84_1925	hypothetical protein	CP027704.1	1066637	1066491	1090	0.019933333333333334	0	0.5	0
C6W84_1930	Zinc import ATP-binding protein ZnuC	CP027704.1	1067420	1066641	1091	0.019799999999999998	0	0	0
C6W84_1935	Zinc uptake regulation protein	CP027704.1	1067899	1067402	1092	0.019866666666666664	0	0	0
C6W84_05185	High-affinity zinc uptake system protein ZnuA	CP027704.1	1068027	1068866	1093	0.019866666666666664	0	0	0
C6W84_1940	hypothetical protein	CP027704.1	1069036	1069281	1094	0.019799999999999998	0	0.5	0
C6W84_05195	ATP synthase subunit a	CP027704.1	1069538	1070413	1095	0.019533333333333333	0	0	0
C6W84_05200	ATP synthase subunit c	CP027704.1	1070498	1070743	1096	0.01906666666666667	0	0	0
C6W84_05205	ATP synthase subunit b	CP027704.1	1070782	1071252	1097	0.017066666666666667	0	0	0
C6W84_05210	ATP synthase subunit delta	CP027704.1	1071265	1071801	1098	0.013733333333333335	0	0	0
C6W84_05215	ATP synthase subunit alpha	CP027704.1	1071848	1073392	1099	0.009200000000000003	0	0	0
C6W84_05220	ATP synthase gamma chain	CP027704.1	1073470	1074339	1100	0.008200000000000002	0	0	0
C6W84_05225	ATP synthase subunit beta 1	CP027704.1	1074370	1075764	1101	0.005266666666666668	0	0	0
C6W84_05230	ATP synthase epsilon chain	CP027704.1	1075782	1076201	1102	0.003933333333333334	0	0	0
C6W84_05235	hypothetical protein	CP027704.1	1076862	1076263	1103	0.0027333333333333337	0	0.5	0
C6W84_05240	Thioredoxin/glutathione peroxidase BtuE	CP027704.1	1077552	1077007	1104	0.0023333333333333335	0	0	0
C6W84_05245	HTH-type transcriptional regulator NimR	CP027704.1	1078439	1077675	1105	0.0022000000000000006	0	0	0
C6W84_05250	Purine ribonucleoside efflux pump NepI	CP027704.1	1079675	1078461	1106	0.0016666666666666668	0	0	0
C6W84_1945	HTH-type transcriptional repressor ComR	CP027704.1	1079821	1080462	1107	0.0016666666666666672	0	0	0
C6W84_1950	hypothetical protein	CP027704.1	1080580	1081488	1108	0.0014000000000000004	0	0.5	0
C6W84_05265	Threonylcarbamoyl-AMP synthase	CP027704.1	1082450	1081881	1109	0.0011333333333333334	0	0	0
C6W84_1955	DNA processing protein DprA	CP027704.1	1083652	1082501	1110	0.0011333333333333334	0	0	0
C6W84_05275	hypothetical protein	CP027704.1	1084806	1083652	1111	0.0010666666666666667	0	0.5	0
C6W84_05280	Peptide deformylase	CP027704.1	1084929	1085459	1112	0.0010666666666666667	0	0	0
C6W84_05285	hypothetical protein	CP027704.1	1085496	1085924	1113	0.0013333333333333333	0	0.5	0
C6W84_05290	Vitamin B12 transporter BtuB	CP027704.1	1085997	1088084	1114	0.0020666666666666667	0	0	0
C6W84_05295	hypothetical protein	CP027704.1	1088138	1088344	1115	0.0023333333333333335	0	0.5	0
C6W84_1960	hypothetical protein	CP027704.1	1088620	1088414	1116	0.0026666666666666666	0	0.5	0
C6W84_1965	Rubber oxygenase	CP027704.1	1089627	1088617	1117	0.0030666666666666668	0	0	0
C6W84_05305	putative HTH-type transcriptional regulator	CP027704.1	1089716	1090312	1118	0.003533333333333333	0	0	0
C6W84_05335	Aminoglycoside 2'-N-acetyltransferase	CP027704.1	1096313	1096855	1119	0.0037999999999999996	0	0	0
C6W84_05340	Cysteine synthase A	CP027704.1	1097062	1098060	1120	0.003733333333333333	0	0	0
C6W84_1970	Soluble lytic murein transglycosylase	CP027704.1	1098603	1098151	1121	0.004266666666666667	0	0	0
C6W84_05350	p-benzoquinone reductase	CP027704.1	1099598	1099032	1122	0.0042	0	0	0
C6W84_05355	hypothetical protein	CP027704.1	1100100	1099615	1123	0.004600000000000001	0	0.5	0
C6W84_05360	HTH-type transcriptional regulator CueR	CP027704.1	1100182	1100586	1124	0.0048000000000000004	0	0	0
C6W84_05365	hypothetical protein	CP027704.1	1100734	1101993	1125	0.005000000000000001	0	0.5	0
C6W84_05370	Ribosomal protein S12 methylthiotransferase RimO	CP027704.1	1102208	1104586	1126	0	0	0	0
C6W84_05375	hypothetical protein	CP027704.1	1104900	1105400	1127	0.005866666666666668	0	0.5	0
C6W84_05380	RutC family protein	CP027704.1	1105899	1105546	1128	0.007266666666666668	0	0	0
C6W84_05385	DNA polymerase IV	CP027704.1	1107275	1106220	1129	0.009333333333333334	0	0	0
C6W84_05390	Lysozyme M1	CP027704.1	1107969	1107277	1130	0.0108	0	0	0
C6W84_1975	putative transport protein HsrA	CP027704.1	1109071	1108112	1131	0.012466666666666666	0	0	0
C6W84_1980	Putative multidrug resistance protein MdtD	CP027704.1	1109502	1109113	1132	0.015666666666666666	0	0	0
C6W84_1985	LOG family protein YvdD	CP027704.1	1110323	1109700	1133	0.018066666666666665	0	0	0
C6W84_05405	Magnesium and cobalt efflux protein CorC	CP027704.1	1110647	1112239	1134	0.025266666666666663	0	0	0
C6W84_05410	hypothetical protein	CP027704.1	1112311	1112778	1135	0.026	0	0.5	0
C6W84_1990	hypothetical protein	CP027704.1	1112824	1112991	1136	0.027066666666666666	0	0.5	0
C6W84_1995	hypothetical protein	CP027704.1	1113066	1113467	1137	0.027	0	0.5	0
C6W84_05420	Putative niacin/nicotinamide transporter NaiP	CP027704.1	1113550	1114869	1138	0.027	0	0	0
C6W84_2000	DNA topoisomerase 4 subunit A	CP027704.1	1115022	1116743	1139	0.02693333333333333	0	0	0
C6W84_2005	DNA topoisomerase 4 subunit A	CP027704.1	1116812	1117240	1140	0.027533333333333333	0	0	0
C6W84_05430	Long-chain-fatty-acid--CoA ligase	CP027704.1	1117538	1119217	1141	0.027533333333333333	0	0	0
C6W84_05435	hypothetical protein	CP027704.1	1119640	1119257	1142	0.029	0	0.5	0
C6W84_2010	hypothetical protein	CP027704.1	1119747	1120145	1143	0.029	0	0.5	0
C6W84_05445	Inorganic pyrophosphatase	CP027704.1	1120273	1120800	1144	0.028800000000000003	0	0	0
C6W84_05450	Porin D	CP027704.1	1122202	1120907	1145	0.030266666666666674	0	0	0
C6W84_2015	hypothetical protein	CP027704.1	1122900	1123070	1146	0.030266666666666674	0	0.5	0
C6W84_05455	hypothetical protein	CP027704.1	1123126	1123938	1147	0.030666666666666675	0	0.5	0
C6W84_2020	4-hydroxy-tetrahydrodipicolinate synthase	CP027704.1	1124430	1123981	1148	0.03060000000000001	0	0	0
C6W84_2025	4-hydroxy-tetrahydrodipicolinate synthase	CP027704.1	1124858	1124415	1149	0.03073333333333334	0	0	0
C6W84_2030	Decarboxylase NovR	CP027704.1	1125649	1124927	1150	0.030800000000000008	0	0	0
C6W84_2035	HTH-type transcriptional regulator TauR	CP027704.1	1125760	1126233	1151	0.030266666666666674	0	0	0
C6W84_2040	HTH-type transcriptional regulatory protein GabR	CP027704.1	1126197	1126667	1152	0.030533333333333343	0	0	0
C6W84_2045	HTH-type transcriptional regulatory protein GabR	CP027704.1	1126655	1127170	1153	0.030133333333333342	0	0	0
C6W84_2050	Competence protein ComM	CP027704.1	1128622	1127207	1154	0.029933333333333343	0	0	0
C6W84_05480	hypothetical protein	CP027704.1	1128986	1128759	1155	0.030066666666666676	0	0.5	0
C6W84_05485	Nitrogen regulatory protein P-II 2	CP027704.1	1129266	1129604	1156	0.029933333333333343	0	0	0
C6W84_2055	Ammonia channel	CP027704.1	1129669	1130799	1157	0.028866666666666676	0	0	0
C6W84_2060	Ammonia channel	CP027704.1	1130772	1131056	1158	0.027466666666666677	0	0	0
C6W84_2065	Transcriptional repressor NrdR	CP027704.1	1131364	1131672	1159	0.02533333333333334	0	0	0
C6W84_05500	Riboflavin biosynthesis protein RibD	CP027704.1	1131688	1132773	1160	0.02386666666666668	0	0	0
C6W84_05505	Modification methylase FokI	CP027704.1	1132770	1134062	1161	0.022200000000000008	0	0	0
C6W84_05510	Riboflavin synthase	CP027704.1	1134105	1134764	1162	0.019000000000000003	0	0	0
C6W84_05515	hypothetical protein	CP027704.1	1135040	1134822	1163	0.01646666666666667	0	0.5	0
C6W84_2070	hypothetical protein	CP027704.1	1135806	1135171	1164	0.009333333333333334	0	0.5	0
C6W84_05525	hypothetical protein	CP027704.1	1136255	1135848	1165	0.008733333333333336	0	0.5	0
C6W84_05530	Cytosol aminopeptidase	CP027704.1	1137696	1136248	1166	0.007666666666666669	0	0	0
C6W84_05535	Lipopolysaccharide export system permease protein LptF	CP027704.1	1137840	1138940	1167	0.007666666666666669	0	0	0
C6W84_05540	Lipopolysaccharide export system permease protein LptG	CP027704.1	1138940	1140010	1168	0.007666666666666669	0	0	0
C6W84_2075	hypothetical protein	CP027704.1	1140136	1140249	1169	0.007666666666666669	0	0.5	0
C6W84_2080	2,3-bisphosphoglycerate-independent phosphoglycerate mutase	CP027704.1	1140255	1141682	1170	0.007066666666666668	0	0	0
C6W84_2085	hypothetical protein	CP027704.1	1141698	1142084	1171	0.007066666666666668	0	0.5	0
C6W84_2090	putative CtpA-like serine protease	CP027704.1	1142081	1142827	1172	0.0055333333333333345	0	0	0
C6W84_2095	hypothetical protein	CP027704.1	1142997	1142884	1173	0.005266666666666668	0	0.5	0
C6W84_2100	Transcriptional regulatory protein ZraR	CP027704.1	1144304	1143048	1174	0.004733333333333334	0	0	0
C6W84_2105	Sporulation kinase E	CP027704.1	1145895	1144522	1175	0.003	0	0	0
C6W84_05565	Response regulator UvrY	CP027704.1	1146541	1145906	1176	0.0026666666666666666	0	0	0
C6W84_05570	D-alanyl-D-alanine endopeptidase	CP027704.1	1146793	1147800	1177	0.0018000000000000002	0	0	0
C6W84_05575	Threonine synthase	CP027704.1	1149048	1147909	1178	0.0013333333333333335	0	0	0
C6W84_05580	Homoserine dehydrogenase	CP027704.1	1150405	1149104	1179	0.0009333333333333333	0	0	0
C6W84_05585	Thiol:disulfide interchange protein DsbC	CP027704.1	1151465	1150650	1180	0.001	0	0	0
C6W84_05590	Tyrosine recombinase XerD	CP027704.1	1152532	1151612	1181	0.001	0	1.5	0
C6W84_2110	hypothetical protein	CP027704.1	1152640	1152939	1182	0.0008666666666666667	0	0.5	0
C6W84_05600	Fe(2+) transporter FeoB	CP027704.1	1152936	1154789	1183	0.0014	0	0	0
C6W84_05605	hypothetical protein	CP027704.1	1154810	1155061	1184	0.0015333333333333334	0	0.5	0
C6W84_05610	UDP-N-acetylmuramoylalanine--D-glutamate ligase	CP027704.1	1155222	1156568	1185	0.001466666666666667	0	0	0
C6W84_05615	putative peptidoglycan glycosyltransferase FtsW	CP027704.1	1156593	1157789	1186	0.002266666666666667	0	0	0
C6W84_05620	Glutamyl-Q tRNA(Asp) synthetase	CP027704.1	1158771	1157839	1187	0.0044	0	0	0
C6W84_05625	RNA polymerase-binding transcription factor DksA	CP027704.1	1159310	1158774	1188	0.0054	0	0	0
C6W84_05630	3',5'-cyclic adenosine monophosphate phosphodiesterase CpdA	CP027704.1	1160333	1159521	1189	0.0058000000000000005	0	0	0
C6W84_05635	ADP-ribose pyrophosphatase	CP027704.1	1160964	1160338	1190	0.006733333333333333	0	0	0
C6W84_05640	Phosphomethylpyrimidine synthase	CP027704.1	1162916	1161039	1191	0.0074	0	0	0
C6W84_05645	hypothetical protein	CP027704.1	1164239	1163175	1192	0.009266666666666668	0	0.5	0
C6W84_05650	hypothetical protein	CP027704.1	1164365	1164946	1193	0.013133333333333334	0	0.5	0
C6W84_2115	hypothetical protein	CP027704.1	1164939	1165103	1194	0.015533333333333335	0	0.5	0
C6W84_2120	hypothetical protein	CP027704.1	1165213	1165527	1195	0.0154	0	0.5	0
C6W84_2125	hypothetical protein	CP027704.1	1165470	1165841	1196	0.01566666666666667	0	0.5	0
C6W84_2130	Outer membrane protein TolC	CP027704.1	1165922	1167268	1197	0.015933333333333334	0	0	0
C6W84_05665	Phosphate-specific transport system accessory protein PhoU	CP027704.1	1167376	1168098	1198	0.019933333333333338	0	0	0
C6W84_05670	putative Fe(2+)-trafficking protein	CP027704.1	1168683	1168414	1199	0.02093333333333334	0	0	0
C6W84_2135	Argininosuccinate lyase	CP027704.1	1170072	1168693	1200	0.022066666666666672	0	0	0
C6W84_05680	Sensor histidine kinase YpdA	CP027704.1	1170117	1171256	1201	0.02466666666666667	0	0	0
C6W84_05685	Transcriptional regulatory protein YehT	CP027704.1	1171317	1172057	1202	0.0268	0	0	0
C6W84_05690	Porphobilinogen deaminase	CP027704.1	1172146	1173075	1203	0.027866666666666668	0	0	0
C6W84_05695	Uroporphyrinogen-III synthase	CP027704.1	1173080	1173823	1204	0.031733333333333336	0	0	0
C6W84_05700	hypothetical protein	CP027704.1	1173855	1174694	1205	0.0334	0	0.5	0
C6W84_2140	hypothetical protein	CP027704.1	1174704	1175150	1206	0.036533333333333334	0	0.5	0
C6W84_2145	hypothetical protein	CP027704.1	1175135	1175896	1207	0.037733333333333334	0	0.5	0
C6W84_2150	Putative esterase	CP027704.1	1175903	1176343	1208	0.03846666666666667	0	0	0
C6W84_05715	Trans-acting regulatory protein HvrA	CP027704.1	1176538	1176864	1209	0.039200000000000006	0	0	0
C6W84_05720	hypothetical protein	CP027704.1	1177196	1177939	1210	0.039400000000000004	0	0.5	0
C6W84_05725	hypothetical protein	CP027704.1	1177939	1178775	1211	0.03966666666666667	0	0.5	0
C6W84_05730	Type II secretion system protein D	CP027704.1	1178817	1181093	1212	0.040066666666666674	0	0	0
C6W84_05735	FHA domain-containing protein FhaA	CP027704.1	1181134	1181763	1213	0.039866666666666675	0	0	0
C6W84_05740	Phosphoglycolate phosphatase	CP027704.1	1181829	1182497	1214	0.040066666666666674	0	0	0
C6W84_05745	Anthranilate synthase component 1	CP027704.1	1182606	1184099	1215	0.04046666666666667	0	0	0
C6W84_05770	Elongation factor Tu	CP027704.1	1184776	1185966	1216	0.03966666666666667	0	0	0
C6W84_05780	Protein translocase subunit SecE	CP027704.1	1186178	1186618	1217	0.037533333333333335	0	0	0
C6W84_05785	Transcription termination/antitermination protein NusG	CP027704.1	1186626	1187159	1218	0.0366	0	0	0
C6W84_05790	50S ribosomal protein L11	CP027704.1	1187268	1187696	1219	0	0	0	0
C6W84_05795	50S ribosomal protein L1	CP027704.1	1187700	1188395	1220	0	0	0	0
C6W84_05800	50S ribosomal protein L10	CP027704.1	1188715	1189221	1221	0	0	0	0
C6W84_05805	50S ribosomal protein L7/L12	CP027704.1	1189264	1189635	1222	0	0	0	0
C6W84_05810	DNA-directed RNA polymerase subunit beta	CP027704.1	1189942	1194030	1223	0.02913333333333334	0	0	0
C6W84_05815	DNA-directed RNA polymerase subunit beta'	CP027704.1	1194117	1198310	1224	0.026800000000000004	0	0	0
C6W84_05820	hypothetical protein	CP027704.1	1198477	1198842	1225	0.027400000000000004	0	0.5	0
C6W84_05825	hypothetical protein	CP027704.1	1199056	1199412	1226	0.027333333333333338	0	0.5	0
C6W84_05830	hypothetical protein	CP027704.1	1199938	1199441	1227	0.028200000000000006	0	0.5	0
C6W84_2155	putative oxidoreductase EphD	CP027704.1	1200062	1200934	1228	0.02473333333333334	0	0	0
C6W84_05840	hypothetical protein	CP027704.1	1201039	1202463	1229	0.024466666666666675	0	0.5	0
C6W84_2160	hypothetical protein	CP027704.1	1202851	1203369	1230	0.023666666666666673	0	0.5	0
C6W84_2165	hypothetical protein	CP027704.1	1203551	1203907	1231	0.02153333333333334	0	0.5	0
C6W84_2170	Chaperone protein HtpG	CP027704.1	1204010	1205437	1232	0.020000000000000007	0	0	0
C6W84_2175	Chaperone protein HtpG	CP027704.1	1205437	1205928	1233	0.019333333333333338	0	0	0
C6W84_2180	hypothetical protein	CP027704.1	1206935	1206012	1234	0.01573333333333334	0	0.5	0
C6W84_05865	hypothetical protein	CP027704.1	1208174	1207035	1235	0.014266666666666672	0	0.5	0
C6W84_05870	hypothetical protein	CP027704.1	1209237	1208533	1236	0.01146666666666667	0	0.5	0
C6W84_05875	hypothetical protein	CP027704.1	1209540	1210472	1237	0.010733333333333336	0	0.5	0
C6W84_05880	hypothetical protein	CP027704.1	1210567	1211220	1238	0.010200000000000002	0	0.5	0
C6W84_2185	HTH-type transcriptional regulator HmrR	CP027704.1	1211649	1211242	1239	0.01126666666666667	0	0	0
C6W84_2190	Putative hydrolase YdeN	CP027704.1	1211767	1212327	1240	0.01306666666666667	0	0	0
C6W84_05895	hypothetical protein	CP027704.1	1212565	1213041	1241	0.013600000000000003	0	0.5	0
C6W84_05900	hypothetical protein	CP027704.1	1214003	1213071	1242	0.013133333333333335	0	0.5	0
C6W84_05905	3-ketoacyl-CoA thiolase	CP027704.1	1215296	1214124	1243	0.014000000000000004	0	0	0
C6W84_05910	Fatty acid oxidation complex subunit alpha	CP027704.1	1217462	1215309	1244	0.01386666666666667	0	0	0
C6W84_05915	hypothetical protein	CP027704.1	1218034	1218948	1245	0.013400000000000002	0	0.5	0
C6W84_05920	hypothetical protein	CP027704.1	1219769	1219023	1246	0.014000000000000004	0	0.5	0
C6W84_2195	hypothetical protein	CP027704.1	1220019	1220246	1247	0.014733333333333338	0	0.5	0
C6W84_05930	hypothetical protein	CP027704.1	1221216	1220284	1248	0.015733333333333335	0	0.5	0
C6W84_2200	hypothetical protein	CP027704.1	1221247	1222110	1249	0.017200000000000003	0	0.5	0
C6W84_2205	hypothetical protein	CP027704.1	1222544	1222221	1250	0.018333333333333337	0	0.5	0
C6W84_2210	hypothetical protein	CP027704.1	1223195	1222584	1251	0.01926666666666667	0	0.5	0
C6W84_2215	hypothetical protein	CP027704.1	1223449	1223628	1252	0.019333333333333338	0	0.5	0
C6W84_2220	hypothetical protein	CP027704.1	1224527	1223625	1253	0.01953333333333334	0	0.5	0
C6W84_2225	Insertion element IS6110 uncharacterized 12.0 kDa protein	CP027704.1	1224844	1224527	1254	0.019466666666666674	0	0.5	0
C6W84_2230	hypothetical protein	CP027704.1	1224968	1225291	1255	0.018866666666666667	0	0.5	0
C6W84_05960	UvrABC system protein C	CP027704.1	1225517	1227223	1256	0.018733333333333334	0	0	0
C6W84_05965	hypothetical protein	CP027704.1	1227344	1227805	1257	0.01946666666666667	0	0.5	0
C6W84_05970	hypothetical protein	CP027704.1	1227873	1228136	1258	0.020133333333333336	0	0.5	0
C6W84_05975	CDP-diacylglycerol--glycerol-3-phosphate 3-phosphatidyltransferase	CP027704.1	1228255	1228842	1259	0.019400000000000004	0	0	0
C6W84_05980	Bifunctional transcriptional activator/DNA repair enzyme Ada	CP027704.1	1228965	1229819	1260	0.019133333333333336	0	0	0
C6W84_05985	hypothetical protein	CP027704.1	1229816	1230427	1261	0.01866666666666667	0	0.5	0
C6W84_05990	Pca operon regulatory protein	CP027704.1	1231395	1230622	1262	0.018066666666666672	0	0	0
C6W84_2235	p-hydroxybenzoic acid efflux pump subunit AaeB	CP027704.1	1231891	1232967	1263	0.017666666666666667	0	0	0
C6W84_2240	p-hydroxybenzoic acid efflux pump subunit AaeB	CP027704.1	1232964	1233578	1264	0.017400000000000002	0	0	0
C6W84_2245	hypothetical protein	CP027704.1	1233572	1233988	1265	0.017333333333333333	0	0.5	0
C6W84_06000	hypothetical protein	CP027704.1	1233981	1234187	1266	0.017	0	0.5	0
C6W84_06005	p-hydroxybenzoic acid efflux pump subunit AaeA	CP027704.1	1234227	1235228	1267	0.016533333333333334	0	0	0
C6W84_06010	Putative pre-16S rRNA nuclease	CP027704.1	1235725	1235285	1268	0.01633333333333333	0	0	0
C6W84_06015	hypothetical protein	CP027704.1	1236279	1235725	1269	0.014533333333333334	0	0.5	0
C6W84_06020	DNA repair protein RecN	CP027704.1	1238073	1236406	1270	0.0124	0	0	0
C6W84_06025	hypothetical protein	CP027704.1	1238188	1239498	1271	0.0116	0	0.5	0
C6W84_06030	hypothetical protein	CP027704.1	1239575	1239901	1272	0.0116	0	0.5	0
C6W84_06035	23S rRNA (guanosine-2'-O-)-methyltransferase RlmB	CP027704.1	1240003	1240752	1273	0.010733333333333334	0	0	0
C6W84_06040	hypothetical protein	CP027704.1	1240788	1241702	1274	0.010533333333333334	0	0.5	0
C6W84_06045	Dephospho-CoA kinase	CP027704.1	1242295	1241699	1275	0.010333333333333333	0	0	0
C6W84_06050	Type 4 prepilin-like proteins leader peptide-processing enzyme	CP027704.1	1243157	1242297	1276	0.009800000000000001	0	0	0
C6W84_06055	Type II secretion system protein F	CP027704.1	1244383	1243157	1277	0.009066666666666667	0	0	0
C6W84_06060	Type II secretion system protein E	CP027704.1	1246125	1244413	1278	0.008	0	0	0
C6W84_06065	Triosephosphate isomerase	CP027704.1	1246416	1247210	1279	0.0064666666666666674	0	0	0
C6W84_06070	Protein-export membrane protein SecG	CP027704.1	1247223	1247552	1280	0.005266666666666668	0	0	0
C6W84_06090	Ribosome maturation factor RimP	CP027704.1	1248192	1248716	1281	0.004333333333333334	0	0	0
C6W84_06095	Transcription termination/antitermination protein NusA	CP027704.1	1248754	1250238	1282	0.004266666666666667	0	0	0
C6W84_06100	Translation initiation factor IF-2	CP027704.1	1250249	1252948	1283	0.004	0	0	0
C6W84_2250	30S ribosome-binding factor	CP027704.1	1252948	1253208	1284	0.003933333333333334	0	0	0
C6W84_06110	Na(+)/H(+) antiporter subunit G	CP027704.1	1253809	1253405	1285	0.004	0	0	0
C6W84_06115	Na(+)/H(+) antiporter subunit F	CP027704.1	1254097	1253822	1286	0.003933333333333334	0	0	0
C6W84_06120	Na(+)/H(+) antiporter subunit E1	CP027704.1	1254621	1254094	1287	0.0020666666666666667	0	0	0
C6W84_06125	Na(+)/H(+) antiporter subunit D	CP027704.1	1256435	1254624	1288	0.0008666666666666667	0	0	0
C6W84_06130	Na(+)/H(+) antiporter subunit C1	CP027704.1	1256803	1256435	1289	0.0008666666666666667	0	0	0
C6W84_2255	Na(+)/H(+) antiporter subunit A	CP027704.1	1259637	1256800	1290	0.0008000000000000003	0	0	0
C6W84_06140	hypothetical protein	CP027704.1	1261346	1259964	1291	0.0008000000000000003	0	0.5	0
C6W84_06145	ATP-dependent DNA helicase Rep	CP027704.1	1262872	1261370	1292	0.0008000000000000003	0	0	0
C6W84_06150	Phosphoribosyl-AMP cyclohydrolase	CP027704.1	1263649	1262882	1293	0.0008000000000000003	0	0	0
C6W84_06155	hypothetical protein	CP027704.1	1263863	1264129	1294	0.0008000000000000003	0	0.5	0
C6W84_06160	Virulence protein	CP027704.1	1264517	1264131	1295	0.0006666666666666668	0	0	0
C6W84_2260	hypothetical protein	CP027704.1	1264908	1264543	1296	0.0006666666666666668	0	0.5	0
C6W84_2265	FAD-dependent urate hydroxylase	CP027704.1	1265854	1265228	1297	0.0006666666666666668	0	0	0
C6W84_06170	putative protein kinase UbiB	CP027704.1	1267597	1265978	1298	0.0006666666666666668	0	0	0
C6W84_06175	hypothetical protein	CP027704.1	1268278	1267610	1299	0.0006666666666666668	0	0.5	0
C6W84_06180	Ubiquinone/menaquinone biosynthesis C-methyltransferase UbiE	CP027704.1	1269237	1268290	1300	0.0006666666666666668	0	0	0
C6W84_06185	hypothetical protein	CP027704.1	1270093	1269386	1301	0.0006666666666666668	0	0.5	0
C6W84_2270	hypothetical protein	CP027704.1	1270301	1271143	1302	0.0005333333333333334	0	0.5	0
C6W84_2275	hypothetical protein	CP027704.1	1271274	1271717	1303	0.0002	0	0.5	0
C6W84_06195	hypothetical protein	CP027704.1	1272246	1271740	1304	0.0002	0	0.5	0
C6W84_2280	RecBCD enzyme subunit RecC	CP027704.1	1272418	1273494	1305	0.0002	0	0	0
C6W84_2285	RecBCD enzyme subunit RecC	CP027704.1	1273500	1276052	1306	0.00013333333333333334	0	0	0
C6W84_2290	RecBCD enzyme subunit RecB	CP027704.1	1276056	1279754	1307	0.00013333333333333334	0	0	0
C6W84_2295	RecBCD enzyme subunit RecD	CP027704.1	1279851	1281614	1308	0.0004	0	0	0
C6W84_2300	hypothetical protein	CP027704.1	1282618	1282331	1309	0.0004	0	0.5	0
C6W84_2305	Putative penicillin-binding protein PbpX	CP027704.1	1283628	1282690	1310	0.00046666666666666666	0	0	0
C6W84_06220	30S ribosomal protein S15	CP027704.1	1283841	1284110	1311	0	0	0	0
C6W84_06225	Polyribonucleotide nucleotidyltransferase	CP027704.1	1284362	1286455	1312	0.0011333333333333334	0	0	0
C6W84_06230	Cobalt/magnesium transport protein CorA	CP027704.1	1286540	1287751	1313	0.0012000000000000001	0	0	0
C6W84_06235	Chaperone modulatory protein CbpM	CP027704.1	1288327	1287998	1314	0.0016	0	0	0
C6W84_06240	Curved DNA-binding protein	CP027704.1	1289295	1288339	1315	0.0016	0	0	0
C6W84_06245	Leucine efflux protein	CP027704.1	1290179	1289568	1316	0.0017333333333333335	0	0	0
C6W84_06250	33 kDa chaperonin	CP027704.1	1291192	1290317	1317	0.0018666666666666669	0	0	0
C6W84_2310	Glutathione-regulated potassium-efflux system protein KefC	CP027704.1	1292380	1291358	1318	0.0020000000000000005	0	0	0
C6W84_2315	Glutathione-regulated potassium-efflux system protein KefC	CP027704.1	1293198	1292377	1319	0.0020000000000000005	0	0	0
C6W84_2320	hypothetical protein	CP027704.1	1293439	1293275	1320	0.0020000000000000005	0	0.5	0
C6W84_2325	Primosomal protein N'	CP027704.1	1294307	1293555	1321	0.002066666666666667	0	0	0
C6W84_2330	Primosomal protein N'	CP027704.1	1295499	1294513	1322	0.002066666666666667	0	0	0
C6W84_2335	Type II secretion system protein F	CP027704.1	1295701	1296852	1323	0.002066666666666667	0	0	0
C6W84_2340	Type II secretion system protein G	CP027704.1	1296876	1297457	1324	0.002066666666666667	0	0	0
C6W84_06275	hypothetical protein	CP027704.1	1297724	1298068	1325	0.002066666666666667	0	0.5	0
C6W84_2345	putative chaperone CsaA	CP027704.1	1298212	1298499	1326	0.002066666666666667	0	0	0
C6W84_06285	Apolipoprotein N-acyltransferase	CP027704.1	1300110	1298551	1327	0.002066666666666667	0	0	0
C6W84_06290	Magnesium and cobalt efflux protein CorC	CP027704.1	1300946	1300107	1328	0.002066666666666667	0	0	0
C6W84_06295	Sulfurtransferase TusA	CP027704.1	1301131	1301388	1329	0.002066666666666667	0	0	0
C6W84_06300	hypothetical protein	CP027704.1	1301533	1301913	1330	0.002066666666666667	0	0.5	0
C6W84_06305	Electron transfer flavoprotein-ubiquinone oxidoreductase	CP027704.1	1303712	1302000	1331	0.002066666666666667	0	0	0
C6W84_06310	hypothetical protein	CP027704.1	1303899	1304510	1332	0.002066666666666667	0	0.5	0
C6W84_06315	Glutamate racemase	CP027704.1	1304559	1305425	1333	0.002066666666666667	0	0	0
C6W84_06320	hypothetical protein	CP027704.1	1305546	1306550	1334	0.002066666666666667	0	0.5	0
C6W84_06325	Ferrochelatase	CP027704.1	1306624	1307640	1335	0.002066666666666667	0	0	0
C6W84_06330	Hydroxyacylglutathione hydrolase GloC	CP027704.1	1307664	1308308	1336	0.002066666666666667	0	0	0
C6W84_06335	DNA gyrase inhibitor YacG	CP027704.1	1308499	1308305	1337	0.002066666666666667	0	0	0
C6W84_06340	tRNA (guanine-N(7)-)-methyltransferase	CP027704.1	1308593	1309225	1338	0.0018000000000000006	0	0	0
C6W84_06345	Kynurenine 3-monooxygenase	CP027704.1	1309215	1310420	1339	0.001733333333333334	0	0	0
C6W84_06350	Glutathione-dependent formaldehyde-activating enzyme	CP027704.1	1310498	1310908	1340	0.0016666666666666672	0	0	0
C6W84_06355	Putative fluoride ion transporter CrcB	CP027704.1	1311144	1311524	1341	0.0012000000000000001	0	0	0
C6W84_06365	hypothetical protein	CP027704.1	1312285	1311953	1342	0.001	0	0.5	0
C6W84_06370	50S ribosomal protein L31 type B	CP027704.1	1312793	1312539	1343	0	0	0	0
C6W84_06375	putative protein kinase UbiB	CP027704.1	1314193	1312895	1344	0.0005333333333333334	0	0	0
C6W84_06380	Dibenzothiophene desulfurization enzyme C	CP027704.1	1314451	1315698	1345	0.00046666666666666666	0	0	0
C6W84_06385	Dibenzothiophene desulfurization enzyme C	CP027704.1	1315732	1316982	1346	0.0003333333333333333	0	0	0
C6W84_2350	Multidrug resistance protein NorM	CP027704.1	1318363	1317017	1347	0.0002	0	0	0
C6W84_2355	hypothetical protein	CP027704.1	1318858	1318397	1348	6.666666666666667e-05	0	0.5	0
C6W84_06400	Oxygen-independent coproporphyrinogen-III oxidase-like protein	CP027704.1	1318976	1320130	1349	6.666666666666667e-05	0	0	0
C6W84_06405	hypothetical protein	CP027704.1	1321477	1320254	1350	6.666666666666667e-05	0	0.5	0
C6W84_06410	3-oxoacyl-[acyl-carrier-protein] reductase FabG	CP027704.1	1322288	1321521	1351	0.0	0	0	0
C6W84_2360	HTH-type transcriptional regulator PgrR	CP027704.1	1322401	1323270	1352	0.0	0	0	0
C6W84_06430	Long-chain-fatty-acid--CoA ligase FadD17	CP027704.1	1325607	1323766	1353	0.0	0	0	0
C6W84_06435	Ribonuclease E	CP027704.1	1329132	1325800	1354	0.0	0	0	0
C6W84_06445	Ribosomal large subunit pseudouridine synthase C	CP027704.1	1329855	1330787	1355	0.0	0	0	0
C6W84_06450	5'-nucleotidase	CP027704.1	1330784	1331458	1356	0.0	0	0	0
C6W84_06455	Bifunctional ligase/repressor BirA	CP027704.1	1331532	1332227	1357	0.0	0	0	0
C6W84_06460	Disulfide-bond oxidoreductase YfcG	CP027704.1	1332277	1332882	1358	0.0	0	0	0
C6W84_2365	hypothetical protein	CP027704.1	1333540	1332938	1359	0.0	0	0.5	0
C6W84_06470	Hca operon transcriptional activator HcaR	CP027704.1	1334598	1333699	1360	0.0	0	0	0
C6W84_06475	hypothetical protein	CP027704.1	1335855	1334923	1361	0.0	0	0.5	0
C6W84_06480	hypothetical protein	CP027704.1	1336381	1337433	1362	0.0	0	0.5	0
C6W84_06485	Catalase-peroxidase	CP027704.1	1339656	1337500	1363	0.0	0	0	0
C6W84_06490	Phosphoenolpyruvate-dependent phosphotransferase system	CP027704.1	1342464	1340170	1364	0.0	0	0	0
C6W84_06495	RNA pyrophosphohydrolase	CP027704.1	1343035	1342550	1365	0.0	0	0	0
C6W84_06500	putative phosphatase	CP027704.1	1343218	1343868	1366	0.0	0	0	0
C6W84_06505	HTH-type transcriptional activator CmpR	CP027704.1	1344733	1343873	1367	0.0	0	0	0
C6W84_2370	hypothetical protein	CP027704.1	1345105	1344851	1368	0.0	0	0.5	0
C6W84_2375	3-isopropylmalate dehydratase large subunit	CP027704.1	1345232	1346761	1369	0.0	0	0	0
C6W84_06520	3-isopropylmalate dehydratase small subunit	CP027704.1	1346780	1347427	1370	0.0	0	0	0
C6W84_06525	hypothetical protein	CP027704.1	1347540	1348130	1371	0.0	0	0.5	0
C6W84_06530	3-isopropylmalate dehydrogenase	CP027704.1	1348162	1349241	1372	0.0	0	0	0
C6W84_06535	hypothetical protein	CP027704.1	1349702	1349295	1373	6.666666666666667e-05	0	0.5	0
C6W84_06540	hypothetical protein	CP027704.1	1349871	1350239	1374	0.00013333333333333334	0	0.5	0
C6W84_06545	Translation initiation factor IF-1	CP027704.1	1350512	1350291	1375	0.00013333333333333334	0	0	0
C6W84_06550	putative HTH-type transcriptional regulator	CP027704.1	1350776	1351786	1376	0.00013333333333333334	0	0	0
C6W84_06555	tRNA pseudouridine synthase A	CP027704.1	1352603	1351806	1377	0	0	0	0
C6W84_2380	L-asparaginase 1	CP027704.1	1353565	1352618	1378	0.00013333333333333334	0	0	0
C6W84_06565	hypothetical protein	CP027704.1	1354910	1353648	1379	0.00013333333333333334	0	0.5	0
C6W84_06570	hypothetical protein	CP027704.1	1356334	1354970	1380	0.0010666666666666667	0	0.5	0
C6W84_06575	Aspartate-semialdehyde dehydrogenase	CP027704.1	1357601	1356483	1381	0.0033333333333333335	0	0	0
C6W84_06580	hypothetical protein	CP027704.1	1357790	1358911	1382	0.003466666666666667	0	0.5	0
C6W84_06585	Proton/glutamate-aspartate symporter	CP027704.1	1359598	1360884	1383	0.0036000000000000003	0	0	0
C6W84_06590	N-acetyl-alpha-D-glucosaminyl L-malate synthase	CP027704.1	1362041	1360941	1384	0.003933333333333334	0	0	0
C6W84_2385	Lipid A biosynthesis lauroyltransferase	CP027704.1	1362744	1362295	1385	0.004	0	0	0
C6W84_2390	Lipid A biosynthesis lauroyltransferase	CP027704.1	1363241	1362738	1386	0.004933333333333334	0	0	0
C6W84_2395	Leucine efflux protein	CP027704.1	1363954	1363361	1387	0.005733333333333334	0	0	0
C6W84_06605	hypothetical protein	CP027704.1	1364132	1365142	1388	0.006066666666666667	0	0.5	0
C6W84_06610	ABC transporter ATP-binding protein uup	CP027704.1	1367068	1365158	1389	0.006266666666666668	0	0	0
C6W84_06615	Protein SlyX	CP027704.1	1367101	1367346	1390	0.009066666666666667	0	0	0
C6W84_06620	Zinc-type alcohol dehydrogenase-like protein	CP027704.1	1368404	1367394	1391	0.010200000000000002	0	0	0
C6W84_06625	putative HTH-type transcriptional regulator YybR	CP027704.1	1368504	1368881	1392	0.010800000000000002	0	0	0
C6W84_06630	hypothetical protein	CP027704.1	1369029	1369478	1393	0.012666666666666668	0	0.5	0
C6W84_06635	DNA topoisomerase 1	CP027704.1	1369514	1372150	1394	0.01326666666666667	0	0	0
C6W84_2400	hypothetical protein	CP027704.1	1372238	1372492	1395	0.013333333333333336	0	0.5	0
C6W84_2405	hypothetical protein	CP027704.1	1372444	1372995	1396	0.013333333333333336	0	0.5	0
C6W84_06645	hypothetical protein	CP027704.1	1373133	1373705	1397	0.013333333333333336	0	0.5	0
C6W84_06650	ATP-dependent DNA helicase PcrA	CP027704.1	1373822	1375801	1398	0.013400000000000002	0	0	0
C6W84_2410	hypothetical protein	CP027704.1	1375854	1376114	1399	0.01346666666666667	0	0.5	0
C6W84_06660	hypothetical protein	CP027704.1	1376122	1376289	1400	0.014000000000000004	0	0.5	0
C6W84_06665	hypothetical protein	CP027704.1	1376406	1376909	1401	0.01406666666666667	0	0.5	0
C6W84_06670	hypothetical protein	CP027704.1	1377022	1377300	1402	0.01406666666666667	0	0.5	0
C6W84_2415	Inner membrane protein YbaL	CP027704.1	1378852	1377338	1403	0.014000000000000004	0	0	0
C6W84_06680	50S ribosomal protein L33	CP027704.1	1379348	1379193	1404	0	0	0	0
C6W84_06685	50S ribosomal protein L28	CP027704.1	1379597	1379361	1405	0	0	0	0
C6W84_2420	Coniferyl aldehyde dehydrogenase	CP027704.1	1380490	1379765	1406	0.016866666666666672	0	0	0
C6W84_2425	Coniferyl aldehyde dehydrogenase	CP027704.1	1381212	1380493	1407	0.017133333333333337	0	0	0
C6W84_06695	HTH-type transcriptional repressor KstR2	CP027704.1	1381325	1382017	1408	0.01726666666666667	0	0	0
C6W84_06700	Formyltetrahydrofolate deformylase	CP027704.1	1382092	1382955	1409	0.01726666666666667	0	0	0
C6W84_2430	hypothetical protein	CP027704.1	1383346	1384101	1410	0.016400000000000005	0	0.5	0
C6W84_06710	Biopolymer transport protein ExbB	CP027704.1	1384146	1384766	1411	0.014133333333333336	0	0	0
C6W84_06715	Biopolymer transport protein ExbD	CP027704.1	1384766	1385170	1412	0.01406666666666667	0	0	0
C6W84_06720	Peptide methionine sulfoxide reductase MsrA	CP027704.1	1385752	1385228	1413	0.014133333333333336	0	0	0
C6W84_2435	hypothetical protein	CP027704.1	1386275	1385853	1414	0.013800000000000003	0	0.5	0
C6W84_2440	hypothetical protein	CP027704.1	1386909	1386220	1415	0.013733333333333337	0	0.5	0
C6W84_06730	Dihydrofolate reductase type 3	CP027704.1	1387433	1386924	1416	0.0128	0	0	0
C6W84_06735	Thymidylate synthase	CP027704.1	1388320	1387478	1417	0.012000000000000002	0	0	0
C6W84_2445	hypothetical protein	CP027704.1	1388850	1388551	1418	0.011666666666666667	0	0.5	0
C6W84_06740	hypothetical protein	CP027704.1	1389220	1388861	1419	0.011466666666666668	0	0.5	0
C6W84_06745	Prolipoprotein diacylglyceryl transferase	CP027704.1	1390112	1389294	1420	0.008666666666666668	0	0	0
C6W84_2450	hypothetical protein	CP027704.1	1390206	1390985	1421	0.007600000000000001	0	0.5	0
C6W84_06755	hypothetical protein	CP027704.1	1393221	1391029	1422	0.007000000000000001	0	0.5	0
C6W84_06760	hypothetical protein	CP027704.1	1395609	1393429	1423	0.005133333333333334	0	0.5	0
C6W84_06765	Sec-independent protein translocase protein TatC	CP027704.1	1396553	1395783	1424	0.0045333333333333345	0	0	0
C6W84_06770	Sec-independent protein translocase protein TatB	CP027704.1	1396987	1396550	1425	0.004466666666666668	0	0	0
C6W84_06775	Sec-independent protein translocase protein TatA	CP027704.1	1397217	1396999	1426	0.004466666666666668	0	0	0
C6W84_06780	hypothetical protein	CP027704.1	1397470	1398345	1427	0.004466666666666668	0	0.5	0
C6W84_06785	dITP/XTP pyrophosphatase	CP027704.1	1399167	1398541	1428	0.004400000000000001	0	0	0
C6W84_06790	Secretory immunoglobulin A-binding protein EsiB	CP027704.1	1399923	1399336	1429	0.004333333333333334	0	0	0
C6W84_06795	Ubiquinone/menaquinone biosynthesis C-methyltransferase UbiE	CP027704.1	1400513	1399920	1430	0.0038000000000000004	0	0	0
C6W84_2455	Homoserine O-acetyltransferase	CP027704.1	1401724	1400513	1431	0.0037333333333333337	0	0	0
C6W84_06805	2-isopropylmalate synthase	CP027704.1	1403454	1401757	1432	0.0037333333333333337	0	0	0
C6W84_06810	PKHD-type hydroxylase	CP027704.1	1404596	1403913	1433	0.0037333333333333337	0	0	0
C6W84_2460	putative TonB-dependent receptor BfrD	CP027704.1	1406392	1404701	1434	0.0037333333333333337	0	0	0
C6W84_2465	putative TonB-dependent receptor BfrD	CP027704.1	1406991	1406419	1435	0.0011333333333333334	0	0	0
C6W84_06820	Trigger factor	CP027704.1	1407406	1408740	1436	0.0019333333333333333	0	0	0
C6W84_06825	ATP-dependent Clp protease proteolytic subunit	CP027704.1	1408933	1409538	1437	0.0016666666666666668	0	0	0
C6W84_06830	ATP-dependent Clp protease ATP-binding subunit ClpX	CP027704.1	1409640	1410953	1438	0.0015333333333333334	0	0	0
C6W84_06835	hypothetical protein	CP027704.1	1411101	1411817	1439	0.0016666666666666668	0	0.5	0
C6W84_06840	hypothetical protein	CP027704.1	1412395	1411841	1440	0.0016	0	0.5	0
C6W84_06845	Fumarate hydratase class I, anaerobic	CP027704.1	1414063	1412537	1441	0.0018666666666666666	0	0	0
C6W84_2470	Phosphate acetyltransferase	CP027704.1	1415142	1414291	1442	0.0020666666666666667	0	0	0
C6W84_2475	Phosphate acetyltransferase	CP027704.1	1416434	1415136	1443	0.0018666666666666669	0	0	0
C6W84_2480	Acetate kinase	CP027704.1	1417305	1416478	1444	0.0019333333333333336	0	0	0
C6W84_2485	Acetate kinase	CP027704.1	1417739	1417524	1445	0.0020000000000000005	0	0	0
C6W84_06860	Phosphogluconate dehydratase	CP027704.1	1418442	1420295	1446	0.002066666666666667	0	0	0
C6W84_06865	KHG/KDPG aldolase	CP027704.1	1420316	1420936	1447	0.0022000000000000006	0	0	0
C6W84_06870	High-affinity gluconate transporter	CP027704.1	1421132	1422490	1448	0.0022000000000000006	0	0	0
C6W84_06875	Thermoresistant gluconokinase	CP027704.1	1422508	1423020	1449	0.002333333333333334	0	0	0
C6W84_06880	NADP-dependent glyceraldehyde-3-phosphate dehydrogenase	CP027704.1	1423192	1424820	1450	0.0024000000000000007	0	0	0
C6W84_06885	Gamma-glutamyl phosphate reductase	CP027704.1	1426191	1424926	1451	0.002333333333333334	0	0	0
C6W84_2490	2-succinyl-6-hydroxy-2, 4-cyclohexadiene-1-carboxylate synthase	CP027704.1	1426490	1427803	1452	0.002333333333333334	0	0	0
C6W84_06895	hypothetical protein	CP027704.1	1428700	1427858	1453	0.0026000000000000003	0	0.5	0
C6W84_06900	Beta-hexosaminidase	CP027704.1	1430045	1429026	1454	0.0026000000000000003	0	0	0
C6W84_06905	Tail-specific protease	CP027704.1	1430238	1432421	1455	0.002666666666666667	0	1	0
C6W84_2495	GDP-mannose-dependent alpha-mannosyltransferase	CP027704.1	1432572	1433858	1456	0.002800000000000001	0	0	0
C6W84_06915	Undecaprenyl-diphosphatase BcrC	CP027704.1	1433883	1434434	1457	0.0028666666666666675	0	0	0
C6W84_06920	hypothetical protein	CP027704.1	1434534	1434734	1458	0.0028666666666666675	0	0.5	0
C6W84_06925	Nucleoside diphosphate kinase	CP027704.1	1434848	1435279	1459	0.0028666666666666675	0	0	0
C6W84_06930	Dual-specificity RNA methyltransferase RlmN	CP027704.1	1435402	1436634	1460	0.0028666666666666675	0	0	0
C6W84_2500	Lipopolysaccharide assembly protein B	CP027704.1	1436650	1437450	1461	0.0028666666666666675	0	0	0
C6W84_06940	Cytoskeleton protein RodZ	CP027704.1	1437441	1438232	1462	0.0028666666666666675	0	0	0
C6W84_06945	4-hydroxy-3-methylbut-2-en-1-yl diphosphate synthase (flavodoxin)	CP027704.1	1438254	1439369	1463	0.0029333333333333342	0	0	0
C6W84_06950	Histidine--tRNA ligase	CP027704.1	1439366	1440658	1464	0.0029333333333333342	0	0	0
C6W84_06955	hypothetical protein	CP027704.1	1440687	1441385	1465	0.0028666666666666675	0	0.5	0
C6W84_06960	Outer membrane protein assembly factor BamB	CP027704.1	1441385	1442530	1466	0.0018000000000000002	0	0	0
C6W84_06965	GTPase Der	CP027704.1	1442718	1444127	1467	0.0018000000000000002	0	0	0
C6W84_06970	4'-phosphopantetheinyl transferase sfp	CP027704.1	1444245	1444901	1468	0.0020666666666666667	0	0	0
C6W84_06975	Protein-export protein SecB	CP027704.1	1445428	1444970	1469	0.001933333333333334	0	0	0
C6W84_06980	Glutaredoxin 3	CP027704.1	1445713	1445456	1470	0.001933333333333334	0	0	0
C6W84_06985	Thiosulfate sulfurtransferase GlpE	CP027704.1	1446141	1445725	1471	0.001666666666666667	0	0	0
C6W84_06990	Small ribosomal subunit biogenesis GTPase RsgA	CP027704.1	1447296	1446238	1472	0.0014	0	0	0
C6W84_06995	Oligoribonuclease	CP027704.1	1447422	1447988	1473	0.0014	0	0	0
C6W84_2505	hypothetical protein	CP027704.1	1448144	1448434	1474	0.0013333333333333333	0	0.5	0
C6W84_2510	hypothetical protein	CP027704.1	1448458	1448874	1475	0.0012666666666666666	0	0.5	0
C6W84_2515	Enoyl-[acyl-carrier-protein] reductase [NADH] FabI	CP027704.1	1449010	1449813	1476	0.0012000000000000001	0	0	0
C6W84_07010	Toxin and drug export protein A	CP027704.1	1451289	1449883	1477	0.0010666666666666667	0	0	0
C6W84_07015	Macrolide export ATP-binding/permease protein MacB	CP027704.1	1453294	1451300	1478	0.0010666666666666667	0	0	0
C6W84_2520	Macrolide export protein MacA	CP027704.1	1454412	1453297	1479	0.0009333333333333334	0	0	0
C6W84_2525	DNA polymerase III subunit delta	CP027704.1	1455340	1454741	1480	0.0008666666666666667	0	0	0
C6W84_07030	LPS-assembly lipoprotein LptE	CP027704.1	1456258	1455749	1481	0.0008666666666666667	0	0	0
C6W84_07035	Leucine--tRNA ligase	CP027704.1	1458910	1456286	1482	0.0008666666666666667	0	0	0
C6W84_07040	hypothetical protein	CP027704.1	1459432	1459097	1483	0.0006000000000000001	0	0.5	0
C6W84_07045	Acetolactate synthase isozyme 3 large subunit	CP027704.1	1459937	1461661	1484	0.0006000000000000001	0	0	0
C6W84_07050	Acetolactate synthase isozyme 3 small subunit	CP027704.1	1461661	1462152	1485	0.0005333333333333334	0	0	0
C6W84_07055	Ketol-acid reductoisomerase (NADP(+))	CP027704.1	1462185	1463201	1486	0.0004	0	0	0
C6W84_2530	hypothetical protein	CP027704.1	1463532	1464146	1487	0.0003333333333333333	0	0.5	0
C6W84_2535	Cyclic di-GMP phosphodiesterase Gmr	CP027704.1	1464098	1465489	1488	0.0003333333333333333	0	0	0
C6W84_07070	hypothetical protein	CP027704.1	1466989	1466057	1489	0.0003333333333333333	0	0.5	0
C6W84_2540	hypothetical protein	CP027704.1	1467324	1466986	1490	0.0003333333333333333	0	0.5	0
C6W84_2545	hypothetical protein	CP027704.1	1467799	1467506	1491	0.0004	0	0.5	0
C6W84_07080	hypothetical protein	CP027704.1	1468308	1470986	1492	0.0004	0	0.5	0
C6W84_2550	hypothetical protein	CP027704.1	1471006	1471860	1493	0.0004	0	0.5	0
C6W84_2555	hypothetical protein	CP027704.1	1472019	1473671	1494	0.0004	0	0.5	0
C6W84_2560	hypothetical protein	CP027704.1	1473658	1474359	1495	0.0004	0	0.5	0
C6W84_2565	hypothetical protein	CP027704.1	1474419	1474934	1496	0.00046666666666666666	0	0.5	0
C6W84_2570	hypothetical protein	CP027704.1	1475178	1475011	1497	0.00046666666666666666	0	0.5	0
C6W84_2575	hypothetical protein	CP027704.1	1475363	1477627	1498	0.0002	0	0.5	0
C6W84_07095	hypothetical protein	CP027704.1	1477854	1478348	1499	0.0002	0	0.5	0
C6W84_2580	hypothetical protein	CP027704.1	1478378	1479415	1500	0.0002	0	0.5	0
C6W84_2585	hypothetical protein	CP027704.1	1479604	1481088	1501	0.0002	0	0.5	0
C6W84_2590	hypothetical protein	CP027704.1	1481210	1487281	1502	0.0002666666666666667	0	0.5	0
C6W84_2595	hypothetical protein	CP027704.1	1487304	1488131	1503	0.0003333333333333333	0	0.5	0
C6W84_2600	Peptidoglycan-associated lipoprotein	CP027704.1	1488144	1488380	1504	0.0005333333333333334	0	0	0
C6W84_2605	hypothetical protein	CP027704.1	1488778	1488629	1505	0.0006666666666666666	0	0.5	0
C6W84_2610	hypothetical protein	CP027704.1	1489454	1488846	1506	0.0009333333333333333	0	0.5	0
C6W84_2615	hypothetical protein	CP027704.1	1490505	1489501	1507	0.0017333333333333335	0	0.5	0
C6W84_2620	hypothetical protein	CP027704.1	1491180	1490866	1508	0.0019333333333333333	0	0.5	0
C6W84_2625	hypothetical protein	CP027704.1	1491659	1491153	1509	0.0036666666666666666	0	0.5	0
C6W84_07140	hypothetical protein	CP027704.1	1491983	1493371	1510	0.0037333333333333333	0	0.5	0
C6W84_2630	hypothetical protein	CP027704.1	1493396	1494937	1511	0.003933333333333334	0	0.5	0
C6W84_07150	Adenosine monophosphate-protein transferase SoFic	CP027704.1	1494903	1495907	1512	0.003933333333333334	0	0	0
C6W84_07155	Serine/threonine phosphatase stp	CP027704.1	1496093	1496854	1513	0.003933333333333334	0	0	0
C6W84_07160	hypothetical protein	CP027704.1	1496876	1497088	1514	0.003933333333333334	0	0.5	0
C6W84_07165	hypothetical protein	CP027704.1	1497132	1498565	1515	0.003933333333333334	0	0.5	0
C6W84_07170	hypothetical protein	CP027704.1	1498555	1500573	1516	0.003933333333333334	0	0.5	0
C6W84_07175	Peptide chain release factor RF3	CP027704.1	1500752	1502341	1517	0.003933333333333334	0	0	0
C6W84_07180	hypothetical protein	CP027704.1	1502411	1503253	1518	0.003933333333333334	0	0.5	0
C6W84_07185	Peptidoglycan-N-acetylmuramic acid deacetylase PdaC	CP027704.1	1503341	1504282	1519	0.003933333333333334	0	0	0
C6W84_07190	putative metal-dependent hydrolase YjjV	CP027704.1	1504282	1505094	1520	0.003933333333333334	0	0	0
C6W84_07195	Aconitate hydratase A	CP027704.1	1505219	1507975	1521	0.0038666666666666667	0	0	0
C6W84_07200	hypothetical protein	CP027704.1	1508096	1508569	1522	0.0038666666666666667	0	0.5	0
C6W84_07205	tRNA threonylcarbamoyladenosine dehydratase	CP027704.1	1508694	1509458	1523	0.0038	0	0	0
C6W84_2635	hypothetical protein	CP027704.1	1509477	1509584	1524	0.0038	0	0.5	0
C6W84_07215	HTH-type transcriptional regulator BenM	CP027704.1	1509746	1510639	1525	0.0038	0	0	0
C6W84_07220	hypothetical protein	CP027704.1	1511156	1510647	1526	0.0037333333333333333	0	0.5	0
C6W84_07225	tRNA-dihydrouridine(20/20a) synthase	CP027704.1	1512496	1511492	1527	0	0	0	0
C6W84_07230	putative transporter	CP027704.1	1513829	1512645	1528	0.0038	0	0	0
C6W84_07235	hypothetical protein	CP027704.1	1514255	1513848	1529	0.0038	0	0.5	0
C6W84_2640	hypothetical protein	CP027704.1	1515117	1514323	1530	0.0038	0	0.5	0
C6W84_07245	NAD(P) transhydrogenase subunit alpha part 1	CP027704.1	1515487	1516614	1531	0.0038	0	0	0
C6W84_07250	NAD(P) transhydrogenase subunit alpha	CP027704.1	1516626	1516940	1532	0.0037333333333333333	0	0	0
C6W84_07255	NAD(P) transhydrogenase subunit beta	CP027704.1	1516953	1518407	1533	0.003666666666666667	0	0	0
C6W84_07260	(S)-1-Phenylethanol dehydrogenase	CP027704.1	1519281	1518460	1534	0.003466666666666667	0	0	0
C6W84_07265	Ribosomal silencing factor RsfS	CP027704.1	1519934	1519533	1535	0.0034000000000000002	0	0	0
C6W84_07270	Hydroxypyruvate isomerase	CP027704.1	1520810	1520016	1536	0.0033333333333333335	0	0	0
C6W84_07275	2-hydroxy-3-oxopropionate reductase	CP027704.1	1521693	1520827	1537	0.002933333333333334	0	0	0
C6W84_07280	Short-chain-enoyl-CoA hydratase	CP027704.1	1522492	1521704	1538	0.0032	0	0	0
C6W84_07285	Signal transduction histidine-protein kinase BarA	CP027704.1	1525397	1522590	1539	0.0016666666666666668	0	0	0
C6W84_07290	Cysteine synthase B	CP027704.1	1525570	1526484	1540	0.0036666666666666666	0	0	0
C6W84_07295	hypothetical protein	CP027704.1	1526507	1527325	1541	0.0054	0	0.5	0
C6W84_07300	23S rRNA (uracil(1939)-C(5))-methyltransferase RlmD	CP027704.1	1527335	1528726	1542	0.008533333333333334	0	0	0
C6W84_07305	GTP pyrophosphokinase	CP027704.1	1528757	1531063	1543	0.009933333333333332	0	0	0
C6W84_2645	hypothetical protein	CP027704.1	1531385	1531143	1544	0.0116	0	0.5	0
C6W84_2650	Diacetyl reductase [(S)-acetoin forming]	CP027704.1	1531879	1531358	1545	0.014333333333333333	0	0	0
C6W84_07315	Nucleoside triphosphate pyrophosphohydrolase	CP027704.1	1531990	1532796	1546	0.016666666666666666	0	0	0
C6W84_2655	ComE operon protein 1	CP027704.1	1532818	1533174	1547	0.021933333333333336	0	0	0
C6W84_07325	Poly(A) polymerase I	CP027704.1	1533299	1534762	1548	0.0228	0	0	0
C6W84_2660	hypothetical protein	CP027704.1	1534759	1534917	1549	0.024000000000000004	0	0.5	0
C6W84_2665	2-amino-4-hydroxy-6- hydroxymethyldihydropteridine pyrophosphokinase	CP027704.1	1535001	1535240	1550	0.02426666666666667	0	0	0
C6W84_07335	3-methyl-2-oxobutanoate hydroxymethyltransferase	CP027704.1	1535286	1536095	1551	0.024333333333333335	0	0	0
C6W84_07340	Pantothenate synthetase	CP027704.1	1536099	1536947	1552	0.024333333333333335	0	0	0
C6W84_07345	RNase adapter protein RapZ	CP027704.1	1536970	1537821	1553	0.02446666666666667	0	0	0
C6W84_2670	Phosphocarrier protein NPr	CP027704.1	1537776	1538087	1554	0.02446666666666667	0	0	0
C6W84_07355	hypothetical protein	CP027704.1	1538090	1538626	1555	0.02446666666666667	0	0.5	0
C6W84_07360	Long-chain-fatty-acid--CoA ligase	CP027704.1	1540316	1538688	1556	0.02446666666666667	0	0	0
C6W84_2675	Threonine--tRNA ligase	CP027704.1	1540728	1541141	1557	0.0244	0	0	0
C6W84_2680	Threonine--tRNA ligase	CP027704.1	1541138	1542649	1558	0.0244	0	0	0
C6W84_2685	Translation initiation factor IF-3	CP027704.1	1542868	1543206	1559	0.0244	0	0	0
C6W84_07380	Disulfide-bond oxidoreductase YfcG	CP027704.1	1543412	1544032	1560	0.0244	0	0	0
C6W84_07385	Inner membrane protein YqaA	CP027704.1	1544085	1544513	1561	0.0244	0	0	0
C6W84_07390	Enterobactin exporter EntS	CP027704.1	1545804	1544554	1562	0.0244	0	0	0
C6W84_07395	50S ribosomal protein L35	CP027704.1	1546053	1546247	1563	0	0	0	0
C6W84_07400	50S ribosomal protein L20	CP027704.1	1546259	1546618	1564	0	0	0	0
C6W84_2690	N-glycosidase YbiA	CP027704.1	1546896	1547246	1565	0.024333333333333335	0	0	0
C6W84_2695	hypothetical protein	CP027704.1	1548269	1547367	1566	0.024133333333333336	0	0.5	0
C6W84_2700	Insertion element IS6110 uncharacterized 12.0 kDa protein	CP027704.1	1548586	1548269	1567	0.023733333333333335	0	0.5	0
C6W84_2705	hypothetical protein	CP027704.1	1549452	1548634	1568	0.023266666666666668	0	0.5	0
C6W84_2710	hypothetical protein	CP027704.1	1549763	1549464	1569	0.02306666666666667	0	0.5	0
C6W84_07420	hypothetical protein	CP027704.1	1549915	1550418	1570	0.021000000000000005	0	0.5	0
C6W84_07425	hypothetical protein	CP027704.1	1551426	1550425	1571	0.01906666666666667	0	0.5	0
C6W84_07430	Phenylalanine--tRNA ligase alpha subunit	CP027704.1	1551584	1552564	1572	0.015933333333333334	0	0	0
C6W84_07435	Phenylalanine--tRNA ligase beta subunit	CP027704.1	1552598	1554979	1573	0.014533333333333334	0	0	0
C6W84_07440	Integration host factor subunit alpha	CP027704.1	1554976	1555272	1574	0.012866666666666669	0	0	0
C6W84_07445	hypothetical protein	CP027704.1	1555697	1555443	1575	0.010133333333333333	0	0.5	0
C6W84_07455	Transcription termination factor Rho	CP027704.1	1557380	1556112	1576	0.008	0	0	0
C6W84_07460	Thioredoxin C-2	CP027704.1	1558028	1557702	1577	0.0027333333333333337	0	0	0
C6W84_07465	Exopolyphosphatase	CP027704.1	1558308	1559828	1578	0.0018666666666666666	0	0	0
C6W84_07470	Acetyl-coenzyme A carboxylase carboxyl transferase subunit alpha	CP027704.1	1559847	1560668	1579	0.0007333333333333333	0	0	0
C6W84_2715	tRNA(Ile)-lysidine synthase	CP027704.1	1560725	1562008	1580	0	0	0	0
C6W84_2720	Pyrroline-5-carboxylate reductase	CP027704.1	1561986	1562816	1581	0.0006000000000000001	0	0	0
C6W84_07485	hypothetical protein	CP027704.1	1562838	1563407	1582	0.0008666666666666667	0	0.5	0
C6W84_07490	DNA polymerase I	CP027704.1	1566238	1563467	1583	0.0007333333333333333	0	0	0
C6W84_07495	hypothetical protein	CP027704.1	1566393	1569200	1584	0.0031333333333333335	0	0.5	0
C6W84_07500	Small-conductance mechanosensitive channel	CP027704.1	1570107	1569190	1585	0.0034000000000000002	0	0	0
C6W84_2725	hypothetical protein	CP027704.1	1570503	1570180	1586	0.0054	0	0.5	0
C6W84_2730	hypothetical protein	CP027704.1	1570829	1570539	1587	0.008	0	0.5	0
C6W84_2735	Type II secretion system protein E	CP027704.1	1571030	1572043	1588	0.009266666666666666	0	0	0
C6W84_2740	Type II secretion system protein E	CP027704.1	1572153	1572518	1589	0.011399999999999999	0	0	0
C6W84_07515	Organic hydroperoxide resistance protein OhrB	CP027704.1	1573004	1572573	1590	0.0118	0	0	0
C6W84_07520	Organic hydroperoxide resistance transcriptional regulator	CP027704.1	1573529	1573092	1591	0.012133333333333333	0	0	0
C6W84_07525	hypothetical protein	CP027704.1	1574067	1573690	1592	0.012866666666666667	0	0.5	0
C6W84_07530	Hydrolase	CP027704.1	1574906	1574082	1593	0.01633333333333333	0	0	0
C6W84_2745	hypothetical protein	CP027704.1	1575493	1574933	1594	0.019	0	0.5	0
C6W84_07540	Phosphoserine phosphatase RsbP	CP027704.1	1576525	1575557	1595	0.027399999999999997	0	0	0
C6W84_2750	putative phospholipid-binding lipoprotein MlaA	CP027704.1	1577540	1576641	1596	0.03013333333333333	0	0	0
C6W84_2755	RNA polymerase sigma-54 factor	CP027704.1	1583683	1584687	1597	0.038799999999999994	0	0	0
C6W84_2760	RNA polymerase sigma-54 factor	CP027704.1	1584780	1585130	1598	0.040933333333333335	0	0	0
C6W84_07580	Ribosome hibernation promoting factor	CP027704.1	1585299	1585637	1599	0.04426666666666667	0	0	0
C6W84_07585	Acid stress protein IbaG	CP027704.1	1585776	1586027	1600	0.04486666666666667	0	0	0
C6W84_07590	UDP-N-acetylglucosamine 1-carboxyvinyltransferase	CP027704.1	1586034	1587290	1601	0.04546666666666667	0	0	0
C6W84_07595	ATP phosphoribosyltransferase	CP027704.1	1587290	1587973	1602	0.04633333333333334	0	0	0
C6W84_2765	Histidinol dehydrogenase	CP027704.1	1588046	1589368	1603	0.048066666666666674	0	0	0
C6W84_07605	Histidinol-phosphate aminotransferase	CP027704.1	1589438	1590523	1604	0.05133333333333334	0	0	0
C6W84_2770	Aminodeoxychorismate synthase component 1	CP027704.1	1591915	1590527	1605	0.054133333333333346	0	0	0
C6W84_2775	hypothetical protein	CP027704.1	1592548	1593111	1606	0.056200000000000014	0	0.5	0
C6W84_2780	NADH pyrophosphatase	CP027704.1	1593845	1593288	1607	0.059066666666666684	0	0	0
C6W84_2785	putative Nudix hydrolase NudL	CP027704.1	1594244	1594576	1608	0.059600000000000014	0	0	0
C6W84_2790	Putative acetyltransferase	CP027704.1	1594596	1595126	1609	0.059866666666666686	0	0	0
C6W84_07635	tRNA threonylcarbamoyladenosine biosynthesis protein TsaB	CP027704.1	1595259	1595924	1610	0.06000000000000002	0	0	0
C6W84_2795	Ribosomal RNA small subunit methyltransferase J	CP027704.1	1595936	1596736	1611	0.06013333333333335	0	0	0
C6W84_07645	hypothetical protein	CP027704.1	1596863	1598314	1612	0.06153333333333335	0	0.5	0
C6W84_2800	S-formylglutathione hydrolase FrmB	CP027704.1	1598381	1598743	1613	0.062466666666666684	0	0	0
C6W84_2805	S-formylglutathione hydrolase	CP027704.1	1598779	1599129	1614	0.06086666666666669	0	0	0
C6W84_07655	hypothetical protein	CP027704.1	1599402	1599130	1615	0.06400000000000002	0	0.5	0
C6W84_07660	Ribulose-phosphate 3-epimerase	CP027704.1	1599587	1600273	1616	0.06360000000000003	0	0	0
C6W84_07665	Sugar phosphatase YbiV	CP027704.1	1600629	1601450	1617	0.06146666666666669	0	0	0
C6W84_2810	hypothetical protein	CP027704.1	1601548	1601946	1618	0.060533333333333356	0	0.5	0
C6W84_2815	hypothetical protein	CP027704.1	1601986	1602132	1619	0.05866666666666668	0	0.5	0
C6W84_2820	Copper resistance protein A	CP027704.1	1602258	1602491	1620	0.05826666666666669	0	0	0
C6W84_2825	Copper resistance protein A	CP027704.1	1602511	1603890	1621	0.05793333333333336	0	0	0
C6W84_2830	Copper resistance protein B	CP027704.1	1603877	1604632	1622	0.05740000000000002	0	0	0
C6W84_2835	hypothetical protein	CP027704.1	1604661	1605416	1623	0.053933333333333354	0	0.5	0
C6W84_2840	hypothetical protein	CP027704.1	1605449	1605655	1624	0.05146666666666669	0	0.5	0
C6W84_07690	Quaternary ammonium compound-resistance protein SugE	CP027704.1	1605804	1606124	1625	0.04306666666666668	0	0	0
C6W84_07695	Methylated-DNA--protein-cysteine methyltransferase	CP027704.1	1606136	1606615	1626	0.04033333333333334	0	0	0
C6W84_07700	Arginine biosynthesis bifunctional protein ArgJ	CP027704.1	1606752	1607972	1627	0.03166666666666667	0	0	0
C6W84_07705	Quinolinate synthase A	CP027704.1	1608119	1609183	1628	0.029533333333333342	0	0	0
C6W84_07730	Glycine cleavage system transcriptional activator	CP027704.1	1611045	1610098	1629	0.026200000000000005	0	0	0
C6W84_2845	Acyl-CoA dehydrogenase	CP027704.1	1611291	1612193	1630	0.025600000000000008	0	0	0
C6W84_2850	Acyl-CoA dehydrogenase, short-chain specific	CP027704.1	1612148	1612510	1631	0.02500000000000001	0	0	0
C6W84_2855	Putative sialic acid transporter	CP027704.1	1612736	1613038	1632	0.024133333333333336	0	0	0
C6W84_07745	hypothetical protein	CP027704.1	1613090	1614313	1633	0.022400000000000007	0	0.5	0
C6W84_2860	Proline/betaine transporter	CP027704.1	1614349	1615053	1634	0.019133333333333336	0	0	0
C6W84_07755	Acetyl-CoA:oxalate CoA-transferase	CP027704.1	1615106	1616335	1635	0.016333333333333335	0	0	0
C6W84_07760	hypothetical protein	CP027704.1	1617573	1616440	1636	0.014066666666666667	0	0.5	0
C6W84_07765	Fumarate reductase flavoprotein subunit	CP027704.1	1618969	1617563	1637	0.0112	0	0	0
C6W84_07770	HTH-type transcriptional regulator GltC	CP027704.1	1620002	1619073	1638	0.010666666666666666	0	0	0
C6W84_07775	Aconitate isomerase	CP027704.1	1620928	1620134	1639	0.010333333333333333	0	0	0
C6W84_2865	Proline/betaine transporter	CP027704.1	1622175	1621021	1640	0.010200000000000002	0	0	0
C6W84_2870	hypothetical protein	CP027704.1	1622330	1622175	1641	0.009866666666666668	0	0.5	0
C6W84_2875	hypothetical protein	CP027704.1	1622432	1622581	1642	0.008200000000000002	0	0.5	0
C6W84_07790	HTH-type transcriptional regulator GltC	CP027704.1	1623539	1622610	1643	0.007266666666666668	0	0	0
C6W84_07795	Threonine efflux protein	CP027704.1	1624265	1623657	1644	0.0064666666666666674	0	0	0
C6W84_07800	Glycine cleavage system transcriptional activator	CP027704.1	1624521	1625393	1645	0.0042	0	0	0
C6W84_07805	hypothetical protein	CP027704.1	1625760	1626746	1646	0.003	0	0.5	0
C6W84_07810	2-hydroxypropyl-CoM lyase	CP027704.1	1626768	1627811	1647	0.0026	0	0	0
C6W84_07815	FMN reductase (NADH) RutF	CP027704.1	1627997	1628488	1648	0.003933333333333334	0	0	0
C6W84_07820	hypothetical protein	CP027704.1	1628934	1628677	1649	0.0054666666666666665	0	0.5	0
C6W84_2880	HTH-type transcriptional regulator BetI	CP027704.1	1629170	1629637	1650	0.006066666666666666	0	0	0
C6W84_2885	hypothetical protein	CP027704.1	1630536	1629667	1651	0.0071333333333333335	0	0.5	0
C6W84_07840	Ribonucleoside-diphosphate reductase subunit beta	CP027704.1	1632166	1630883	1652	0.0072	0	0	0
C6W84_07845	hypothetical protein	CP027704.1	1632438	1632304	1653	0.009333333333333334	0	0.5	0
C6W84_07850	Ribonucleoside-diphosphate reductase 1 subunit alpha	CP027704.1	1635328	1632494	1654	0.010200000000000002	0	0	0
C6W84_07860	Transcriptional regulatory protein RstA	CP027704.1	1635861	1636577	1655	0.0132	0	0	0
C6W84_2890	hypothetical protein	CP027704.1	1636610	1637152	1656	0.01566666666666667	0	0.5	0
C6W84_2895	Sensor protein RstB	CP027704.1	1637200	1638258	1657	0.017666666666666667	0	0	0
C6W84_2900	hypothetical protein	CP027704.1	1638634	1638281	1658	0.019266666666666668	0	0.5	0
C6W84_2905	putative diguanylate cyclase YdaM	CP027704.1	1639542	1638727	1659	0.020800000000000003	0	0	0
C6W84_2910	hypothetical protein	CP027704.1	1640147	1639590	1660	0.023000000000000007	0	0.5	0
C6W84_2915	NAD(P)H-quinone oxidoreductase subunit 3	CP027704.1	1640634	1641122	1661	0.026466666666666673	0	0	0
C6W84_07885	NADH-quinone oxidoreductase subunit B	CP027704.1	1641129	1641806	1662	0.029600000000000005	0	0	0
C6W84_2920	NADH-quinone oxidoreductase subunit C/D	CP027704.1	1641891	1643030	1663	0.03306666666666667	0	0	0
C6W84_2925	NADH-quinone oxidoreductase subunit C/D	CP027704.1	1643036	1643677	1664	0.039866666666666675	0	0	0
C6W84_07895	NADH-quinone oxidoreductase subunit E	CP027704.1	1643691	1644200	1665	0.043466666666666674	0	0	0
C6W84_07900	NADH-quinone oxidoreductase subunit F	CP027704.1	1644197	1645528	1666	0.04606666666666668	0	0	0
C6W84_07905	NADH-quinone oxidoreductase subunit G	CP027704.1	1645540	1648224	1667	0.04766666666666668	0	0	0
C6W84_07910	NADH-quinone oxidoreductase subunit H	CP027704.1	1648228	1649244	1668	0.049000000000000016	0	0	0
C6W84_07915	NADH-quinone oxidoreductase subunit I	CP027704.1	1649263	1649805	1669	0.052266666666666683	0	0	0
C6W84_07920	NADH-quinone oxidoreductase subunit J	CP027704.1	1649802	1650323	1670	0.05586666666666669	0	0	0
C6W84_07925	NADH-quinone oxidoreductase subunit K	CP027704.1	1650323	1650631	1671	0.05926666666666669	0	0	0
C6W84_07930	NADH-quinone oxidoreductase subunit L	CP027704.1	1650628	1652517	1672	0.060533333333333356	0	0	0
C6W84_2930	NADH-quinone oxidoreductase subunit M	CP027704.1	1652519	1652965	1673	0.06066666666666669	0	0	0
C6W84_2935	NADH-quinone oxidoreductase subunit M	CP027704.1	1652962	1654116	1674	0.06126666666666669	0	0	0
C6W84_07940	NADH-quinone oxidoreductase subunit N	CP027704.1	1654119	1655615	1675	0.06040000000000002	0	0	0
C6W84_2940	Uracil phosphoribosyltransferase	CP027704.1	1655716	1655928	1676	0.060000000000000026	0	0	0
C6W84_2945	Uracil phosphoribosyltransferase	CP027704.1	1655961	1656350	1677	0.05993333333333336	0	0	0
C6W84_07950	hypothetical protein	CP027704.1	1656467	1656760	1678	0.058333333333333355	0	0.5	0
C6W84_07955	HTH-type transcriptional activator CmpR	CP027704.1	1657667	1656780	1679	0.05653333333333335	0	0	0
C6W84_07960	Ferredoxin--NADP reductase	CP027704.1	1657754	1658515	1680	0.05600000000000002	0	0	0
C6W84_07965	hypothetical protein	CP027704.1	1658985	1658563	1681	0.055000000000000014	0	0.5	0
C6W84_07970	hypothetical protein	CP027704.1	1659275	1659502	1682	0.05473333333333334	0	0.5	0
C6W84_07975	hypothetical protein	CP027704.1	1659715	1661394	1683	0.052600000000000015	0	0.5	0
C6W84_07980	hypothetical protein	CP027704.1	1661523	1661693	1684	0.05153333333333334	0	0.5	0
C6W84_07985	Putative thiazole biosynthetic enzyme	CP027704.1	1662905	1661706	1685	0.04853333333333334	0	0	0
C6W84_2950	hypothetical protein	CP027704.1	1663136	1663023	1686	0.04606666666666668	0	0.5	0
C6W84_2955	D-cysteine desulfhydrase	CP027704.1	1663891	1663136	1687	0.04406666666666668	0	0	0
C6W84_2960	Multidrug export protein EmrA	CP027704.1	1664642	1663956	1688	0.04246666666666667	0	0	0
C6W84_2965	p-hydroxybenzoic acid efflux pump subunit AaeA	CP027704.1	1665100	1664705	1689	0.04093333333333334	0	0	0
C6W84_2970	hypothetical protein	CP027704.1	1666535	1665141	1690	0.038733333333333335	0	0.5	0
C6W84_08005	hypothetical protein	CP027704.1	1667350	1666781	1691	0.03526666666666667	0	0.5	0
C6W84_08010	Threonine efflux protein	CP027704.1	1667529	1668152	1692	0.03213333333333333	0	0	0
C6W84_2975	hypothetical protein	CP027704.1	1668315	1668503	1693	0.028666666666666667	0	0.5	0
C6W84_08020	Methionine--tRNA ligase	CP027704.1	1670697	1668634	1694	0.021933333333333336	0	0	0
C6W84_08025	hypothetical protein	CP027704.1	1670984	1671484	1695	0.018333333333333333	0	0.5	0
C6W84_08030	Iron-sulfur cluster carrier protein	CP027704.1	1671630	1672859	1696	0.015733333333333332	0	0	0
C6W84_08035	hypothetical protein	CP027704.1	1672840	1673058	1697	0.014133333333333333	0	0.5	0
C6W84_2980	5'-methylthioadenosine/S-adenosylhomocysteine nucleosidase	CP027704.1	1673004	1673399	1698	0.0128	0	0	0
C6W84_2985	5'-methylthioadenosine/S-adenosylhomocysteine nucleosidase	CP027704.1	1673564	1673875	1699	0.009533333333333335	0	0	0
C6W84_2990	hypothetical protein	CP027704.1	1674470	1674057	1700	0.005933333333333333	0	0.5	0
C6W84_08050	hypothetical protein	CP027704.1	1674827	1675420	1701	0.0027333333333333337	0	0.5	0
C6W84_08055	dCTP deaminase	CP027704.1	1675534	1676103	1702	0.001466666666666667	0	0	0
C6W84_2995	hypothetical protein	CP027704.1	1676400	1677146	1703	0.0013333333333333333	0	0.5	0
C6W84_3000	hypothetical protein	CP027704.1	1677926	1680061	1704	0.0007333333333333333	0	0.5	0
C6W84_08075	hypothetical protein	CP027704.1	1680077	1680823	1705	0.00046666666666666666	0	0.5	0
C6W84_3005	hypothetical protein	CP027704.1	1680856	1683267	1706	0.0006000000000000001	0	0.5	0
C6W84_08085	hypothetical protein	CP027704.1	1683429	1684382	1707	0.0006000000000000001	0	0.5	0
C6W84_08090	tRNA-dihydrouridine(16) synthase	CP027704.1	1685406	1684462	1708	0	0	0	0
C6W84_08095	Inner membrane protein YpjD	CP027704.1	1686300	1685491	1709	0.0007333333333333333	0	0	0
C6W84_08100	Signal recognition particle protein	CP027704.1	1686441	1687850	1710	0.0006666666666666666	0	0	0
C6W84_08105	Type III pantothenate kinase	CP027704.1	1688634	1687900	1711	0.0006666666666666668	0	0	0
C6W84_08110	Bifunctional ligase/repressor BirA	CP027704.1	1689402	1688650	1712	0.0016666666666666668	0	0	0
C6W84_08115	hypothetical protein	CP027704.1	1689433	1690236	1713	0.0018666666666666666	0	0.5	0
C6W84_08120	HTH-type transcriptional repressor RspR	CP027704.1	1690486	1691181	1714	0.0019333333333333333	0	0	0
C6W84_3010	Chromosome partition protein Smc	CP027704.1	1691192	1691431	1715	0.002266666666666667	0	0	0
C6W84_3015	Chromosome partition protein Smc	CP027704.1	1691371	1694640	1716	0.002866666666666667	0	0	0
C6W84_08130	Cell division protein ZipA	CP027704.1	1694642	1695679	1717	0.0031333333333333335	0	0	0
C6W84_08135	DNA ligase	CP027704.1	1695774	1697810	1718	0.005933333333333333	0	0	0
C6W84_08140	Bacterioferritin	CP027704.1	1698064	1698528	1719	0.007066666666666666	0	0	0
C6W84_3020	Inner membrane protein YbjJ	CP027704.1	1698769	1700016	1720	0.007333333333333333	0	0	0
C6W84_3025	Trehalose-6-phosphate synthase	CP027704.1	1701514	1700084	1721	0.008266666666666667	0	0	0
C6W84_3030	Trehalose-6-phosphate phosphatase	CP027704.1	1702136	1701570	1722	0.010199999999999999	0	0	0
C6W84_3035	hypothetical protein	CP027704.1	1702351	1702145	1723	0.012066666666666667	0	0.5	0
C6W84_3040	hypothetical protein	CP027704.1	1702706	1703083	1724	0.0136	0	0.5	0
C6W84_3045	hypothetical protein	CP027704.1	1703137	1703439	1725	0.014466666666666666	0	0.5	0
C6W84_3050	Adenosylmethionine-8-amino-7-oxononanoate aminotransferase	CP027704.1	1703530	1704249	1726	0.015333333333333334	0	0	0
C6W84_3055	Adenosylmethionine-8-amino-7-oxononanoate aminotransferase	CP027704.1	1704330	1704809	1727	0.016066666666666667	0	0	0
C6W84_08170	8-amino-7-oxononanoate synthase	CP027704.1	1704811	1705968	1728	0.0188	0	0	0
C6W84_08175	Malonyl-[acyl-carrier protein] O-methyltransferase	CP027704.1	1705965	1706714	1729	0.04186666666666667	0	0	0
C6W84_08180	ATP-dependent dethiobiotin synthetase BioD 1	CP027704.1	1706715	1707359	1730	0.05926666666666667	0	0	0
C6W84_08185	Ribosomal large subunit pseudouridine synthase B	CP027704.1	1708348	1707425	1731	0.0646	0	0	0
C6W84_08190	Segregation and condensation protein B	CP027704.1	1708986	1708390	1732	0.06826666666666667	0	0	0
C6W84_08195	Segregation and condensation protein A	CP027704.1	1709750	1708983	1733	0.07146666666666666	0	0	0
C6W84_08200	Putative threonylcarbamoyl-AMP synthase	CP027704.1	1710620	1710003	1734	0.07640000000000001	0	0	0
C6W84_08205	Elongation factor P hydroxylase	CP027704.1	1711372	1710710	1735	0.08053333333333335	0	0	0
C6W84_08210	Large ribosomal RNA subunit accumulation protein YceD	CP027704.1	1711469	1712029	1736	0.08360000000000002	0	0	0
C6W84_08215	50S ribosomal protein L32	CP027704.1	1712104	1712289	1737	0	0	0	0
C6W84_3060	Malonyl CoA-acyl carrier protein transacylase	CP027704.1	1712442	1712882	1738	0.08460000000000001	0	0	0
C6W84_3065	Malonyl CoA-acyl carrier protein transacylase	CP027704.1	1712861	1713427	1739	0.08553333333333332	0	0	0
C6W84_08225	3-oxoacyl-[acyl-carrier-protein] reductase FabG	CP027704.1	1713424	1714158	1740	0.08666666666666666	0	0	0
C6W84_08230	Acyl carrier protein	CP027704.1	1714243	1714479	1741	0.08713333333333333	0	0	0
C6W84_3070	hypothetical protein	CP027704.1	1714670	1714921	1742	0.08613333333333333	0	0.5	0
C6W84_3075	hypothetical protein	CP027704.1	1714914	1715141	1743	0.086	0	0.5	0
C6W84_3080	Hydroxymethylpyrimidine/phosphomethylpyrimidine kinase	CP027704.1	1715949	1715302	1744	0.08593333333333332	0	0	0
C6W84_08245	5'-nucleotidase	CP027704.1	1716047	1716721	1745	0.08559999999999998	0	0	0
C6W84_3085	hypothetical protein	CP027704.1	1716888	1716787	1746	0.08513333333333332	0	0.5	0
C6W84_3090	3,4-dihydroxy-2-butanone 4-phosphate synthase	CP027704.1	1717445	1716951	1747	0.08486666666666666	0	0	0
C6W84_3095	hypothetical protein	CP027704.1	1717863	1718678	1748	0.08213333333333332	0	0.5	0
C6W84_3100	hypothetical protein	CP027704.1	1718717	1719643	1749	0.08099999999999997	0	0.5	0
C6W84_08260	hypothetical protein	CP027704.1	1719643	1720203	1750	0.08073333333333331	0	0.5	0
C6W84_08265	Aspartate 1-decarboxylase	CP027704.1	1720638	1720258	1751	0.07979999999999997	0	0	0
C6W84_08270	Peptidyl-tRNA hydrolase	CP027704.1	1721351	1720770	1752	0.07793333333333329	0	0	0
C6W84_08275	50S ribosomal protein L25	CP027704.1	1721668	1721372	1753	0	0	0	0
C6W84_08280	Ribose-phosphate pyrophosphokinase	CP027704.1	1722718	1721768	1754	0.07446666666666664	0	0	0
C6W84_3105	4-diphosphocytidyl-2-C-methyl-D-erythritol kinase	CP027704.1	1723751	1723479	1755	0.07359999999999996	0	0	0
C6W84_3110	4-diphosphocytidyl-2-C-methyl-D-erythritol kinase	CP027704.1	1724023	1723736	1756	0.07279999999999996	0	0	0
C6W84_08310	Outer-membrane lipoprotein LolB	CP027704.1	1724620	1724042	1757	0.07206666666666663	0	0	0
C6W84_3115	Beta-barrel assembly-enhancing protease	CP027704.1	1726334	1724625	1758	0.0693333333333333	0	0	0
C6W84_08320	Glutamyl-tRNA reductase	CP027704.1	1726423	1727706	1759	0.04626666666666667	0	0	0
C6W84_08325	DNA primase	CP027704.1	1729568	1727703	1760	0.02886666666666667	0	0	0
C6W84_08330	Outer membrane protein assembly factor BamD	CP027704.1	1730883	1729726	1761	0.0234	0	0	0
C6W84_08335	Ribosomal large subunit pseudouridine synthase D	CP027704.1	1730955	1732007	1762	0.0198	0	0	0
C6W84_3120	Laccase domain protein YfiH	CP027704.1	1732018	1732641	1763	0.016600000000000004	0	0	0
C6W84_08345	p-benzoquinone reductase	CP027704.1	1732975	1733526	1764	0.011666666666666669	0	0	0
C6W84_08350	SsrA-binding protein	CP027704.1	1734044	1733568	1765	0.007533333333333335	0	0	0
C6W84_08355	Phosphopantetheine adenylyltransferase	CP027704.1	1734180	1734671	1766	0.004333333333333333	0	0	0
C6W84_08360	Ferredoxin	CP027704.1	1734673	1734936	1767	0.0037333333333333337	0	0	0
C6W84_08375	hypothetical protein	CP027704.1	1735609	1736793	1768	0.0038000000000000004	0	0.5	0
C6W84_08380	HTH-type transcriptional regulator DmlR	CP027704.1	1737830	1736847	1769	0.0028666666666666675	0	0	0
C6W84_08385	D-malate dehydrogenase [decarboxylating]	CP027704.1	1737934	1739046	1770	0.0017333333333333335	0	0	0
C6W84_3125	L-carnitine/gamma-butyrobetaine antiporter	CP027704.1	1739073	1740719	1771	0.0012	0	0	0
C6W84_08395	Carboxylesterase NlhH	CP027704.1	1740731	1741705	1772	0.0012	0	0	0
C6W84_08400	Anthranilate 1,2-dioxygenase large subunit	CP027704.1	1741748	1742863	1773	0.0011333333333333334	0	0	0
C6W84_08405	Succinate-semialdehyde dehydrogenase [NADP(+)] GabD	CP027704.1	1742928	1744379	1774	0.0011333333333333334	0	0	0
C6W84_3130	hypothetical protein	CP027704.1	1744427	1744570	1775	0.0011333333333333334	0	0.5	0
C6W84_3135	Phenoxybenzoate dioxygenase subunit beta	CP027704.1	1744567	1745265	1776	0.0012666666666666666	0	0	0
C6W84_3140	Toluene-4-sulfonate monooxygenase system reductase subunit TsaB1	CP027704.1	1745223	1745381	1777	0.0012666666666666666	0	0	0
C6W84_08420	hypothetical protein	CP027704.1	1746686	1745658	1778	0.0012	0	0.5	0
C6W84_08425	Glutamine-dependent NAD(+) synthetase	CP027704.1	1748304	1746679	1779	0.0012	0	0	0
C6W84_3145	hypothetical protein	CP027704.1	1749224	1748688	1780	0.0012	0	0.5	0
C6W84_08435	Putative quercetin 2,3-dioxygenase	CP027704.1	1750199	1749339	1781	0.0012	0	0	0
C6W84_08440	hypothetical protein	CP027704.1	1750822	1750370	1782	0.0012000000000000001	0	0.5	0
C6W84_08445	3-oxoacyl-[acyl-carrier-protein] synthase 1	CP027704.1	1752070	1750841	1783	0.0012000000000000001	0	0	0
C6W84_3150	hypothetical protein	CP027704.1	1752367	1753692	1784	0.0015333333333333336	0	0.5	0
C6W84_08455	30S ribosomal protein S12	CP027704.1	1753893	1754267	1785	0	0	0	0
C6W84_08460	30S ribosomal protein S7	CP027704.1	1754427	1754897	1786	0	0	0	0
C6W84_08465	Elongation factor G	CP027704.1	1755075	1757213	1787	0.0018666666666666666	0	0	0
C6W84_08470	Elongation factor Tu	CP027704.1	1757308	1758498	1788	0.0023333333333333335	0	0	0
C6W84_08475	hypothetical protein	CP027704.1	1758702	1759583	1789	0.0054	0	0.5	0
C6W84_08480	hypothetical protein	CP027704.1	1759820	1760695	1790	0.007000000000000001	0	0.5	0
C6W84_08485	Ribosomal-protein-alanine acetyltransferase	CP027704.1	1760803	1761258	1791	0.008066666666666668	0	0	0
C6W84_08490	Putative arginyl-tRNA--protein transferase	CP027704.1	1762118	1761303	1792	0.0086	0	0	0
C6W84_08495	Leucyl/phenylalanyl-tRNA--protein transferase	CP027704.1	1762868	1762137	1793	0.010133333333333333	0	0	0
C6W84_08500	Glucosaminate ammonia-lyase	CP027704.1	1763936	1762989	1794	0.010199999999999999	0	0	0
C6W84_3155	DNA translocase FtsK	CP027704.1	1764206	1764637	1795	0.010266666666666667	0	0	0
C6W84_3160	DNA translocase FtsK	CP027704.1	1764682	1766190	1796	0.010733333333333334	0	0	0
C6W84_3165	DNA translocase FtsK	CP027704.1	1766151	1767242	1797	0.012066666666666667	0	0	0
C6W84_08510	Threonine efflux protein	CP027704.1	1767392	1768012	1798	0.012	0	0	0
C6W84_08515	hypothetical protein	CP027704.1	1768342	1768055	1799	0.012199999999999999	0	0.5	0
C6W84_08520	Cell division topological specificity factor	CP027704.1	1768698	1768426	1800	0.012466666666666666	0	0	0
C6W84_3170	Septum site-determining protein MinD	CP027704.1	1769537	1768701	1801	0.013533333333333335	0	0	0
C6W84_3175	Septum site-determining protein MinC	CP027704.1	1770306	1769584	1802	0.013666666666666667	0	0	0
C6W84_08535	hypothetical protein	CP027704.1	1771475	1770429	1803	0.013666666666666667	0	0.5	0
C6W84_3180	putative acyltransferase YihG	CP027704.1	1772150	1771521	1804	0.013666666666666667	0	0	0
C6W84_3185	hypothetical protein	CP027704.1	1772325	1772420	1805	0.013666666666666667	0	0.5	0
C6W84_08545	putative lipoprotein YiaD	CP027704.1	1772661	1773314	1806	0.0134	0	0	0
C6W84_08550	ATP-dependent DNA helicase Rep	CP027704.1	1773507	1775546	1807	0.0134	0	0	0
C6W84_08555	Deoxyuridine 5'-triphosphate nucleotidohydrolase	CP027704.1	1775571	1776023	1808	0.0134	0	0	0
C6W84_08560	Phosphomannomutase/phosphoglucomutase	CP027704.1	1776223	1777641	1809	0.0134	0	0	0
C6W84_08565	Acetylglutamate kinase	CP027704.1	1777656	1778564	1810	0.0134	0	0	0
C6W84_08570	hypothetical protein	CP027704.1	1778685	1779467	1811	0.013666666666666667	0	0.5	0
C6W84_3190	Putative glutamine amidotransferase YafJ	CP027704.1	1779594	1780424	1812	0.013733333333333335	0	0	0
C6W84_3195	Bacteriohemerythrin	CP027704.1	1780676	1780933	1813	0.013733333333333335	0	0	0
C6W84_3200	Bacteriohemerythrin	CP027704.1	1780957	1781130	1814	0.0134	0	0	0
C6W84_3205	hypothetical protein	CP027704.1	1781283	1781846	1815	0.013600000000000001	0	0.5	0
C6W84_3210	hypothetical protein	CP027704.1	1781804	1782349	1816	0.013466666666666667	0	0.5	0
C6W84_08595	Persistence and stress-resistance antitoxin PasI	CP027704.1	1782349	1782672	1817	0.0132	0	0	0
C6W84_3215	Outer membrane protein assembly factor BamE	CP027704.1	1783124	1782846	1818	0.012733333333333334	0	0	0
C6W84_08605	Ferric uptake regulation protein	CP027704.1	1783236	1783673	1819	0.009666666666666669	0	0	0
C6W84_08610	Twitching mobility protein	CP027704.1	1784861	1783743	1820	0.008066666666666668	0	0	0
C6W84_3220	Twitching mobility protein	CP027704.1	1785956	1784889	1821	0.007066666666666668	0	0	0
C6W84_08620	hypothetical protein	CP027704.1	1786053	1786745	1822	0.0064666666666666674	0	0.5	0
C6W84_08625	Nuclease SbcCD subunit C	CP027704.1	1790542	1786946	1823	0.005000000000000001	0	0	0
C6W84_08630	Nuclease SbcCD subunit D	CP027704.1	1791820	1790552	1824	0.004933333333333334	0	0	0
C6W84_3225	hypothetical protein	CP027704.1	1791967	1792458	1825	0.005066666666666667	0	0.5	0
C6W84_08640	hypothetical protein	CP027704.1	1792908	1792531	1826	0.005000000000000002	0	0.5	0
C6W84_08645	hypothetical protein	CP027704.1	1793289	1793741	1827	0.004266666666666668	0	0.5	0
C6W84_08650	Epimerase family protein	CP027704.1	1793829	1794734	1828	0.003933333333333334	0	0	0
C6W84_08655	Glycine oxidase	CP027704.1	1795841	1794726	1829	0.0036	0	0	0
C6W84_3230	Delta-aminolevulinic acid dehydratase	CP027704.1	1796964	1795867	1830	0.003466666666666667	0	0	0
C6W84_3235	hypothetical protein	CP027704.1	1797023	1797520	1831	0.0044666666666666665	0	0.5	0
C6W84_08670	putative multidrug resistance protein EmrK	CP027704.1	1797790	1798941	1832	0.004666666666666667	0	0	0
C6W84_3240	Multidrug export protein EmrB	CP027704.1	1798948	1799667	1833	0.004666666666666667	0	0	0
C6W84_3245	Multidrug export protein EmrB	CP027704.1	1799843	1800469	1834	0.004666666666666667	0	0	0
C6W84_08680	Gamma-glutamyltranspeptidase	CP027704.1	1800773	1802758	1835	0.004666666666666667	0	0	0
C6W84_08690	Serine/threonine-protein kinase PrkC	CP027704.1	1803404	1804573	1836	0.004666666666666667	0	0	0
C6W84_08695	hypothetical protein	CP027704.1	1804566	1805042	1837	0.004666666666666667	0	0.5	0
C6W84_08700	Prophage integrase IntS	CP027704.1	1805039	1806268	1838	0.004666666666666667	0	1.5	0
C6W84_08705	hypothetical protein	CP027704.1	1806533	1807027	1839	0.004733333333333334	0	0.5	0
C6W84_3250	hypothetical protein	CP027704.1	1807295	1807050	1840	0.0048000000000000004	0	0.5	0
C6W84_3255	hypothetical protein	CP027704.1	1808246	1807584	1841	0.004533333333333334	0	0.5	0
C6W84_3260	hypothetical protein	CP027704.1	1808771	1808472	1842	0.0044666666666666665	0	0.5	0
C6W84_3265	hypothetical protein	CP027704.1	1809371	1808835	1843	0.004533333333333334	0	0.5	0
C6W84_3270	hypothetical protein	CP027704.1	1809413	1809733	1844	0.004533333333333334	0	0.5	0
C6W84_08730	hypothetical protein	CP027704.1	1809862	1810779	1845	0.004333333333333333	0	0.5	0
C6W84_3275	hypothetical protein	CP027704.1	1811283	1812320	1846	0.0044	0	0.5	0
C6W84_3280	hypothetical protein	CP027704.1	1812715	1812954	1847	0.005	0	0.5	0
C6W84_3285	hypothetical protein	CP027704.1	1813243	1813043	1848	0.005333333333333333	0	0.5	0
C6W84_3290	hypothetical protein	CP027704.1	1813536	1813790	1849	0.006	0	0.5	0
C6W84_3295	hypothetical protein	CP027704.1	1813787	1814200	1850	0.006333333333333333	0	0.5	0
C6W84_3300	hypothetical protein	CP027704.1	1814392	1815975	1851	0.0062	0	0.5	0
C6W84_3305	hypothetical protein	CP027704.1	1815972	1816304	1852	0.0062	0	0.5	0
C6W84_3310	Putative arginine/ornithine antiporter	CP027704.1	1817604	1816360	1853	0.0061333333333333335	0	0	0
C6W84_3315	hypothetical protein	CP027704.1	1818196	1817699	1854	0.0061333333333333335	0	0.5	0
C6W84_3320	Homocysteine S-methyltransferase	CP027704.1	1818576	1818181	1855	0.005933333333333334	0	0	0
C6W84_08775	hypothetical protein	CP027704.1	1819263	1818793	1856	0.005533333333333334	0	0.5	0
C6W84_08780	Malate:quinone oxidoreductase	CP027704.1	1820995	1819355	1857	0.004933333333333334	0	0	0
C6W84_08785	Oxygen-dependent choline dehydrogenase	CP027704.1	1823165	1821507	1858	0.005000000000000001	0	0	0
C6W84_08790	NAD/NADP-dependent betaine aldehyde dehydrogenase	CP027704.1	1824733	1823261	1859	0.005333333333333334	0	0	0
C6W84_3325	HTH-type transcriptional regulator BetI	CP027704.1	1825349	1824726	1860	0.005266666666666668	0	0	0
C6W84_08800	Osmo-independent choline transporter BetT1	CP027704.1	1825614	1827236	1861	0.003533333333333333	0	0	0
C6W84_08805	Osmo-dependent choline transporter BetT2	CP027704.1	1827354	1829420	1862	0.003333333333333333	0	0	0
C6W84_08810	hypothetical protein	CP027704.1	1829432	1830046	1863	0.0034666666666666665	0	0.5	0
C6W84_08815	putative acyl-CoA thioester hydrolase	CP027704.1	1830308	1830823	1864	0.003533333333333333	0	0	0
C6W84_08820	hypothetical protein	CP027704.1	1831137	1830937	1865	0.003533333333333333	0	0.5	0
C6W84_08825	Zinc-binding GTPase YeiR	CP027704.1	1831634	1832632	1866	0.003533333333333333	0	0	0
C6W84_3330	C4-dicarboxylate transport protein	CP027704.1	1833080	1832670	1867	0.0036	0	0	0
C6W84_08835	hypothetical protein	CP027704.1	1834360	1833137	1868	0.0036	0	0.5	0
C6W84_08840	hypothetical protein	CP027704.1	1834503	1835033	1869	0.003533333333333333	0	0.5	0
C6W84_08845	FK506-binding protein	CP027704.1	1835120	1835461	1870	0.003466666666666667	0	0	0
C6W84_08850	Poly-beta-1,6-N-acetyl-D-glucosamine N-deacetylase	CP027704.1	1835698	1837692	1871	0.003466666666666667	0	0	0
C6W84_08855	Poly-beta-1,6-N-acetyl-D-glucosamine synthase	CP027704.1	1837706	1838965	1872	0.0034000000000000002	0	0	0
C6W84_3335	hypothetical protein	CP027704.1	1839048	1839467	1873	0.0033333333333333335	0	0.5	0
C6W84_08865	2,3-dehydroadipyl-CoA hydratase	CP027704.1	1840359	1839571	1874	0.0033333333333333335	0	0	0
C6W84_08870	Nicotinamide riboside transporter PnuC	CP027704.1	1840606	1841187	1875	0.0033333333333333335	0	0	0
C6W84_08875	hypothetical protein	CP027704.1	1841202	1841504	1876	0.003266666666666667	0	0.5	0
C6W84_08880	Transcriptional regulator KdgR	CP027704.1	1842358	1841546	1877	0.0026666666666666666	0	0	0
C6W84_3340	hypothetical protein	CP027704.1	1842632	1842814	1878	0.0023333333333333335	0	0.5	0
C6W84_3345	Acetolactate synthase isozyme 1 large subunit	CP027704.1	1842757	1843701	1879	0.0016666666666666672	0	0	0
C6W84_3350	hypothetical protein	CP027704.1	1843857	1845053	1880	0.0013333333333333335	0	0.5	0
C6W84_08900	Proline/betaine transporter	CP027704.1	1846414	1845116	1881	0.0013333333333333335	0	0	0
C6W84_08905	Peptide deformylase	CP027704.1	1846649	1847131	1882	0.0013333333333333335	0	0	0
C6W84_08910	Glutaminase	CP027704.1	1847310	1848632	1883	0.0013333333333333335	0	0	0
C6W84_3355	HTH-type transcriptional regulator NimR	CP027704.1	1849386	1848739	1884	0.0013333333333333335	0	0	0
C6W84_08920	Fosmidomycin resistance protein	CP027704.1	1849493	1850713	1885	0.0013333333333333335	0	0	0
C6W84_3360	Aldose 1-epimerase	CP027704.1	1851407	1850781	1886	0.0013333333333333335	0	0	0
C6W84_3365	Aldose 1-epimerase	CP027704.1	1851925	1851449	1887	0.0013333333333333335	0	0	0
C6W84_08935	hypothetical protein	CP027704.1	1852117	1852563	1888	0.0012000000000000001	0	0.5	0
C6W84_3370	HTH-type transcriptional regulator PerR	CP027704.1	1853354	1852575	1889	0.0008	0	0	0
C6W84_3375	hypothetical protein	CP027704.1	1853479	1853351	1890	0.0008000000000000003	0	0.5	0
C6W84_08945	3-oxoacyl-[acyl-carrier-protein] reductase FabG	CP027704.1	1853633	1854382	1891	0.00046666666666666666	0	0	0
C6W84_08950	Putative metabolite transport protein NicT	CP027704.1	1854434	1855762	1892	0.0003333333333333333	0	0	0
C6W84_3380	Transketolase 2	CP027704.1	1855776	1856627	1893	0.0002666666666666667	0	0	0
C6W84_08960	1-deoxy-D-xylulose-5-phosphate synthase	CP027704.1	1856638	1857642	1894	0.0002	0	0	0
C6W84_08965	Methionine synthase	CP027704.1	1861409	1857723	1895	0.0002	0	0	0
C6W84_08970	Low-affinity inorganic phosphate transporter 1	CP027704.1	1861871	1863502	1896	0.0002	0	0	0
C6W84_08975	D-serine dehydratase	CP027704.1	1863663	1864997	1897	0.00013333333333333334	0	0	0
C6W84_3385	hypothetical protein	CP027704.1	1866000	1865041	1898	0.00013333333333333334	0	0.5	0
C6W84_3390	hypothetical protein	CP027704.1	1866344	1865940	1899	0.0002	0	0.5	0
C6W84_3395	hypothetical protein	CP027704.1	1866586	1866287	1900	0.0002666666666666667	0	0.5	0
C6W84_08985	hypothetical protein	CP027704.1	1867287	1867123	1901	0.0003333333333333333	0	0.5	0
C6W84_3400	Serine/threonine-protein kinase pkn1	CP027704.1	1868403	1867441	1902	0.0006666666666666666	0	0	0
C6W84_08995	Arylsulfatase	CP027704.1	1870076	1868400	1903	0.0006666666666666666	0	0	0
C6W84_3405	Rhomboid protease GlpG	CP027704.1	1870863	1870318	1904	0.0007333333333333333	0	0	0
C6W84_09005	Fe/S biogenesis protein NfuA	CP027704.1	1871021	1871659	1905	0.0009333333333333332	0	0	0
C6W84_09010	Ferric enterobactin receptor	CP027704.1	1871829	1874093	1906	0.001	0	0	0
C6W84_3410	hypothetical protein	CP027704.1	1874550	1874116	1907	0.0011333333333333334	0	0.5	0
C6W84_3415	hypothetical protein	CP027704.1	1875122	1874562	1908	0.0012000000000000001	0	0.5	0
C6W84_09020	Lipase 1	CP027704.1	1876174	1875149	1909	0.0012000000000000001	0	0	0
C6W84_09025	Carbonic anhydrase 2	CP027704.1	1876459	1877073	1910	0.0012000000000000001	0	0	0
C6W84_3420	Esterase TesA	CP027704.1	1877666	1877106	1911	0.0012000000000000001	0	0	0
C6W84_09035	ABC transporter ATP-binding protein YtrE	CP027704.1	1877774	1878466	1912	0.0012000000000000001	0	0	0
C6W84_3425	hypothetical protein	CP027704.1	1878625	1880928	1913	0.0012000000000000001	0	0.5	0
C6W84_09045	Rhomboid protease AarA	CP027704.1	1881739	1880930	1914	0.0017333333333333335	0	0	0
C6W84_09050	Biosynthetic peptidoglycan transglycosylase	CP027704.1	1881816	1882493	1915	0.0026	0	0	0
C6W84_3430	Polyphosphate kinase	CP027704.1	1882598	1884661	1916	0.0027333333333333333	0	0	0
C6W84_3435	hypothetical protein	CP027704.1	1884915	1885193	1917	0.009200000000000002	0	0.5	0
C6W84_3440	hypothetical protein	CP027704.1	1885244	1885813	1918	0.0094	0	0.5	0
C6W84_3445	hypothetical protein	CP027704.1	1885900	1886334	1919	0.009933333333333334	0	0.5	0
C6W84_3450	hypothetical protein	CP027704.1	1886457	1886693	1920	0.010533333333333336	0	0.5	0
C6W84_09080	Hydrogen peroxide-inducible genes activator	CP027704.1	1887632	1886724	1921	0.010866666666666669	0	0	0
C6W84_3455	Aclacinomycin methylesterase RdmC	CP027704.1	1888583	1887639	1922	0.011200000000000003	0	0	0
C6W84_09090	Rubredoxin-NAD(+) reductase	CP027704.1	1889819	1888638	1923	0.011533333333333336	0	0	0
C6W84_09095	Rubredoxin	CP027704.1	1890076	1889912	1924	0.012866666666666669	0	0	0
C6W84_09100	hypothetical protein	CP027704.1	1890520	1890957	1925	0.014600000000000002	0	0.5	0
C6W84_09105	hypothetical protein	CP027704.1	1891514	1891026	1926	0.016200000000000003	0	0.5	0
C6W84_09110	Lysine--tRNA ligase	CP027704.1	1891770	1893299	1927	0.0212	0	0	0
C6W84_3460	hypothetical protein	CP027704.1	1893489	1894688	1928	0.021666666666666667	0	0.5	0
C6W84_3465	hypothetical protein	CP027704.1	1894688	1894930	1929	0.0218	0	0.5	0
C6W84_3470	hypothetical protein	CP027704.1	1895221	1895319	1930	0.0218	0	0.5	0
C6W84_09125	Sulfate adenylyltransferase subunit 2	CP027704.1	1895312	1896220	1931	0.021733333333333334	0	0	0
C6W84_09130	Sulfate adenylyltransferase subunit 1	CP027704.1	1896251	1897864	1932	0.021533333333333335	0	0	0
C6W84_09135	hypothetical protein	CP027704.1	1898464	1897916	1933	0.0216	0	0.5	0
C6W84_09140	hypothetical protein	CP027704.1	1898686	1899198	1934	0.021733333333333334	0	0.5	0
C6W84_3475	Citrate transporter	CP027704.1	1900191	1899244	1935	0.021733333333333334	0	0	0
C6W84_3480	Citrate transporter	CP027704.1	1900580	1900260	1936	0.021733333333333334	0	0	0
C6W84_09155	Magnesium and cobalt efflux protein CorC	CP027704.1	1902459	1901134	1937	0.022000000000000002	0	0	0
C6W84_09160	HTH-type transcriptional regulator SyrM 1	CP027704.1	1903572	1902583	1938	0.023533333333333337	0	0	0
C6W84_09165	Isocitrate lyase	CP027704.1	1904161	1905765	1939	0.025933333333333333	0	0	0
C6W84_09170	Lipoprotein NlpE	CP027704.1	1906307	1905828	1940	0.027933333333333334	0	0	0
C6W84_3485	hypothetical protein	CP027704.1	1906833	1906510	1941	0.028933333333333335	0	0.5	0
C6W84_3490	Urease accessory protein UreD	CP027704.1	1907028	1907612	1942	0.029733333333333337	0	0	0
C6W84_3495	Urease accessory protein UreD	CP027704.1	1907645	1907902	1943	0.02986666666666667	0	0	0
C6W84_09185	Urease subunit gamma	CP027704.1	1908004	1908306	1944	0.029400000000000003	0	0	0
C6W84_09190	Urease subunit beta	CP027704.1	1908319	1908639	1945	0.028800000000000003	0	0	0
C6W84_09195	hypothetical protein	CP027704.1	1908629	1909087	1946	0.028733333333333336	0	0.5	0
C6W84_09200	Urease subunit alpha	CP027704.1	1909100	1910800	1947	0.02253333333333334	0	0	0
C6W84_09205	Urease accessory protein UreE	CP027704.1	1910870	1911352	1948	0.022733333333333338	0	0	0
C6W84_09210	Urease accessory protein UreF	CP027704.1	1911339	1912004	1949	0.02253333333333334	0	0	0
C6W84_09215	Urease accessory protein UreG	CP027704.1	1912028	1912642	1950	0.02186666666666667	0	0	0
C6W84_09220	hypothetical protein	CP027704.1	1912652	1913221	1951	0.02193333333333334	0	0.5	0
C6W84_3500	Ribosomal RNA small subunit methyltransferase D	CP027704.1	1913820	1913263	1952	0.022000000000000006	0	0	0
C6W84_09230	Peptidoglycan D,D-transpeptidase MrdA	CP027704.1	1915831	1913813	1953	0.02386666666666667	0	0	0
C6W84_09235	hypothetical protein	CP027704.1	1916068	1916586	1954	0.023666666666666673	0	0.5	0
C6W84_09240	hypothetical protein	CP027704.1	1916648	1917961	1955	0.022066666666666672	0	0.5	0
C6W84_3505	Adenylate kinase	CP027704.1	1918146	1918700	1956	0.020533333333333337	0	0	0
C6W84_3510	Endonuclease III	CP027704.1	1919631	1918939	1957	0.015533333333333336	0	0	0
C6W84_09260	Electron transport complex subunit RsxB	CP027704.1	1920423	1919632	1958	0.01506666666666667	0	0	0
C6W84_09265	NADP-specific glutamate dehydrogenase	CP027704.1	1920695	1922098	1959	0.014866666666666669	0	0	0
C6W84_3515	hypothetical protein	CP027704.1	1922980	1922153	1960	0.014800000000000002	0	0.5	0
C6W84_09275	4,5-DOPA dioxygenase extradiol	CP027704.1	1924196	1923420	1961	0.014800000000000002	0	0	0
C6W84_09280	Ribosomal RNA large subunit methyltransferase H	CP027704.1	1924788	1924309	1962	0.014666666666666668	0	0	0
C6W84_09285	Lon protease	CP027704.1	1927518	1925089	1963	0.014600000000000002	0	0	0
C6W84_3520	5-formyltetrahydrofolate cyclo-ligase	CP027704.1	1928587	1928003	1964	0.014400000000000001	0	0	0
C6W84_09300	hypothetical protein	CP027704.1	1929797	1928865	1965	0.0142	0	0.5	0
C6W84_09310	Cell division protein ZapA	CP027704.1	1930673	1930389	1966	0.014133333333333335	0	0	0
C6W84_09315	Chromosome partition protein Smc	CP027704.1	1931230	1930670	1967	0.013733333333333335	0	0	0
C6W84_09320	hypothetical protein	CP027704.1	1931295	1931927	1968	0.012133333333333336	0	0.5	0
C6W84_09325	Xaa-Pro aminopeptidase	CP027704.1	1931995	1933317	1969	0.009733333333333335	0	0	0
C6W84_3525	6-hydroxy-3-succinoylpyridine 3-monooxygenase HspB	CP027704.1	1933348	1933554	1970	0.007733333333333333	0	0	0
C6W84_3530	2-octaprenyl-6-methoxyphenol hydroxylase	CP027704.1	1933593	1934555	1971	0.0067333333333333325	0	0	0
C6W84_09335	2-octaprenylphenol hydroxylase	CP027704.1	1934552	1935784	1972	0.005933333333333334	0	0	0
C6W84_09340	hypothetical protein	CP027704.1	1935994	1936245	1973	0.0058000000000000005	0	0.5	0
C6W84_09345	HTH-type transcriptional regulator ZntR	CP027704.1	1936701	1936300	1974	0.005733333333333334	0	0	0
C6W84_09350	Cadmium, cobalt and zinc/H(+)-K(+) antiporter	CP027704.1	1936767	1937408	1975	0.0054666666666666665	0	0	0
C6W84_09355	Arginine exporter protein ArgO	CP027704.1	1938069	1937467	1976	0.0054	0	0	0
C6W84_09360	putative HTH-type transcriptional regulator	CP027704.1	1938175	1939065	1977	0.005133333333333334	0	0	0
C6W84_09365	hypothetical protein	CP027704.1	1939454	1939068	1978	0.004733333333333334	0	0.5	0
C6W84_09370	Ribosomal RNA small subunit methyltransferase I	CP027704.1	1940384	1939548	1979	0.0044	0	0	0
C6W84_3535	hypothetical protein	CP027704.1	1940578	1940805	1980	0.0044	0	0.5	0
C6W84_09380	hypothetical protein	CP027704.1	1941059	1941766	1981	0.004	0	0.5	0
C6W84_09385	Monoterpene epsilon-lactone hydrolase	CP027704.1	1941770	1942633	1982	0.0036000000000000003	0	0	0
C6W84_09390	NADH pyrophosphatase	CP027704.1	1943399	1942656	1983	0.0013333333333333335	0	0	0
C6W84_09395	hypothetical protein	CP027704.1	1945042	1943399	1984	0.0002	0	0.5	0
C6W84_09400	DNA polymerase III subunit epsilon	CP027704.1	1946554	1945175	1985	6.666666666666667e-05	0	0	0
C6W84_09405	Membrane-bound lytic murein transglycosylase D	CP027704.1	1946787	1950002	1986	0.0	0	0	0
C6W84_3540	Oligopeptide-binding protein AppA	CP027704.1	1950018	1951853	1987	0.0	0	0	0
C6W84_09415	Inner membrane ABC transporter permease protein YejB	CP027704.1	1951883	1952935	1988	0.0006	0	0	0
C6W84_09420	Inner membrane ABC transporter permease protein YejE	CP027704.1	1952935	1953945	1989	0.0020666666666666667	0	0	0
C6W84_09425	Glutathione import ATP-binding protein GsiA	CP027704.1	1953923	1955512	1990	0.0024666666666666665	0	0	0
C6W84_09430	NADH oxidase	CP027704.1	1955697	1956941	1991	0.004066666666666666	0	0	0
C6W84_09435	Ferrichrome-iron receptor	CP027704.1	1959114	1957000	1992	0.0054	0	0	0
C6W84_09445	Ribonuclease T	CP027704.1	1960054	1959392	1993	0.007666666666666667	0	0	0
C6W84_09450	Dihydroorotase	CP027704.1	1961073	1960039	1994	0.009666666666666667	0	0	0
C6W84_3545	Phytochrome-like protein cph2	CP027704.1	1961223	1962317	1995	0.018333333333333333	0	0	0
C6W84_3550	Phytochrome-like protein cph2	CP027704.1	1962257	1962484	1996	0.0258	0	0	0
C6W84_09460	Argininosuccinate synthase	CP027704.1	1963886	1962543	1997	0.027533333333333337	0	0	0
C6W84_09465	hypothetical protein	CP027704.1	1964504	1964109	1998	0.033666666666666664	0	0.5	0
C6W84_09470	2,4-dienoyl-CoA reductase [NADPH]	CP027704.1	1964669	1966699	1999	0.03613333333333334	0	0	0
C6W84_3555	Insertion element IS6110 uncharacterized 12.0 kDa protein	CP027704.1	1967045	1967362	2000	0.0414	0	0.5	0
C6W84_3560	hypothetical protein	CP027704.1	1967362	1968264	2001	0.043666666666666666	0	0.5	0
C6W84_3565	hypothetical protein	CP027704.1	1968363	1969154	2002	0.047400000000000005	0	0.5	0
C6W84_3570	hypothetical protein	CP027704.1	1969151	1969435	2003	0.05086666666666668	0	0.5	0
C6W84_3575	hypothetical protein	CP027704.1	1970334	1969432	2004	0.05440000000000001	0	0.5	0
C6W84_3580	Insertion element IS6110 uncharacterized 12.0 kDa protein	CP027704.1	1970651	1970334	2005	0.05640000000000001	0	0.5	0
C6W84_3585	hypothetical protein	CP027704.1	1970707	1970931	2006	0.05693333333333335	0	0.5	0
C6W84_09505	hypothetical protein	CP027704.1	1971132	1971320	2007	0.05760000000000001	0	0.5	0
C6W84_3590	hypothetical protein	CP027704.1	1971716	1971282	2008	0.057733333333333345	0	0.5	0
C6W84_3595	hypothetical protein	CP027704.1	1972372	1971803	2009	0.057866666666666684	0	0.5	0
C6W84_09520	hypothetical protein	CP027704.1	1972703	1974721	2010	0.06233333333333335	0	0.5	0
C6W84_09525	hypothetical protein	CP027704.1	1975440	1976156	2011	0.06413333333333335	0	0.5	0
C6W84_09530	hypothetical protein	CP027704.1	1976192	1976623	2012	0.06526666666666668	0	0.5	0
C6W84_09535	hypothetical protein	CP027704.1	1976623	1976943	2013	0.06660000000000002	0	0.5	0
C6W84_09540	hypothetical protein	CP027704.1	1976936	1977115	2014	0.0676666666666667	0	0.5	0
C6W84_3600	hypothetical protein	CP027704.1	1977459	1977112	2015	0.06993333333333336	0	0.5	0
C6W84_3605	Insertion element IS6110 uncharacterized 12.0 kDa protein	CP027704.1	1977544	1977861	2016	0.07200000000000002	0	0.5	0
C6W84_3610	hypothetical protein	CP027704.1	1977861	1978763	2017	0.07553333333333336	0	0.5	0
C6W84_3615	hypothetical protein	CP027704.1	1979967	1978984	2018	0.07526666666666666	0	0.5	0
C6W84_09570	hypothetical protein	CP027704.1	1981087	1981347	2019	0.07893333333333333	0	0.5	0
C6W84_09575	hypothetical protein	CP027704.1	1981365	1981946	2020	0.0798	0	0.5	0
C6W84_09580	hypothetical protein	CP027704.1	1981957	1982337	2021	0.07953333333333333	0	0.5	0
C6W84_09585	hypothetical protein	CP027704.1	1982457	1982759	2022	0.07913333333333335	0	0.5	0
C6W84_09590	hypothetical protein	CP027704.1	1982851	1983897	2023	0.07980000000000002	0	0.5	0
C6W84_3620	hypothetical protein	CP027704.1	1983924	1984022	2024	0.0792666666666667	0	0.5	0
C6W84_09595	hypothetical protein	CP027704.1	1984041	1985084	2025	0.07073333333333336	0	0.5	0
C6W84_09600	hypothetical protein	CP027704.1	1985226	1986155	2026	0.06340000000000003	0	0.5	0
C6W84_3625	hypothetical protein	CP027704.1	1986657	1986343	2027	0.062266666666666685	0	0.5	0
C6W84_3630	hypothetical protein	CP027704.1	1987223	1986636	2028	0.05626666666666668	0	0.5	0
C6W84_09610	Copper resistance protein C	CP027704.1	1987670	1987290	2029	0.05380000000000002	0	0	0
C6W84_09615	Copper-transporting P-type ATPase	CP027704.1	1987948	1990293	2030	0.04866666666666668	0	0	0
C6W84_09620	Sensor kinase CusS	CP027704.1	1991743	1990367	2031	0.04666666666666668	0	0	0
C6W84_09625	Transcriptional regulatory protein CusR	CP027704.1	1992416	1991733	2032	0.04300000000000002	0	0	0
C6W84_09630	Copper resistance protein B	CP027704.1	1992565	1992867	2033	0.0396	0	0	0
C6W84_3635	Copper resistance protein A	CP027704.1	1993217	1994794	2034	0.0366	0	0	0
C6W84_09640	Copper resistance protein B	CP027704.1	1994781	1995674	2035	0.035333333333333335	0	0	0
C6W84_09650	hypothetical protein	CP027704.1	1995911	1996192	2036	0.0354	0	0.5	0
C6W84_09665	hypothetical protein	CP027704.1	1998077	1997013	2037	0.03540000000000001	0	0.5	0
C6W84_3640	Insertion element IS6110 uncharacterized 12.0 kDa protein	CP027704.1	1998132	1998449	2038	0.035733333333333346	0	0.5	0
C6W84_3645	hypothetical protein	CP027704.1	1998449	1999351	2039	0.035933333333333345	0	0.5	0
C6W84_3650	hypothetical protein	CP027704.1	2000003	1999353	2040	0.032066666666666674	0	0.5	0
C6W84_3655	hypothetical protein	CP027704.1	2000566	2000000	2041	0.03060000000000001	0	0.5	0
C6W84_09680	hypothetical protein	CP027704.1	2001187	2000954	2042	0.029600000000000008	0	0.5	0
C6W84_09685	hypothetical protein	CP027704.1	2001528	2001292	2043	0.028600000000000007	0	0.5	0
C6W84_09690	Membrane lipoprotein TpN32	CP027704.1	2002022	2002900	2044	0.02786666666666667	0	0	0
C6W84_09695	hypothetical protein	CP027704.1	2003955	2003023	2045	0.02613333333333334	0	0.5	0
C6W84_09700	hypothetical protein	CP027704.1	2004213	2004572	2046	0.02433333333333334	0	0.5	0
C6W84_09705	Putative lipoprotein	CP027704.1	2005393	2004716	2047	0.021600000000000005	0	0	0
C6W84_09710	hypothetical protein	CP027704.1	2005758	2005390	2048	0.021733333333333337	0	0.5	0
C6W84_09715	Putative lipoprotein	CP027704.1	2006447	2005776	2049	0.017066666666666674	0	0	0
C6W84_09720	hypothetical protein	CP027704.1	2006757	2007689	2050	0.016266666666666672	0	0.5	0
C6W84_3660	putative HTH-type transcriptional regulator	CP027704.1	2007778	2008164	2051	0.016733333333333336	0	0	0
C6W84_09730	Putative S-adenosyl-L-methionine-dependent methyltransferase	CP027704.1	2009051	2008176	2052	0.01926666666666667	0	0	0
C6W84_09735	Baeyer-Villiger monooxygenase	CP027704.1	2010686	2009163	2053	0.019600000000000003	0	0	0
C6W84_09740	Diacetyl reductase [(S)-acetoin forming]	CP027704.1	2011543	2010710	2054	0.0228	0	0	0
C6W84_09745	hypothetical protein	CP027704.1	2012565	2011606	2055	0.028200000000000003	0	0.5	0
C6W84_09750	HTH-type transcriptional repressor Bm3R1	CP027704.1	2013092	2013715	2056	0.0352	0	0	0
C6W84_09755	Quercetin 2,3-dioxygenase	CP027704.1	2014502	2013780	2057	0.04346666666666667	0	0	0
C6W84_09760	hypothetical protein	CP027704.1	2015013	2015975	2058	0.061733333333333335	0	0.5	0
C6W84_09765	putative oxidoreductase EphD	CP027704.1	2016041	2016871	2059	0.07746666666666666	0	0	0
C6W84_09770	Baeyer-Villiger monooxygenase	CP027704.1	2016895	2018445	2060	0.09373333333333335	0	0	0
C6W84_09775	hypothetical protein	CP027704.1	2018553	2019485	2061	0.11213333333333335	0	0.5	0
C6W84_09780	hypothetical protein	CP027704.1	2019861	2020115	2062	0.12680000000000002	1	0.5	1	2018257	2018269	2040205	2040217	ACAGTATTCAAT	ATTGAATACTGT	Longest Repeat flanking phage and within 2000 bp
C6W84_09785	Adenine permease AdeP	CP027704.1	2020410	2021729	2063	0.14606666666666668	1	0	1
C6W84_09790	Adenine deaminase	CP027704.1	2021841	2022839	2064	0.16360000000000002	1	0	1
C6W84_09795	Cytochrome b561	CP027704.1	2023441	2022884	2065	0.178	1	0	1
C6W84_09800	hypothetical protein	CP027704.1	2023680	2024069	2066	0.19046666666666667	1	0.5	1
C6W84_09805	Ribonuclease HII	CP027704.1	2024135	2024701	2067	0.19346666666666668	1	0	1
C6W84_09810	Carbon storage regulator	CP027704.1	2025025	2024771	2068	0.19526666666666664	1	0	1
C6W84_3665	Aspartate kinase	CP027704.1	2026441	2025272	2069	0.19606666666666667	1	0	1
C6W84_09825	hypothetical protein	CP027704.1	2027699	2026977	2070	0.1985333333333333	1	0.5	1
C6W84_09835	hypothetical protein	CP027704.1	2028321	2028025	2071	0.2004	1	0.5	1
C6W84_3670	hypothetical protein	CP027704.1	2029199	2028321	2072	0.2041333333333333	1	0.5	1
C6W84_09850	hypothetical protein	CP027704.1	2029453	2029728	2073	0.20659999999999995	1	0.5	1
C6W84_09855	hypothetical protein	CP027704.1	2029725	2030021	2074	0.20806666666666665	1	0.5	1
C6W84_09860	hypothetical protein	CP027704.1	2030018	2030371	2075	0.20979999999999996	1	0.5	1
C6W84_3675	hypothetical protein	CP027704.1	2030371	2031201	2076	0.21019999999999994	1	0.5	1
C6W84_09870	hypothetical protein	CP027704.1	2031173	2031427	2077	0.21059999999999993	1	0.5	1
C6W84_09875	hypothetical protein	CP027704.1	2031909	2032127	2078	0.21033333333333326	1	0.5	1
C6W84_09880	hypothetical protein	CP027704.1	2032394	2032738	2079	0.2099999999999999	1	0.5	1
C6W84_09885	hypothetical protein	CP027704.1	2032943	2033875	2080	0.2095999999999999	1	0.5	1
C6W84_09890	hypothetical protein	CP027704.1	2034129	2034584	2081	0.20813333333333323	1	0.5	1
C6W84_09895	hypothetical protein	CP027704.1	2034645	2035061	2082	0.20466666666666658	1	0.5	1
C6W84_09905	hypothetical protein	CP027704.1	2035720	2035304	2083	0.2013999999999999	1	0.5	1
C6W84_3680	hypothetical protein	CP027704.1	2035858	2035736	2084	0.19673333333333326	1	0.5	1
C6W84_3685	hypothetical protein	CP027704.1	2036463	2036762	2085	0.1911999999999999	1	0.5	1
C6W84_3690	hypothetical protein	CP027704.1	2036774	2037628	2086	0.18406666666666657	1	0.5	1
C6W84_3695	hypothetical protein	CP027704.1	2037770	2038021	2087	0.1751999999999999	1	0.5	1
C6W84_3700	hypothetical protein	CP027704.1	2038251	2038084	2088	0.1567999999999999	1	0.5	1
C6W84_3705	hypothetical protein	CP027704.1	2038442	2039221	2089	0.14113333333333325	1	0.5	1
C6W84_3710	hypothetical protein	CP027704.1	2039226	2039594	2090	0.1247333333333333	1	0.5	1
C6W84_09940	hypothetical protein	CP027704.1	2039669	2040265	2091	0.10613333333333329	0	0.5	1
C6W84_09945	hypothetical protein	CP027704.1	2041555	2040332	2092	0.09139999999999995	0	0.5	1
C6W84_09950	Prophage integrase IntS	CP027704.1	2043021	2041816	2093	0.07206666666666665	0	1.5	1
C6W84_09955	Alanine--tRNA ligase	CP027704.1	2045943	2043307	2094	0.05400000000000002	0	0	0
C6W84_09960	D-erythrose-4-phosphate dehydrogenase	CP027704.1	2046213	2047238	2095	0.038866666666666674	0	0	0
C6W84_09965	ATP phosphoribosyltransferase regulatory subunit	CP027704.1	2047514	2048680	2096	0.0258	0	0	0
C6W84_09970	Adenylosuccinate synthetase	CP027704.1	2048745	2050064	2097	0.022200000000000004	0	0	0
C6W84_09975	hypothetical protein	CP027704.1	2050187	2050504	2098	0.020333333333333335	0	0.5	0
C6W84_09980	Metalloprotease LoiP	CP027704.1	2050615	2051400	2099	0.01966666666666667	0	0	0
C6W84_09985	L-glyceraldehyde 3-phosphate reductase	CP027704.1	2052508	2051459	2100	0.016866666666666665	0	0	0
C6W84_09990	Cyclic AMP receptor-like protein	CP027704.1	2053377	2052670	2101	0.015133333333333335	0	0	0
C6W84_09995	hypothetical protein	CP027704.1	2053815	2054237	2102	0.013333333333333336	0	0.5	0
C6W84_3715	hypothetical protein	CP027704.1	2054330	2054704	2103	0.010666666666666668	0	0.5	0
C6W84_3720	Murein DD-endopeptidase MepM	CP027704.1	2054924	2054751	2104	0.009000000000000003	0	0	0
C6W84_3725	hypothetical protein	CP027704.1	2056410	2055508	2105	0.006733333333333333	0	0.5	0
C6W84_3730	Insertion element IS6110 uncharacterized 12.0 kDa protein	CP027704.1	2056727	2056410	2106	0.006066666666666666	0	0.5	0
C6W84_10015	Chaperone protein ClpB	CP027704.1	2057170	2059749	2107	0.004866666666666668	0	0	0
C6W84_10020	Nicotinamide-nucleotide amidohydrolase PncC	CP027704.1	2060293	2059805	2108	0.004666666666666667	0	0	0
C6W84_3735	hypothetical protein	CP027704.1	2060559	2060978	2109	0.004533333333333334	0	0.5	0
C6W84_3740	Ribosomal RNA large subunit methyltransferase K/L	CP027704.1	2063209	2061005	2110	0.0044666666666666665	0	0	0
C6W84_3745	hypothetical protein	CP027704.1	2063448	2063696	2111	0.0041333333333333335	0	0.5	0
C6W84_3750	hypothetical protein	CP027704.1	2063693	2063791	2112	0.0041333333333333335	0	0.5	0
C6W84_10040	Aspartate carbamoyltransferase	CP027704.1	2063915	2064931	2113	0.0041333333333333335	0	0	0
C6W84_3755	Dihydroorotase	CP027704.1	2064944	2066179	2114	0.0041333333333333335	0	0	0
C6W84_10050	Peptidoglycan-binding protein ArfA	CP027704.1	2066392	2067807	2115	0.0041333333333333335	0	0	0
C6W84_10055	hypothetical protein	CP027704.1	2067894	2068673	2116	0.0041333333333333335	0	0.5	0
C6W84_10060	Glutathione S-transferase GstB	CP027704.1	2069314	2068688	2117	0.0041333333333333335	0	0	0
C6W84_10065	tRNA (guanine-N(7)-)-methyltransferase	CP027704.1	2070201	2069485	2118	0.0042	0	0	0
C6W84_3760	hypothetical protein	CP027704.1	2070347	2071744	2119	0.0041333333333333335	0	0.5	0
C6W84_3765	hypothetical protein	CP027704.1	2071759	2072784	2120	0.0041333333333333335	0	0.5	0
C6W84_10075	Glutathione S-transferase GST-6.0	CP027704.1	2072992	2073603	2121	0.004066666666666667	0	0	0
C6W84_10080	hypothetical protein	CP027704.1	2074010	2073666	2122	0.004066666666666667	0	0.5	0
C6W84_3770	Alkyl hydroperoxide reductase subunit F	CP027704.1	2074774	2074184	2123	0.004066666666666667	0	0	0
C6W84_3775	NADH dehydrogenase	CP027704.1	2074934	2074761	2124	0.004066666666666667	0	0	0
C6W84_3780	Alkyl hydroperoxide reductase subunit F	CP027704.1	2075746	2074895	2125	0.004066666666666667	0	0	0
C6W84_10095	hypothetical protein	CP027704.1	2076008	2076226	2126	0.004066666666666667	0	0.5	0
C6W84_10100	Protein-L-isoaspartate O-methyltransferase	CP027704.1	2076263	2076850	2127	0.004	0	0	0
C6W84_10105	hypothetical protein	CP027704.1	2077130	2076915	2128	0.0036000000000000003	0	0.5	0
C6W84_10110	Alkyl hydroperoxide reductase subunit C	CP027704.1	2077886	2077323	2129	0.0031333333333333335	0	0	0
C6W84_10115	hypothetical protein	CP027704.1	2078239	2082096	2130	0.002866666666666667	0	0.5	0
C6W84_10120	Beta-ketodecanoyl-[acyl-carrier-protein] synthase	CP027704.1	2082191	2083297	2131	0.002466666666666667	0	0	0
C6W84_10125	Porin-like protein NicP	CP027704.1	2084660	2083398	2132	0.00046666666666666666	0	0	0
C6W84_10130	4-hydroxybenzoate transporter PcaK	CP027704.1	2086063	2084705	2133	0.0008	0	0	0
C6W84_10135	Inner membrane protein YdcO	CP027704.1	2087723	2086530	2134	0.004866666666666667	0	0	0
C6W84_10140	Levodione reductase	CP027704.1	2088566	2087781	2135	0.0058	0	0	0
C6W84_10145	Benzoate 1,2-dioxygenase electron transfer component	CP027704.1	2089601	2088585	2136	0.007466666666666666	0	0	0
C6W84_10150	2-halobenzoate 1,2-dioxygenase small subunit	CP027704.1	2090173	2089673	2137	0.008199999999999999	0	0	0
C6W84_10155	2-halobenzoate 1,2-dioxygenase large subunit	CP027704.1	2091552	2090170	2138	0.009466666666666667	0	0	0
C6W84_10165	HTH-type transcriptional regulator BenM	CP027704.1	2091832	2092791	2139	0.011866666666666666	0	0	0
C6W84_10170	hypothetical protein	CP027704.1	2093722	2092841	2140	0.014066666666666667	0	0.5	0
C6W84_3785	Phenol hydroxylase P5 protein	CP027704.1	2094968	2093964	2141	0.015199999999999998	0	0	0
C6W84_10180	hypothetical protein	CP027704.1	2095345	2094983	2142	0.019	0	0.5	0
C6W84_10185	Toluene-4-monooxygenase system protein A	CP027704.1	2096931	2095405	2143	0.02333333333333333	0	0	0
C6W84_10190	Phenol hydroxylase P2 protein	CP027704.1	2097243	2096977	2144	0.028733333333333333	0	0	0
C6W84_10195	Phenol hydroxylase P1 protein	CP027704.1	2098253	2097255	2145	0.03006666666666667	0	0	0
C6W84_10200	hypothetical protein	CP027704.1	2098563	2098318	2146	0.03546666666666667	0	0.5	0
C6W84_10205	Phenol regulator MopR	CP027704.1	2098934	2100604	2147	0.04033333333333333	0	0	0
C6W84_3790	hypothetical protein	CP027704.1	2100856	2100662	2148	0.04526666666666666	0	0.5	0
C6W84_3795	Copper-transporting P-type ATPase	CP027704.1	2101029	2102993	2149	0.051399999999999994	0	0	0
C6W84_3800	Copper-transporting P-type ATPase	CP027704.1	2103002	2103499	2150	0.055333333333333325	0	0	0
C6W84_10220	HTH-type transcriptional regulator HmrR	CP027704.1	2103575	2103976	2151	0.06019999999999999	0	0	0
C6W84_10225	Glutathione-dependent formaldehyde-activating enzyme	CP027704.1	2104004	2104411	2152	0.06686666666666666	0	0	0
C6W84_10230	putative cysteine-rich protein YhjQ	CP027704.1	2105360	2105004	2153	0.06973333333333333	0	0	0
C6W84_10235	hypothetical protein	CP027704.1	2106169	2105840	2154	0.06993333333333332	0	0.5	0
C6W84_10250	hypothetical protein	CP027704.1	2106805	2107398	2155	0.07026666666666664	0	0.5	0
C6W84_10255	hypothetical protein	CP027704.1	2107448	2107672	2156	0.07059999999999997	0	0.5	0
C6W84_10260	hypothetical protein	CP027704.1	2108091	2107897	2157	0.07159999999999996	0	0.5	0
C6W84_10265	Exodeoxyribonuclease 7 large subunit	CP027704.1	2109346	2108084	2158	0.0729333333333333	0	0	0
C6W84_10275	hypothetical protein	CP027704.1	2109852	2110085	2159	0.07473333333333329	0	0.5	0
C6W84_10280	HTH-type transcriptional regulator PrtR	CP027704.1	2110908	2110237	2160	0.07639999999999995	0	0	0
C6W84_3805	hypothetical protein	CP027704.1	2111193	2111318	2161	0.08519999999999996	0	0.5	0
C6W84_10290	hypothetical protein	CP027704.1	2111486	2111875	2162	0.08706666666666661	0	0.5	0
C6W84_10295	hypothetical protein	CP027704.1	2111913	2112458	2163	0.08926666666666662	0	0.5	0
C6W84_10300	Homoserine/homoserine lactone efflux protein	CP027704.1	2113264	2112647	2164	0.08673333333333332	0	0	0
C6W84_10305	Cold shock protein CspV	CP027704.1	2113784	2113999	2165	0.08713333333333331	0	0	0
C6W84_10320	hypothetical protein	CP027704.1	2115806	2114874	2166	0.08733333333333332	0	0.5	0
C6W84_3810	Pyrroline-5-carboxylate reductase	CP027704.1	2115848	2116570	2167	0.09133333333333332	0	0	0
C6W84_10330	hypothetical protein	CP027704.1	2116846	2116727	2168	0.09533333333333333	0	0.5	0
C6W84_10335	hypothetical protein	CP027704.1	2117912	2117166	2169	0.09893333333333333	0	0.5	0
C6W84_10345	hypothetical protein	CP027704.1	2118192	2118650	2170	0.1034	0	0.5	0
C6W84_3815	hypothetical protein	CP027704.1	2118944	2119183	2171	0.11013333333333335	0	0.5	0
C6W84_3820	Insertion element IS6110 uncharacterized 12.0 kDa protein	CP027704.1	2119255	2119572	2172	0.10840000000000001	0	0.5	0
C6W84_3825	hypothetical protein	CP027704.1	2119572	2120474	2173	0.10646666666666668	0	0.5	0
C6W84_10365	hypothetical protein	CP027704.1	2121457	2120525	2174	0.10226666666666669	0	0.5	0
C6W84_10370	hypothetical protein	CP027704.1	2121644	2121943	2175	0.10260000000000001	0	0.5	0
C6W84_3830	hypothetical protein	CP027704.1	2122403	2122089	2176	0.10400000000000002	0	0.5	0
C6W84_3835	hypothetical protein	CP027704.1	2122657	2122496	2177	0.10153333333333335	0	0.5	0
C6W84_10380	hypothetical protein	CP027704.1	2122788	2123141	2178	0.09986666666666669	0	0.5	0
C6W84_3840	Cysteine--tRNA ligase	CP027704.1	2124230	2123454	2179	0.09606666666666668	0	0	0
C6W84_3845	Cysteine--tRNA ligase	CP027704.1	2124874	2124212	2180	0.09259999999999999	0	0	0
C6W84_10395	Arabinose 5-phosphate isomerase KdsD	CP027704.1	2125087	2126064	2181	0.08853333333333332	0	0	0
C6W84_10400	3-deoxy-D-manno-octulosonate 8-phosphate phosphatase KdsC	CP027704.1	2126068	2126607	2182	0.08273333333333333	0	0	0
C6W84_10405	Lipopolysaccharide export system protein LptC	CP027704.1	2126645	2127193	2183	0.08006666666666666	0	0	0
C6W84_10410	Lipopolysaccharide export system protein LptA	CP027704.1	2127177	2127725	2184	0.07986666666666666	0	0	0
C6W84_10415	Lipopolysaccharide export system ATP-binding protein LptB	CP027704.1	2127725	2128471	2185	0.07953333333333332	0	0	0
C6W84_10420	Outer membrane protein TolC	CP027704.1	2128765	2130231	2186	0.07926666666666664	0	0	0
C6W84_10425	Leukotoxin export ATP-binding protein LtxB	CP027704.1	2130228	2132291	2187	0.07859999999999998	0	0	0
C6W84_10430	Type I secretion system membrane fusion protein PrsE	CP027704.1	2132364	2133554	2188	0.0795333333333333	0	0	0
C6W84_10435	IMPACT family member YigZ	CP027704.1	2133646	2134245	2189	0.07826666666666664	0	0	0
C6W84_10440	Putative acetyltransferase	CP027704.1	2134238	2134849	2190	0.07699999999999997	0	0	0
C6W84_10445	hypothetical protein	CP027704.1	2135005	2135847	2191	0.06860000000000001	0	0.5	0
C6W84_10450	Putative O-methyltransferase	CP027704.1	2136632	2135964	2192	0.06733333333333334	0	0	0
C6W84_3850	hypothetical protein	CP027704.1	2137472	2136801	2193	0.06486666666666668	0	0.5	0
C6W84_10460	Ferredoxin 1	CP027704.1	2137946	2137623	2194	0.06326666666666668	0	0	0
C6W84_3855	hypothetical protein	CP027704.1	2138588	2138292	2195	0.061933333333333354	0	0.5	0
C6W84_3860	hypothetical protein	CP027704.1	2138878	2138570	2196	0.06053333333333335	0	0.5	0
C6W84_10470	DNA mismatch repair protein MutS	CP027704.1	2141531	2138886	2197	0.055933333333333356	0	0	0
C6W84_3865	hypothetical protein	CP027704.1	2142081	2141806	2198	0.050866666666666685	0	0.5	0
C6W84_10480	hypothetical protein	CP027704.1	2142123	2143055	2199	0.044933333333333346	0	0.5	0
C6W84_3870	hypothetical protein	CP027704.1	2143601	2143347	2200	0.0386	0	0.5	0
C6W84_3875	hypothetical protein	CP027704.1	2143787	2143653	2201	0.031333333333333345	0	0.5	0
C6W84_10495	Poly(3-hydroxyalkanoate) polymerase subunit PhaC	CP027704.1	2145096	2143945	2202	0.029333333333333343	0	0	0
C6W84_10500	Sodium/glutamate symporter	CP027704.1	2145456	2146691	2203	0.027933333333333345	0	0	0
C6W84_10505	hypothetical protein	CP027704.1	2147646	2146744	2204	0.02720000000000001	0	0.5	0
C6W84_10510	Putative L-lactate dehydrogenase operon regulatory protein	CP027704.1	2147743	2148441	2205	0.027466666666666677	0	0	0
C6W84_3880	hypothetical protein	CP027704.1	2148866	2148630	2206	0.024466666666666675	0	0.5	0
C6W84_3885	hypothetical protein	CP027704.1	2149851	2149213	2207	0.022066666666666672	0	0.5	0
C6W84_3890	hypothetical protein	CP027704.1	2150377	2150078	2208	0.018733333333333338	0	0.5	0
C6W84_3895	hypothetical protein	CP027704.1	2151164	2151553	2209	0.016466666666666668	0	0.5	0
C6W84_3900	hypothetical protein	CP027704.1	2151595	2151780	2210	0.01626666666666667	0	0.5	0
C6W84_10540	Paraquat-inducible protein A	CP027704.1	2151768	2152574	2211	0.0158	0	0	0
C6W84_3905	Paraquat-inducible protein B	CP027704.1	2152755	2154248	2212	0.015000000000000001	0	0	0
C6W84_10550	hypothetical protein	CP027704.1	2154238	2154948	2213	0.015133333333333334	0	0.5	0
C6W84_10555	Putative HTH-type transcriptional regulator YwnA	CP027704.1	2155487	2155035	2214	0.01566666666666667	0	0	0
C6W84_3910	Anaerobic glycerol-3-phosphate dehydrogenase subunit B	CP027704.1	2155602	2155802	2215	0.016666666666666666	0	0	0
C6W84_3915	Thioredoxin reductase	CP027704.1	2155889	2156494	2216	0.016800000000000002	0	0	0
C6W84_3920	putative amino-acid racemase	CP027704.1	2156812	2157417	2217	0.01706666666666667	0	0	0
C6W84_10570	Aromatic amino acid exporter YddG	CP027704.1	2158465	2157554	2218	0.01506666666666667	0	0	0
C6W84_10575	hypothetical protein	CP027704.1	2158752	2159684	2219	0.015400000000000002	0	0.5	0
C6W84_10580	Aldose sugar dehydrogenase YliI	CP027704.1	2159864	2161231	2220	0.015333333333333336	0	0	0
C6W84_10585	hypothetical protein	CP027704.1	2161259	2161711	2221	0.015000000000000003	0	0.5	0
C6W84_3925	hypothetical protein	CP027704.1	2161978	2161769	2222	0.014666666666666672	0	0.5	0
C6W84_3930	hypothetical protein	CP027704.1	2162970	2161978	2223	0.01553333333333334	0	0.5	0
C6W84_10595	hypothetical protein	CP027704.1	2163108	2163674	2224	0.017866666666666673	0	0.5	0
C6W84_3935	C4-dicarboxylate transport protein	CP027704.1	2164103	2165074	2225	0.019066666666666673	0	0	0
C6W84_3940	Insertion element IS6110 uncharacterized 12.0 kDa protein	CP027704.1	2165122	2165439	2226	0.018733333333333338	0	0.5	0
C6W84_3945	hypothetical protein	CP027704.1	2165439	2166341	2227	0.01866666666666667	0	0.5	0
C6W84_3950	C4-dicarboxylate transport protein	CP027704.1	2166381	2166713	2228	0.019200000000000005	0	0	0
C6W84_10615	hypothetical protein	CP027704.1	2167153	2166950	2229	0.019400000000000008	0	0.5	0
C6W84_10620	Hydroxyacylglutathione hydrolase GloB	CP027704.1	2168241	2167510	2230	0.01926666666666667	0	0	0
C6W84_10625	D-methionine transport system permease protein MetI	CP027704.1	2169094	2168399	2231	0.01913333333333334	0	0	0
C6W84_10630	Methionine import ATP-binding protein MetN	CP027704.1	2170116	2169091	2232	0.019200000000000005	0	0	0
C6W84_10635	Membrane lipoprotein TpN32	CP027704.1	2171058	2170192	2233	0.018200000000000004	0	0	0
C6W84_10640	Phosphoribosylamine--glycine ligase	CP027704.1	2172592	2171306	2234	0.017733333333333337	0	0	0
C6W84_10645	Bifunctional purine biosynthesis protein PurH	CP027704.1	2174292	2172718	2235	0.0158	0	0	0
C6W84_10650	DNA-binding protein Fis	CP027704.1	2174651	2174382	2236	0.012000000000000002	0	0	0
C6W84_10655	hypothetical protein	CP027704.1	2175868	2175020	2237	0.012000000000000002	0	0.5	0
C6W84_10660	Ribosomal protein L11 methyltransferase	CP027704.1	2176787	2175882	2238	0	0	0	0
C6W84_10665	hypothetical protein	CP027704.1	2177174	2176944	2239	0.011933333333333334	0	0.5	0
C6W84_10670	tRNA uridine 5-carboxymethylaminomethyl modification enzyme MnmG	CP027704.1	2177407	2179287	2240	0.011666666666666667	0	0	0
C6W84_3955	hypothetical protein	CP027704.1	2180327	2179674	2241	0.011333333333333334	0	0.5	0
C6W84_3960	hypothetical protein	CP027704.1	2180680	2180291	2242	0.011266666666666668	0	0.5	0
C6W84_3965	hypothetical protein	CP027704.1	2180906	2181904	2243	0.010933333333333333	0	0.5	0
C6W84_3970	hypothetical protein	CP027704.1	2181913	2182455	2244	0.0104	0	0.5	0
C6W84_10685	hypothetical protein	CP027704.1	2182478	2183074	2245	0.009600000000000001	0	0.5	0
C6W84_3975	hypothetical protein	CP027704.1	2183077	2183826	2246	0.009666666666666667	0	0.5	0
C6W84_10695	hypothetical protein	CP027704.1	2183872	2184606	2247	0.009666666666666667	0	0.5	0
C6W84_3980	Alanine racemase, catabolic	CP027704.1	2185734	2184658	2248	0.0094	0	0	0
C6W84_10705	Replicative DNA helicase	CP027704.1	2187206	2185761	2249	0.008533333333333335	0	0	0
C6W84_10710	50S ribosomal protein L9	CP027704.1	2187853	2187407	2250	0	0	0	0
C6W84_10715	30S ribosomal protein S18	CP027704.1	2188089	2187862	2251	0	0	0	0
C6W84_10720	30S ribosomal protein S6	CP027704.1	2188484	2188101	2252	0	0	0	0
C6W84_10725	Protoheme IX farnesyltransferase	CP027704.1	2189547	2188669	2253	0.006666666666666667	0	0	0
C6W84_10730	Cytochrome bo(3) ubiquinol oxidase subunit 4	CP027704.1	2189887	2189558	2254	0.004333333333333333	0	0	0
C6W84_10735	Cytochrome bo(3) ubiquinol oxidase subunit 3	CP027704.1	2190507	2189887	2255	0.0032666666666666673	0	0	0
C6W84_10740	Cytochrome bo(3) ubiquinol oxidase subunit 1	CP027704.1	2192503	2190512	2256	0.0031333333333333335	0	0	0
C6W84_10745	Cytochrome bo(3) ubiquinol oxidase subunit 2	CP027704.1	2193559	2192507	2257	0.0030666666666666668	0	0	0
C6W84_10750	hypothetical protein	CP027704.1	2194630	2193875	2258	0.0023333333333333335	0	0.5	0
C6W84_10755	Phosphoenolpyruvate synthase	CP027704.1	2197073	2194695	2259	0.0020666666666666667	0	0	0
C6W84_3985	Phosphoenolpyruvate synthase regulatory protein	CP027704.1	2197384	2198064	2260	0.0018666666666666669	0	0	0
C6W84_10765	hypothetical protein	CP027704.1	2199151	2198219	2261	0.0014000000000000004	0	0.5	0
C6W84_3990	hypothetical protein	CP027704.1	2199498	2200679	2262	0.0012666666666666668	0	0.5	0
C6W84_3995	Poly-beta-1,6-N-acetyl-D-glucosamine export protein	CP027704.1	2200727	2201935	2263	0.0012666666666666668	0	0	0
C6W84_10775	Poly-beta-1,6-N-acetyl-D-glucosamine N-deacetylase	CP027704.1	2201935	2203764	2264	0.0013333333333333335	0	0	0
C6W84_10780	Poly-beta-1,6-N-acetyl-D-glucosamine synthase	CP027704.1	2203764	2205011	2265	0.0014000000000000004	0	0	0
C6W84_10785	Biofilm PGA synthesis protein PgaD	CP027704.1	2205008	2205472	2266	0.0016000000000000003	0	0	0
C6W84_4000	hypothetical protein	CP027704.1	2206662	2206060	2267	0.0016000000000000003	0	0.5	0
C6W84_10800	Limonene 1,2-monooxygenase	CP027704.1	2208207	2207203	2268	0.0016000000000000003	0	0	0
C6W84_10805	hypothetical protein	CP027704.1	2208844	2208341	2269	0.0016000000000000003	0	0.5	0
C6W84_10815	hypothetical protein	CP027704.1	2209501	2209079	2270	0.0016000000000000003	0	0.5	0
C6W84_10820	HTH-type transcriptional regulator PgrR	CP027704.1	2210601	2209699	2271	0.0016000000000000003	0	0	0
C6W84_4005	Molecular chaperone Hsp31 and glyoxalase 3	CP027704.1	2210721	2211332	2272	0.0016000000000000003	0	0	0
C6W84_10830	hypothetical protein	CP027704.1	2211384	2212607	2273	0.0016000000000000003	0	0.5	0
C6W84_10835	Peptide chain release factor RF1	CP027704.1	2212801	2213889	2274	0.0016000000000000003	0	0	0
C6W84_4010	Release factor glutamine methyltransferase	CP027704.1	2213889	2214416	2275	0.0014	0	0	0
C6W84_4015	Release factor glutamine methyltransferase	CP027704.1	2214458	2214709	2276	0.0011333333333333332	0	0	0
C6W84_10845	putative HTH-type transcriptional regulator	CP027704.1	2215745	2214717	2277	0.0005333333333333334	0	0	0
C6W84_10850	putative oxidoreductase	CP027704.1	2215911	2216681	2278	0.0005333333333333334	0	0	0
C6W84_10855	Acyl-CoA dehydrogenase	CP027704.1	2216700	2217836	2279	0.0005333333333333334	0	0	0
C6W84_4020	Acetyl-coenzyme A synthetase	CP027704.1	2218353	2219699	2280	0.0006000000000000001	0	0	0
C6W84_10865	Flavoredoxin	CP027704.1	2220322	2219744	2281	0.0006000000000000001	0	0	0
C6W84_10870	Molybdopterin-synthase adenylyltransferase	CP027704.1	2220495	2221271	2282	0.0006000000000000001	0	0	0
C6W84_4025	putative protein kinase UbiB	CP027704.1	2221330	2222037	2283	0.0006000000000000001	0	0	0
C6W84_4030	protein kinase UbiB	CP027704.1	2222034	2222627	2284	0.0005333333333333334	0	0	0
C6W84_10880	Dihydroneopterin aldolase	CP027704.1	2222643	2223023	2285	0.0004	0	0	0
C6W84_10885	hypothetical protein	CP027704.1	2222980	2223417	2286	0.0004	0	0.5	0
C6W84_10890	Potassium-transporting ATPase potassium-binding subunit	CP027704.1	2223676	2225385	2287	0.0004	0	0	0
C6W84_4035	Potassium-transporting ATPase ATP-binding subunit	CP027704.1	2225400	2227433	2288	0.0004	0	0	0
C6W84_10900	Potassium-transporting ATPase KdpC subunit	CP027704.1	2227447	2228052	2289	0.00046666666666666666	0	0	0
C6W84_10905	Sensor protein KdpD	CP027704.1	2228092	2230746	2290	0.00046666666666666666	0	0	0
C6W84_10910	KDP operon transcriptional regulatory protein KdpE	CP027704.1	2230758	2231474	2291	0.00046666666666666666	0	0	0
C6W84_10915	Gamma-glutamylputrescine synthetase PuuA	CP027704.1	2232976	2231552	2292	0.00046666666666666666	0	0	0
C6W84_10920	hypothetical protein	CP027704.1	2233383	2233931	2293	0.00046666666666666666	0	0.5	0
C6W84_10925	2-nonaprenyl-3-methyl-6-methoxy-1,4-benzoquinol hydroxylase	CP027704.1	2234613	2233978	2294	0.0005333333333333334	0	0	0
C6W84_4040	Lysophospholipid transporter LplT	CP027704.1	2235585	2234617	2295	0.00046666666666666666	0	0	0
C6W84_4045	hypothetical protein	CP027704.1	2235938	2235597	2296	0.0002666666666666667	0	0.5	0
C6W84_4050	Translocation and assembly module TamA	CP027704.1	2236104	2238824	2297	0.0002666666666666667	0	0	0
C6W84_4055	hypothetical protein	CP027704.1	2238851	2239105	2298	0.0004	0	0.5	0
C6W84_4060	Translocation and assembly module TamB	CP027704.1	2239177	2243355	2299	0.00046666666666666666	0	0	0
C6W84_4065	hypothetical protein	CP027704.1	2243500	2243859	2300	0.00046666666666666666	0	0.5	0
C6W84_10955	Aconitate hydratase B	CP027704.1	2244118	2246757	2301	0.0005333333333333334	0	0	0
C6W84_4070	hypothetical protein	CP027704.1	2246986	2247318	2302	0.0005333333333333334	0	0.5	0
C6W84_4075	hypothetical protein	CP027704.1	2247917	2247315	2303	0.0005333333333333334	0	0.5	0
C6W84_10970	hypothetical protein	CP027704.1	2249311	2248379	2304	0.0006666666666666666	0	0.5	0
C6W84_4080	Cyclic nucleotide-gated potassium channel	CP027704.1	2249587	2250279	2305	0.0006666666666666666	0	0	0
C6W84_4085	hypothetical protein	CP027704.1	2250318	2250569	2306	0.0006666666666666666	0	0.5	0
C6W84_4090	sugar efflux transporter	CP027704.1	2251008	2250595	2307	0.0006666666666666666	0	0	0
C6W84_4095	Inner membrane transport protein YdhP	CP027704.1	2251793	2251026	2308	0.0006666666666666666	0	0	0
C6W84_10985	hypothetical protein	CP027704.1	2252021	2252446	2309	0.0006666666666666666	0	0.5	0
C6W84_10990	hypothetical protein	CP027704.1	2252607	2253401	2310	0.0006666666666666668	0	0.5	0
C6W84_4100	HTH-type transcriptional regulator MetR	CP027704.1	2253627	2253764	2311	0.0008000000000000001	0	0	0
C6W84_4105	HTH-type transcriptional regulator MetR	CP027704.1	2253704	2254546	2312	0.0008000000000000001	0	0	0
C6W84_11000	hypothetical protein	CP027704.1	2255049	2254597	2313	0.0008000000000000001	0	0.5	0
C6W84_11005	hypothetical protein	CP027704.1	2255303	2255521	2314	0.0008666666666666667	0	0.5	0
C6W84_11010	Ribosomal small subunit pseudouridine synthase A	CP027704.1	2255622	2256326	2315	0.0008666666666666667	0	0	0
C6W84_11015	hypothetical protein	CP027704.1	2256762	2256319	2316	0.0008666666666666667	0	0.5	0
C6W84_11020	hypothetical protein	CP027704.1	2257168	2256860	2317	0.0008666666666666667	0	0.5	0
C6W84_4110	putative RNA pseudouridine synthase	CP027704.1	2258188	2257280	2318	0.0008666666666666667	0	0	0
C6W84_4115	tRNA threonylcarbamoyladenosine biosynthesis protein TsaE	CP027704.1	2258326	2258781	2319	0.0008	0	0	0
C6W84_11035	DNA mismatch repair protein MutL	CP027704.1	2258774	2260726	2320	0.0008	0	0	0
C6W84_11040	tRNA dimethylallyltransferase	CP027704.1	2260733	2261677	2321	0.001	0	0	0
C6W84_4120	RNA-binding protein Hfq	CP027704.1	2261772	2262278	2322	0.0010666666666666667	0	0	0
C6W84_11050	hypothetical protein	CP027704.1	2262410	2263267	2323	0.0010666666666666667	0	0.5	0
C6W84_11055	Oxygen-insensitive NAD(P)H nitroreductase	CP027704.1	2263959	2263306	2324	0.0009333333333333334	0	0	0
C6W84_11060	hypothetical protein	CP027704.1	2264098	2264316	2325	0.0009333333333333334	0	0.5	0
C6W84_11065	UDP-2,3-diacylglucosamine hydrolase	CP027704.1	2265043	2264324	2326	0.0009333333333333334	0	0	0
C6W84_11070	Peptidyl-prolyl cis-trans isomerase cyp18	CP027704.1	2265568	2265059	2327	0.0009333333333333334	0	0	0
C6W84_11075	Glutamine--tRNA ligase	CP027704.1	2265737	2267464	2328	0.0008	0	0	0
C6W84_11080	GMP synthase [glutamine-hydrolyzing]	CP027704.1	2268614	2267892	2329	0.0007333333333333333	0	0	0
C6W84_11085	hypothetical protein	CP027704.1	2268715	2269647	2330	0.0007333333333333333	0	0.5	0
C6W84_11090	Ethanolamine ammonia-lyase light chain	CP027704.1	2270641	2269826	2331	0.0006666666666666668	0	0	0
C6W84_11095	Ethanolamine ammonia-lyase heavy chain	CP027704.1	2272037	2270652	2332	0.0006666666666666668	0	0	0
C6W84_11100	putative amino acid permease YhdG	CP027704.1	2273490	2272054	2333	0.0006666666666666668	0	0	0
C6W84_11105	Long-chain-aldehyde dehydrogenase	CP027704.1	2275223	2273712	2334	0.0005333333333333334	0	0	0
C6W84_11110	Acetoin dehydrogenase operon transcriptional activator AcoR	CP027704.1	2275367	2276557	2335	0.0005333333333333334	0	0	0
C6W84_4125	hypothetical protein	CP027704.1	2276781	2276554	2336	0.0006000000000000001	0	0.5	0
C6W84_4130	Tropinesterase	CP027704.1	2277521	2276799	2337	0.0006666666666666668	0	0	0
C6W84_11120	1,3-propanediol dehydrogenase	CP027704.1	2278890	2277718	2338	0.0007333333333333336	0	0	0
C6W84_4135	ATP-dependent RecD-like DNA helicase	CP027704.1	2279121	2280482	2339	0.0012000000000000001	0	0	0
C6W84_4140	hypothetical protein	CP027704.1	2280518	2280832	2340	0.0013333333333333333	0	0.5	0
C6W84_4145	hypothetical protein	CP027704.1	2280876	2281265	2341	0.0020666666666666667	0	0.5	0
C6W84_4150	Right origin-binding protein	CP027704.1	2281298	2282167	2342	0.0034000000000000002	0	0	0
C6W84_11140	Hydroxyethylthiazole kinase	CP027704.1	2283023	2282196	2343	0.0038666666666666667	0	0	0
C6W84_11145	hypothetical protein	CP027704.1	2284214	2283057	2344	0.007866666666666666	0	0.5	0
C6W84_4155	hypothetical protein	CP027704.1	2284638	2284366	2345	0.011066666666666666	0	0.5	0
C6W84_11155	hypothetical protein	CP027704.1	2285610	2284678	2346	0.014933333333333331	0	0.5	0
C6W84_11160	hypothetical protein	CP027704.1	2286326	2285607	2347	0.018466666666666666	0	0.5	0
C6W84_11165	Aminopeptidase N	CP027704.1	2286707	2289313	2348	0.0232	0	0	0
C6W84_11170	Beta-etherase	CP027704.1	2289501	2290187	2349	0.02673333333333333	0	0	0
C6W84_4160	Fatty acyl-CoA reductase	CP027704.1	2290195	2290572	2350	0.029666666666666664	0	0	0
C6W84_4165	hypothetical protein	CP027704.1	2290539	2290955	2351	0.03193333333333333	0	0.5	0
C6W84_11180	hypothetical protein	CP027704.1	2290965	2291648	2352	0.03413333333333333	0	0.5	0
C6W84_11185	Secreted chorismate mutase	CP027704.1	2291726	2292283	2353	0.03653333333333333	0	0	0
C6W84_4170	Leucine-responsive regulatory protein	CP027704.1	2292807	2292310	2354	0.03966666666666666	0	0	0
C6W84_4175	hypothetical protein	CP027704.1	2293367	2293741	2355	0.0584	0	0.5	0
C6W84_11205	hypothetical protein	CP027704.1	2295007	2293784	2356	0.06760000000000001	0	0.5	0
C6W84_11210	hypothetical protein	CP027704.1	2296021	2296575	2357	0.0762	0	0.5	0
C6W84_4180	Ferric aerobactin receptor	CP027704.1	2298668	2296638	2358	0.0876	0	0	0
C6W84_4185	Miniconductance mechanosensitive channel YbdG	CP027704.1	2299491	2300573	2359	0.09666666666666668	0	0	0
C6W84_11225	hypothetical protein	CP027704.1	2300872	2301123	2360	0.10553333333333334	0	0.5	0
C6W84_11235	hypothetical protein	CP027704.1	2301410	2302156	2361	0.11713333333333334	0	0.5	0
C6W84_4190	hypothetical protein	CP027704.1	2302176	2302604	2362	0.12166666666666667	0	0.5	0
C6W84_4195	hypothetical protein	CP027704.1	2302562	2302750	2363	0.1288	1	0.5	0
C6W84_11245	hypothetical protein	CP027704.1	2303000	2303281	2364	0.13433333333333333	1	0.5	0
C6W84_11250	hypothetical protein	CP027704.1	2303456	2303839	2365	0.13620000000000002	1	0.5	0
C6W84_4200	hypothetical protein	CP027704.1	2304377	2303937	2366	0.1372	1	0.5	0
C6W84_4205	hypothetical protein	CP027704.1	2304570	2304737	2367	0.13746666666666665	1	0.5	0
C6W84_4210	FhuE receptor	CP027704.1	2304836	2306251	2368	0.13793333333333332	1	0	0
C6W84_4215	Ferripyoverdine receptor	CP027704.1	2306413	2306724	2369	0.13766666666666666	1	0	0
C6W84_11265	hypothetical protein	CP027704.1	2307837	2307091	2370	0.13753333333333334	1	0.5	0
C6W84_4220	hypothetical protein	CP027704.1	2307948	2308181	2371	0.13686666666666666	1	0.5	0
C6W84_4225	hypothetical protein	CP027704.1	2308328	2308600	2372	0.1356	1	0.5	0
C6W84_4230	hypothetical protein	CP027704.1	2308552	2309001	2373	0.13819999999999996	1	0.5	0
C6W84_11280	hypothetical protein	CP027704.1	2309181	2309312	2374	0.13419999999999993	1	0.5	0
C6W84_4235	hypothetical protein	CP027704.1	2309664	2309341	2375	0.13133333333333327	1	0.5	0
C6W84_4240	hypothetical protein	CP027704.1	2310315	2309704	2376	0.12746666666666662	1	0.5	0
C6W84_4245	putative ABC transporter ATP-binding protein YheS	CP027704.1	2311780	2311334	2377	0.12393333333333328	0	0	0
C6W84_4250	putative ABC transporter ATP-binding protein YheS	CP027704.1	2312613	2311834	2378	0.11919999999999996	0	0	0
C6W84_4255	hypothetical protein	CP027704.1	2313639	2312737	2379	0.11566666666666661	0	0.5	0
C6W84_4260	Insertion element IS6110 uncharacterized 12.0 kDa protein	CP027704.1	2313956	2313639	2380	0.1127333333333333	0	0.5	0
C6W84_4265	hypothetical protein	CP027704.1	2314228	2314004	2381	0.11039999999999996	0	0.5	0
C6W84_11310	Putative universal stress protein	CP027704.1	2314931	2314488	2382	0.10819999999999995	0	0	0
C6W84_11315	hypothetical protein	CP027704.1	2315220	2315447	2383	0.10579999999999995	0	0.5	0
C6W84_4270	hypothetical protein	CP027704.1	2315626	2315799	2384	0.10266666666666663	0	0.5	0
C6W84_4275	hypothetical protein	CP027704.1	2316425	2316586	2385	0.08393333333333328	0	0.5	0
C6W84_4280	Magnesium-transporting ATPase, P-type 1	CP027704.1	2316685	2317074	2386	0.07473333333333329	0	0	0
C6W84_4285	Magnesium-transporting ATPase, P-type 1	CP027704.1	2317046	2318008	2387	0.06613333333333335	0	0	0
C6W84_11330	hypothetical protein	CP027704.1	2318024	2318743	2388	0.054733333333333335	0	0.5	0
C6W84_4290	Inner membrane protein YdcO	CP027704.1	2319988	2318843	2389	0.04566666666666667	0	0	0
C6W84_11340	Leucine-responsive regulatory protein	CP027704.1	2320175	2320648	2390	0.036800000000000006	0	0	0
C6W84_11345	Leucine efflux protein	CP027704.1	2321311	2320685	2391	0.025200000000000004	0	0	0
C6W84_11350	hypothetical protein	CP027704.1	2321353	2322285	2392	0.020666666666666667	0	0.5	0
C6W84_11355	Transaldolase	CP027704.1	2323445	2322456	2393	0.013533333333333335	0	0	0
C6W84_11360	putative HTH-type transcriptional regulator YahB	CP027704.1	2324469	2323576	2394	0.008	0	0	0
C6W84_4295	hypothetical protein	CP027704.1	2324524	2324994	2395	0.006133333333333334	0	0.5	0
C6W84_11370	3-ketoacyl-CoA thiolase	CP027704.1	2326620	2325061	2396	0.005066666666666667	0	0	0
C6W84_11375	3-oxoacyl-[acyl-carrier-protein] reductase FabG	CP027704.1	2326856	2328247	2397	0.004733333333333334	0	0	0
C6W84_11380	hypothetical protein	CP027704.1	2328322	2329176	2398	0.0042	0	0.5	0
C6W84_11385	D-alanyl-D-alanine carboxypeptidase	CP027704.1	2329248	2330504	2399	0.004	0	0	0
C6W84_11390	HTH-type transcriptional regulator BetI	CP027704.1	2331130	2330552	2400	0.003933333333333334	0	0	0
C6W84_4300	Methyl viologen resistance protein SmvA	CP027704.1	2331236	2332453	2401	0.0037333333333333333	0	0	0
C6W84_4305	Methyl viologen resistance protein SmvA	CP027704.1	2332426	2332731	2402	0.0036666666666666666	0	0	0
C6W84_11400	hypothetical protein	CP027704.1	2332990	2334771	2403	0.0006000000000000001	0	0.5	0
C6W84_4310	hypothetical protein	CP027704.1	2334932	2335426	2404	0.0006666666666666666	0	0.5	0
C6W84_11410	DNA polymerase III subunit tau	CP027704.1	2335550	2337676	2405	0.0003333333333333333	0	0	0
C6W84_4315	hypothetical protein	CP027704.1	2337956	2337861	2406	0.0007333333333333333	0	0.5	0
C6W84_4320	Non-hemolytic phospholipase C	CP027704.1	2337999	2339990	2407	0.0007333333333333333	0	0	0
C6W84_4325	hypothetical protein	CP027704.1	2340271	2339888	2408	0.0007333333333333333	0	0.5	0
C6W84_11420	1,4-dihydroxy-2-naphthoyl-CoA hydrolase	CP027704.1	2340708	2340268	2409	0.0007333333333333333	0	0	0
C6W84_11425	Long-chain-alcohol dehydrogenase 1	CP027704.1	2341865	2340708	2410	0.0007333333333333333	0	0	0
C6W84_4330	hypothetical protein	CP027704.1	2342518	2341916	2411	0.0006000000000000001	0	0.5	0
C6W84_4335	6-phosphogluconolactonase	CP027704.1	2343072	2344316	2412	0.0005333333333333334	0	0	0
C6W84_11440	Low molecular weight protein-tyrosine-phosphatase YfkJ	CP027704.1	2344617	2345120	2413	0.0005333333333333334	0	0	0
C6W84_11445	UDP-N-acetylenolpyruvoylglucosamine reductase	CP027704.1	2345140	2346174	2414	0.0005333333333333334	0	0	0
C6W84_4340	hypothetical protein	CP027704.1	2346179	2346979	2415	0.0005333333333333334	0	0.5	0
C6W84_4345	hypothetical protein	CP027704.1	2346964	2347308	2416	0.0005333333333333334	0	0.5	0
C6W84_4350	Phospholipase YtpA	CP027704.1	2347308	2348153	2417	0.0006666666666666666	0	0	0
C6W84_4355	hypothetical protein	CP027704.1	2348117	2348335	2418	0.0006666666666666666	0	0.5	0
C6W84_4360	Glutamate synthase [NADPH] large chain	CP027704.1	2349264	2348377	2419	0.0006666666666666666	0	0	0
C6W84_4365	hypothetical protein	CP027704.1	2350049	2349321	2420	0.0006666666666666666	0	0.5	0
C6W84_11465	hypothetical protein	CP027704.1	2351551	2350214	2421	0.0006666666666666666	0	0.5	0
C6W84_11470	Transposon Tn10 TetC protein	CP027704.1	2352735	2352163	2422	0.0006666666666666666	0	0.75	0
C6W84_11475	hypothetical protein	CP027704.1	2353059	2353922	2423	0.0009333333333333333	0	0.5	0
C6W84_4370	Insertion element IS6110 uncharacterized 12.0 kDa protein	CP027704.1	2354072	2354389	2424	0.0010666666666666667	0	0.5	0
C6W84_4375	hypothetical protein	CP027704.1	2354389	2355291	2425	0.0011333333333333334	0	0.5	0
C6W84_4380	putative 3-phenylpropionic acid transporter	CP027704.1	2355519	2356100	2426	0.0012000000000000001	0	0	0
C6W84_4385	putative 3-phenylpropionic acid transporter	CP027704.1	2356115	2356684	2427	0.0012000000000000001	0	0	0
C6W84_11490	hypothetical protein	CP027704.1	2356832	2357335	2428	0.0013333333333333335	0	0.5	0
C6W84_11495	Biotin carboxylase	CP027704.1	2358760	2357390	2429	0.0014000000000000004	0	0	0
C6W84_11500	Biotin carboxyl carrier protein of acetyl-CoA carboxylase	CP027704.1	2359196	2358777	2430	0.0014000000000000004	0	0	0
C6W84_11505	3-dehydroquinate dehydratase	CP027704.1	2359669	2359214	2431	0.0014000000000000004	0	0	0
C6W84_11510	DNA polymerase IV 1	CP027704.1	2361233	2359905	2432	0.0014000000000000004	0	0	0
C6W84_11515	Bicarbonate transport ATP-binding protein CmpC	CP027704.1	2362577	2361567	2433	0.0014000000000000004	0	0	0
C6W84_11520	putative transcriptional regulatory protein pdtaR	CP027704.1	2363168	2362578	2434	0.0013333333333333335	0	0	0
C6W84_4390	hypothetical protein	CP027704.1	2363624	2363893	2435	0.0016000000000000003	0	0.5	0
C6W84_11530	Nitrite reductase [NAD(P)H]	CP027704.1	2363905	2366451	2436	0.0012000000000000001	0	0	0
C6W84_11535	Nitrite reductase [NAD(P)H]	CP027704.1	2366464	2368086	2437	0.0012666666666666668	0	0	0
C6W84_11540	Nitrate reductase	CP027704.1	2368105	2370885	2438	0.0015333333333333336	0	0	0
C6W84_11545	Molybdenum cofactor guanylyltransferase	CP027704.1	2370882	2371511	2439	0.0032	0	0	0
C6W84_11550	Formate dehydrogenase H	CP027704.1	2371662	2373935	2440	0.0054666666666666665	0	0	0
C6W84_4395	GTP 3',8-cyclase	CP027704.1	2374168	2375202	2441	0.0086	0	0	0
C6W84_11560	hypothetical protein	CP027704.1	2375203	2375457	2442	0.014266666666666669	0	0.5	0
C6W84_11565	Molybdopterin synthase catalytic subunit 1	CP027704.1	2375461	2375946	2443	0.018533333333333336	0	0	0
C6W84_11570	Cyclic pyranopterin monophosphate synthase 2	CP027704.1	2375970	2376893	2444	0.02206666666666667	0	0	0
C6W84_11575	Molybdopterin molybdenumtransferase	CP027704.1	2376893	2378128	2445	0.02746666666666667	0	0	0
C6W84_11580	putative HTH-type transcriptional regulator	CP027704.1	2378336	2378818	2446	0.038866666666666674	0	0	0
C6W84_11585	HTH-type transcriptional regulator NorG	CP027704.1	2380254	2378815	2447	0.04286666666666667	0	0	0
C6W84_4400	hypothetical protein	CP027704.1	2380341	2381204	2448	0.0448	0	0.5	0
C6W84_11595	Sulfurtransferase TusE	CP027704.1	2381520	2381209	2449	0.04953333333333333	0	0	0
C6W84_11600	hypothetical protein	CP027704.1	2381824	2381540	2450	0.051333333333333335	0	0.5	0
C6W84_11605	hypothetical protein	CP027704.1	2382192	2381842	2451	0.052333333333333336	0	0.5	0
C6W84_11610	Sulfurtransferase TusD	CP027704.1	2382605	2382237	2452	0.05526666666666667	0	0	0
C6W84_11615	UDP-glucose 4-epimerase	CP027704.1	2382671	2383678	2453	0.058466666666666674	0	0	0
C6W84_11620	Fumarate hydratase class II	CP027704.1	2383793	2385187	2454	0.06220000000000001	0	0	0
C6W84_11625	hypothetical protein	CP027704.1	2385617	2385321	2455	0.06633333333333336	0	0.5	0
C6W84_4405	hypothetical protein	CP027704.1	2386182	2385799	2456	0.07773333333333335	0	0.5	0
C6W84_11635	hypothetical protein	CP027704.1	2386213	2387145	2457	0.08326666666666667	0	0.5	0
C6W84_4410	hypothetical protein	CP027704.1	2387362	2387586	2458	0.09353333333333333	0	0.5	0
C6W84_4415	hypothetical protein	CP027704.1	2387583	2387852	2459	0.09466666666666668	0	0.5	0
C6W84_11645	D-amino acid dehydrogenase	CP027704.1	2388262	2389506	2460	0.0956	0	0	0
C6W84_4420	hypothetical protein	CP027704.1	2389963	2389553	2461	0.10346666666666667	0	0.5	0
C6W84_11655	2-C-methyl-D-erythritol 2,4-cyclodiphosphate synthase	CP027704.1	2390300	2390782	2462	0.10586666666666668	0	0	0
C6W84_11660	hypothetical protein	CP027704.1	2391303	2390779	2463	0.10933333333333334	0	0.5	0
C6W84_11665	Ornithine carbamoyltransferase	CP027704.1	2392417	2391497	2464	0.11106666666666667	0	0	0
C6W84_4425	hypothetical protein	CP027704.1	2392784	2392530	2465	0.11206666666666668	0	0.5	0
C6W84_4430	hypothetical protein	CP027704.1	2393871	2392969	2466	0.1138	0	0.5	0
C6W84_4435	Insertion element IS6110 uncharacterized 12.0 kDa protein	CP027704.1	2394188	2393871	2467	0.11926666666666667	0	0.5	0
C6W84_4440	HTH-type transcriptional repressor ComR	CP027704.1	2394495	2394163	2468	0.12100000000000001	0	0	0
C6W84_11685	hypothetical protein	CP027704.1	2395527	2394595	2469	0.12159999999999999	0	0.5	0
C6W84_11690	Nitrogen regulation protein NR(I)	CP027704.1	2397312	2395819	2470	0.12006666666666667	0	0	0
C6W84_4445	Nitrogen regulation protein NR(II)	CP027704.1	2397832	2397299	2471	0.11746666666666665	0	0	0
C6W84_4450	Nitrogen regulation protein NR(II)	CP027704.1	2398407	2397907	2472	0.1122	0	0	0
C6W84_11700	Ribosomal protein S12 methylthiotransferase RimO	CP027704.1	2398750	2400093	2473	0	0	0	0
C6W84_11705	Uridylate kinase	CP027704.1	2400145	2400873	2474	0.10553333333333331	0	0	0
C6W84_11710	Ribosome-recycling factor	CP027704.1	2400959	2401513	2475	0.10386666666666665	0	0	0
C6W84_11715	Ditrans,polycis-undecaprenyl-diphosphate synthase ((2E,6E)-farnesyl-diphosphate specific)	CP027704.1	2401519	2402271	2476	0.09253333333333331	0	0	0
C6W84_11720	Phosphatidate cytidylyltransferase	CP027704.1	2402271	2403095	2477	0.08846666666666664	0	0	0
C6W84_11725	1-deoxy-D-xylulose 5-phosphate reductoisomerase	CP027704.1	2403096	2404292	2478	0.08666666666666664	0	0	0
C6W84_11730	Regulator of sigma-E protease RseP	CP027704.1	2404294	2405649	2479	0.08226666666666665	0	0	0
C6W84_4455	Outer membrane protein assembly factor BamA	CP027704.1	2405687	2407504	2480	0.08059999999999999	0	0	0
C6W84_4460	Outer membrane protein assembly factor BamA	CP027704.1	2407558	2408211	2481	0.07966666666666664	0	0	0
C6W84_11740	hypothetical protein	CP027704.1	2408253	2408756	2482	0.07699999999999997	0	0.5	0
C6W84_11745	UDP-3-O-acylglucosamine N-acyltransferase	CP027704.1	2408761	2409831	2483	0.0737333333333333	0	0	0
C6W84_11750	3-hydroxyacyl-[acyl-carrier-protein] dehydratase FabZ	CP027704.1	2409838	2410323	2484	0.07466666666666665	0	0	0
C6W84_11755	Acyl-[acyl-carrier-protein]--UDP-N- acetylglucosamine O-acyltransferase	CP027704.1	2410320	2411108	2485	0.0744666666666667	0	0	0
C6W84_11760	Cell division coordinator CpoB	CP027704.1	2412048	2411164	2486	0.0656	0	0	0
C6W84_11770	Regulatory protein RecX	CP027704.1	2412958	2412476	2487	0.06080000000000001	0	0	0
C6W84_11775	Protein RecA	CP027704.1	2414061	2413012	2488	0.051066666666666684	0	0	0
C6W84_4465	Heat shock protein 15	CP027704.1	2414479	2414207	2489	0.05026666666666668	0	0	0
C6W84_4470	Heat shock protein 15	CP027704.1	2414646	2414506	2490	0.05060000000000001	0	0	0
C6W84_4475	GMP/IMP nucleotidase YrfG	CP027704.1	2415316	2414630	2491	0.04486666666666668	0	0	0
C6W84_11790	hypothetical protein	CP027704.1	2415488	2415742	2492	0.04320000000000001	0	0.5	0
C6W84_11795	hypothetical protein	CP027704.1	2416704	2415772	2493	0.04000000000000001	0	0.5	0
C6W84_4480	hypothetical protein	CP027704.1	2417217	2417819	2494	0.038866666666666674	0	0.5	0
C6W84_11805	hypothetical protein	CP027704.1	2418093	2417878	2495	0.03806666666666668	0	0.5	0
C6W84_4485	Transcriptional repressor MprA	CP027704.1	2418746	2418324	2496	0.036466666666666675	0	0	0
C6W84_4490	PTS system fructose-specific EIIB'BC component	CP027704.1	2420182	2419412	2497	0.03180000000000001	0	0	0
C6W84_4495	PTS system fructose-specific EIIB'BC component	CP027704.1	2421129	2420152	2498	0.03013333333333334	0	0	0
C6W84_11820	Tagatose-6-phosphate kinase	CP027704.1	2422063	2421116	2499	0.02846666666666667	0	0	0
C6W84_11825	Phosphoenolpyruvate-protein phosphotransferase	CP027704.1	2424936	2422078	2500	0.028000000000000004	0	0	0
C6W84_11830	hypothetical protein	CP027704.1	2426021	2425161	2501	0.02800000000000001	0	0.5	0
C6W84_4500	hypothetical protein	CP027704.1	2426150	2426614	2502	0.02800000000000001	0	0.5	0
C6W84_11840	hypothetical protein	CP027704.1	2426893	2426648	2503	0.027466666666666677	0	0.5	0
C6W84_11845	hypothetical protein	CP027704.1	2427571	2427152	2504	0.027133333333333343	0	0.5	0
C6W84_11850	Branched-chain amino acid transport system 2 carrier protein	CP027704.1	2429064	2427763	2505	0.023466666666666674	0	0	0
C6W84_11855	Methionine aminopeptidase	CP027704.1	2429416	2430210	2506	0.023400000000000008	0	0	0
C6W84_4505	hypothetical protein	CP027704.1	2430583	2430263	2507	0.023400000000000008	0	0.5	0
C6W84_4510	HTH-type transcriptional regulator CatM	CP027704.1	2431164	2430883	2508	0.02326666666666667	0	0	0
C6W84_11865	hypothetical protein	CP027704.1	2431408	2431731	2509	0.02293333333333334	0	0.5	0
C6W84_11870	Glutaredoxin 4	CP027704.1	2432119	2431778	2510	0.022800000000000004	0	0	0
C6W84_11875	Acetylornithine aminotransferase	CP027704.1	2432347	2433555	2511	0.022733333333333338	0	0	0
C6W84_11880	Inosine-5'-monophosphate dehydrogenase	CP027704.1	2434037	2433606	2512	0.022466666666666673	0	0	0
C6W84_11885	hypothetical protein	CP027704.1	2434603	2434178	2513	0.02226666666666667	0	0.5	0
C6W84_11890	hypothetical protein	CP027704.1	2435023	2434790	2514	0.017466666666666672	0	0.5	0
C6W84_11895	hypothetical protein	CP027704.1	2435361	2435720	2515	0.013466666666666672	0	0.5	0
C6W84_11900	hypothetical protein	CP027704.1	2435821	2436147	2516	0.010866666666666669	0	0.5	0
C6W84_11905	Signal recognition particle receptor FtsY	CP027704.1	2436255	2437361	2517	0.010133333333333334	0	0	0
C6W84_11910	hypothetical protein	CP027704.1	2437549	2438145	2518	0.009466666666666668	0	0.5	0
C6W84_11915	hypothetical protein	CP027704.1	2438371	2439042	2519	0.009066666666666667	0	0.5	0
C6W84_11920	hypothetical protein	CP027704.1	2439115	2439639	2520	0.007800000000000001	0	0.5	0
C6W84_4515	hypothetical protein	CP027704.1	2439948	2439652	2521	0.005666666666666668	0	0.5	0
C6W84_11930	Cytochrome bd-I ubiquinol oxidase subunit X	CP027704.1	2440053	2439952	2522	0.004933333333333333	0	0	0
C6W84_11935	Cytochrome bd-I ubiquinol oxidase subunit 2	CP027704.1	2441212	2440067	2523	0.004666666666666667	0	0	0
C6W84_11940	Cytochrome bd ubiquinol oxidase subunit 1	CP027704.1	2442795	2441209	2524	0.004	0	0	0
C6W84_11945	hypothetical protein	CP027704.1	2442989	2442795	2525	0.0035333333333333336	0	0.5	0
C6W84_11950	hypothetical protein	CP027704.1	2443364	2444296	2526	0.0033999999999999994	0	0.5	0
C6W84_11955	Inner membrane protein YqiJ	CP027704.1	2445029	2444421	2527	0.0025333333333333336	0	0	0
C6W84_11960	3-phenylpropionate/cinnamic acid dioxygenase ferredoxin subunit	CP027704.1	2445363	2445055	2528	0.0021999999999999997	0	0	0
C6W84_11965	2-dehydro-3-deoxygluconokinase	CP027704.1	2446384	2445380	2529	0.0016000000000000003	0	0	0
C6W84_11970	putative TonB-dependent receptor BfrD	CP027704.1	2446621	2448723	2530	0.0013333333333333335	0	0	0
C6W84_4520	hypothetical protein	CP027704.1	2448975	2451569	2531	0.0008	0	0.5	0
C6W84_4525	hypothetical protein	CP027704.1	2451608	2451913	2532	0.0004	0	0.5	0
C6W84_11980	Putative phospholipase A1	CP027704.1	2451934	2453085	2533	0.0004	0	0	0
C6W84_11985	Ktr system potassium uptake protein B	CP027704.1	2454464	2453127	2534	0.00013333333333333334	0	0	0
C6W84_11990	Ktr system potassium uptake protein A	CP027704.1	2455133	2454483	2535	6.666666666666667e-05	0	0	0
C6W84_11995	L-threonine dehydratase biosynthetic IlvA	CP027704.1	2456818	2455277	2536	6.666666666666667e-05	0	0	0
C6W84_4530	Ribose-5-phosphate isomerase A	CP027704.1	2456926	2457417	2537	0.0	0	0	0
C6W84_4535	Ribose-5-phosphate isomerase A	CP027704.1	2457411	2457596	2538	0.0002666666666666667	0	0	0
C6W84_12005	hypothetical protein	CP027704.1	2457596	2458276	2539	0.0002666666666666667	0	0.5	0
C6W84_4540	hypothetical protein	CP027704.1	2459792	2458731	2540	0.0002666666666666667	0	0.5	0
C6W84_4545	N-acetyl-gamma-glutamyl-phosphate reductase	CP027704.1	2459981	2461030	2541	0.0002666666666666667	0	0	0
C6W84_4550	hypothetical protein	CP027704.1	2461112	2461864	2542	0.0004	0	0.5	0
C6W84_12025	ATP-dependent Clp protease adapter protein ClpS	CP027704.1	2461874	2462287	2543	0.0004	0	0	0
C6W84_12030	ATP-dependent Clp protease ATP-binding subunit ClpA	CP027704.1	2462297	2464573	2544	0.0004	0	0	0
C6W84_12035	hypothetical protein	CP027704.1	2464577	2464939	2545	0.00046666666666666666	0	0.5	0
C6W84_12040	Phospho-2-dehydro-3-deoxyheptonate aldolase, Tyr-sensitive	CP027704.1	2465365	2466417	2546	0.0005333333333333334	0	0	0
C6W84_12045	AB hydrolase superfamily protein YdjP	CP027704.1	2467381	2466464	2547	0.0006000000000000001	0	0	0
C6W84_12050	hypothetical protein	CP027704.1	2467944	2467384	2548	0.0008	0	0.5	0
C6W84_12055	2,4-dienoyl-CoA reductase [NADPH]	CP027704.1	2468080	2470104	2549	0.0008666666666666667	0	0	0
C6W84_12060	hypothetical protein	CP027704.1	2470175	2470582	2550	0.0011333333333333334	0	0.5	0
C6W84_12065	hypothetical protein	CP027704.1	2470621	2471337	2551	0.0012000000000000001	0	0.5	0
C6W84_12070	hypothetical protein	CP027704.1	2471357	2472451	2552	0.0014	0	0.5	0
C6W84_12075	hypothetical protein	CP027704.1	2473349	2472504	2553	0.0014	0	0.5	0
C6W84_12080	hypothetical protein	CP027704.1	2474073	2473585	2554	0.0014	0	0.5	0
C6W84_12085	CTP synthase	CP027704.1	2474297	2475934	2555	0.0014	0	0	0
C6W84_12090	2-dehydro-3-deoxyphosphooctonate aldolase	CP027704.1	2475966	2476823	2556	0.0015333333333333334	0	0	0
C6W84_12095	Enolase	CP027704.1	2476869	2478158	2557	0.0017333333333333333	0	0	0
C6W84_12100	hypothetical protein	CP027704.1	2478931	2478254	2558	0.0019333333333333331	0	0.5	0
C6W84_12105	Cell division protein FtsB	CP027704.1	2479557	2479946	2559	0.0020666666666666667	0	0	0
C6W84_12110	2-C-methyl-D-erythritol 4-phosphate cytidylyltransferase	CP027704.1	2479912	2480628	2560	0.0024666666666666665	0	0	0
C6W84_12115	3-oxoadipate CoA-transferase subunit A	CP027704.1	2480979	2481650	2561	0.0026	0	0	0
C6W84_12120	3-oxoadipate CoA-transferase subunit B	CP027704.1	2481669	2482322	2562	0.0026666666666666666	0	0	0
C6W84_4555	Beta-ketoadipyl-CoA thiolase	CP027704.1	2482335	2482424	2563	0.0026666666666666666	0	0	0
C6W84_4560	Beta-ketoadipyl-CoA thiolase	CP027704.1	2482363	2483112	2564	0.0031333333333333335	0	0	0
C6W84_4565	Beta-ketoadipyl-CoA thiolase	CP027704.1	2483202	2483525	2565	0.004666666666666667	0	0	0
C6W84_12130	3-carboxy-cis,cis-muconate cycloisomerase	CP027704.1	2483528	2484883	2566	0.004866666666666668	0	0	0
C6W84_12135	3-oxoadipate enol-lactonase 2	CP027704.1	2484880	2485665	2567	0.005133333333333334	0	0	0
C6W84_12140	4-hydroxybenzoate transporter PcaK	CP027704.1	2485708	2487063	2568	0.005066666666666667	0	0	0
C6W84_12145	hypothetical protein	CP027704.1	2487079	2487492	2569	0.005133333333333334	0	0.5	0
C6W84_12150	Protocatechuate 3,4-dioxygenase beta chain	CP027704.1	2487503	2488228	2570	0.005133333333333334	0	0	0
C6W84_12155	Protocatechuate 3,4-dioxygenase alpha chain	CP027704.1	2488243	2488872	2571	0.005466666666666667	0	0	0
C6W84_4570	Catabolic 3-dehydroquinate dehydratase	CP027704.1	2488936	2489769	2572	0.005600000000000002	0	0	0
C6W84_4575	3-dehydroshikimate dehydratase	CP027704.1	2489789	2490892	2573	0.005600000000000002	0	0	0
C6W84_4580	3-dehydroshikimate dehydratase	CP027704.1	2490889	2491239	2574	0.005733333333333335	0	0	0
C6W84_12170	Porin B	CP027704.1	2491299	2492618	2575	0.005800000000000001	0	0	0
C6W84_4585	Quinate/shikimate dehydrogenase (quinone)	CP027704.1	2492701	2494326	2576	0.005800000000000001	0	0	0
C6W84_4590	Quinate/shikimate dehydrogenase (quinone)	CP027704.1	2494347	2495129	2577	0.0058666666666666685	0	0	0
C6W84_12180	hypothetical protein	CP027704.1	2495759	2496226	2578	0.005733333333333335	0	0.5	0
C6W84_12185	hypothetical protein	CP027704.1	2496362	2496775	2579	0.0058666666666666685	0	0.5	0
C6W84_12190	hypothetical protein	CP027704.1	2496780	2497193	2580	0.005600000000000002	0	0.5	0
C6W84_12195	putative metallo-hydrolase	CP027704.1	2497198	2498064	2581	0.0055333333333333345	0	0	0
C6W84_12200	Pca operon regulatory protein	CP027704.1	2498969	2498157	2582	0.005333333333333335	0	0	0
C6W84_12205	HTH-type transcriptional regulator LeuO	CP027704.1	2499932	2499012	2583	0.005333333333333335	0	0	0
C6W84_12210	(R)-benzylsuccinyl-CoA dehydrogenase	CP027704.1	2500021	2501265	2584	0.005333333333333335	0	0	0
C6W84_12215	hypothetical protein	CP027704.1	2501283	2502404	2585	0.005400000000000002	0	0.5	0
C6W84_12220	hypothetical protein	CP027704.1	2502401	2503099	2586	0.0058666666666666685	0	0.5	0
C6W84_12225	putative oxidoreductase	CP027704.1	2503115	2503858	2587	0.005733333333333334	0	0	0
C6W84_12230	Porin-like protein NicP	CP027704.1	2505152	2503896	2588	0.0056	0	0	0
C6W84_4595	hypothetical protein	CP027704.1	2505652	2505269	2589	0.0056	0	0.5	0
C6W84_4600	putative L-galactonate transporter	CP027704.1	2506617	2505649	2590	0.005400000000000001	0	0	0
C6W84_4605	hypothetical protein	CP027704.1	2507569	2506667	2591	0.005266666666666668	0	0.5	0
C6W84_4610	Insertion element IS6110 uncharacterized 12.0 kDa protein	CP027704.1	2507886	2507569	2592	0.005333333333333334	0	0.5	0
C6W84_4615	HTH-type transcriptional regulator Hpr	CP027704.1	2508874	2508332	2593	0.005400000000000001	0	0	0
C6W84_12250	Glutamyl-tRNA(Gln) amidotransferase subunit A	CP027704.1	2508949	2510058	2594	0.005066666666666667	0	0	0
C6W84_4620	Flavin-dependent monooxygenase, oxygenase subunit HsaA	CP027704.1	2510077	2511243	2595	0.003533333333333334	0	0	0
C6W84_12260	hypothetical protein	CP027704.1	2511272	2511631	2596	0.003400000000000001	0	0.5	0
C6W84_12265	hypothetical protein	CP027704.1	2511642	2512169	2597	0.0031333333333333343	0	0.5	0
C6W84_12270	Anthranilate 1,2-dioxygenase large subunit	CP027704.1	2512199	2513476	2598	0.0029333333333333342	0	0	0
C6W84_12275	2-halobenzoate 1,2-dioxygenase small subunit	CP027704.1	2513487	2513972	2599	0.0028666666666666675	0	0	0
C6W84_12280	3-oxoacyl-[acyl-carrier-protein] reductase FabG	CP027704.1	2513983	2514720	2600	0.004200000000000001	0	0	0
C6W84_12285	Phthalate dioxygenase reductase	CP027704.1	2514755	2515708	2601	0.004000000000000001	0	0	0
C6W84_4625	p-hydroxyphenylacetate 3-hydroxylase, reductase component	CP027704.1	2515757	2516710	2602	0.003866666666666667	0	0	0
C6W84_12295	Transcriptional activator FeaR	CP027704.1	2516909	2517823	2603	0.0044	0	0	0
C6W84_4630	Primary amine oxidase	CP027704.1	2518043	2519143	2604	0.0048000000000000004	0	0	0
C6W84_4635	Primary amine oxidase	CP027704.1	2519128	2520348	2605	0.004666666666666667	0	0	0
C6W84_4640	hypothetical protein	CP027704.1	2520432	2521673	2606	0.004600000000000001	0	0.5	0
C6W84_12310	Phenylacetaldehyde dehydrogenase	CP027704.1	2521865	2523352	2607	0.0044666666666666665	0	0	0
C6W84_12315	3-oxoadipate enol-lactonase 2	CP027704.1	2524193	2523414	2608	0.0044	0	0	0
C6W84_12320	Beta-ketoadipyl-CoA thiolase	CP027704.1	2525418	2524204	2609	0.004200000000000001	0	0	0
C6W84_12325	3-oxoadipate CoA-transferase subunit B	CP027704.1	2526572	2525922	2610	0.004200000000000001	0	0	0
C6W84_12330	3-oxoadipate CoA-transferase subunit A	CP027704.1	2527262	2526591	2611	0.005066666666666667	0	0	0
C6W84_12335	Catechol 1,2-dioxygenase	CP027704.1	2528317	2527397	2612	0.005866666666666668	0	0	0
C6W84_12340	Muconolactone Delta-isomerase	CP027704.1	2528768	2528478	2613	0.007733333333333333	0	0	0
C6W84_12345	Muconate cycloisomerase 1	CP027704.1	2529898	2528792	2614	0.008666666666666666	0	0	0
C6W84_12350	HTH-type transcriptional regulator CatM	CP027704.1	2529999	2530913	2615	0.0114	0	0	0
C6W84_12355	hypothetical protein	CP027704.1	2530995	2531789	2616	0.011600000000000001	0	0.5	0
C6W84_12360	Pyruvate dehydrogenase complex repressor	CP027704.1	2532573	2531857	2617	0.0122	0	0	0
C6W84_4645	L-arabonate dehydratase	CP027704.1	2532914	2532657	2618	0.014466666666666668	0	0	0
C6W84_4650	L-arabonate dehydratase	CP027704.1	2534389	2532890	2619	0.015333333333333336	0	0	0
C6W84_12370	hypothetical protein	CP027704.1	2534614	2535546	2620	0.019400000000000004	0	0.5	0
C6W84_4655	Anthranilate 1,2-dioxygenase electron transfer component	CP027704.1	2536630	2535602	2621	0.02206666666666667	0	0	0
C6W84_12380	Anthranilate 1,2-dioxygenase small subunit	CP027704.1	2537133	2536642	2622	0.02393333333333333	0	0	0
C6W84_4660	Anthranilate 1,2-dioxygenase large subunit	CP027704.1	2538176	2537136	2623	0.026000000000000002	0	0	0
C6W84_4665	Anthranilate 1,2-dioxygenase large subunit	CP027704.1	2538551	2538192	2624	0.0264	0	0	0
C6W84_12390	Molybdenum-pterin-binding protein MopA	CP027704.1	2538774	2539124	2625	0.027600000000000003	0	0	0
C6W84_12395	Molybdate-binding periplasmic protein	CP027704.1	2539313	2540092	2626	0.02953333333333334	0	0	0
C6W84_12400	Molybdenum transport system permease protein ModB	CP027704.1	2540089	2540781	2627	0.031866666666666675	0	0	0
C6W84_12405	Sulfate/thiosulfate import ATP-binding protein CysA	CP027704.1	2540786	2541406	2628	0.03346666666666667	0	0	0
C6W84_4670	hypothetical protein	CP027704.1	2541766	2541906	2629	0.03506666666666668	0	0.5	0
C6W84_4675	2,3-dihydro-2,3-dihydroxybenzoate dehydrogenase	CP027704.1	2541903	2542562	2630	0.034266666666666674	0	0	0
C6W84_12415	Vibriobactin-specific isochorismatase	CP027704.1	2542602	2543264	2631	0.03453333333333334	0	0	0
C6W84_12420	Ferric uptake regulation protein	CP027704.1	2543770	2544171	2632	0.03486666666666668	0	0	0
C6W84_12425	Endonuclease YhcR	CP027704.1	2546050	2544239	2633	0.034600000000000006	0	0	0
C6W84_12430	Polyphosphate kinase	CP027704.1	2546327	2548402	2634	0.03620000000000001	0	0	0
C6W84_12440	Coenzyme PQQ synthesis protein B	CP027704.1	2548776	2549687	2635	0.03820000000000001	0	0	0
C6W84_12445	Pyrroloquinoline-quinone synthase	CP027704.1	2549696	2550454	2636	0.04006666666666668	0	0	0
C6W84_12450	Coenzyme PQQ synthesis protein D	CP027704.1	2550451	2550735	2637	0.04606666666666668	0	0	0
C6W84_12455	Putative mycofactocin radical SAM maturase MftC	CP027704.1	2550732	2551886	2638	0.05120000000000001	0	0	0
C6W84_4680	hypothetical protein	CP027704.1	2551879	2552955	2639	0.05920000000000001	0	0.5	0
C6W84_12465	hypothetical protein	CP027704.1	2553469	2554401	2640	0.06513333333333333	0	0.5	0
C6W84_12470	hypothetical protein	CP027704.1	2554584	2554760	2641	0.06493333333333334	0	0.5	0
C6W84_4685	hypothetical protein	CP027704.1	2555014	2555148	2642	0.06786666666666669	0	0.5	0
C6W84_4690	Insertion element IS6110 uncharacterized 12.0 kDa protein	CP027704.1	2555123	2555440	2643	0.06966666666666668	0	0.5	0
C6W84_4695	hypothetical protein	CP027704.1	2555440	2556342	2644	0.0708	0	0.5	0
C6W84_12490	hypothetical protein	CP027704.1	2556729	2557316	2645	0.06993333333333335	0	0.5	0
C6W84_4700	Cardiolipin synthase C	CP027704.1	2558851	2557325	2646	0.08106666666666668	0	0	0
C6W84_12500	hypothetical protein	CP027704.1	2559317	2559751	2647	0.08193333333333334	0	0.5	0
C6W84_4705	hypothetical protein	CP027704.1	2560720	2561007	2648	0.08466666666666668	0	0.5	0
C6W84_12510	hypothetical protein	CP027704.1	2561004	2561936	2649	0.08593333333333335	0	0.5	0
C6W84_4710	Multidrug export protein EmrA	CP027704.1	2561939	2562439	2650	0.08546666666666666	0	0	0
C6W84_12520	Multidrug export protein EmrB	CP027704.1	2562464	2564011	2651	0.08353333333333332	0	0	0
C6W84_12525	hypothetical protein	CP027704.1	2564166	2564987	2652	0.08213333333333332	0	0.5	0
C6W84_12530	hypothetical protein	CP027704.1	2564984	2566570	2653	0.08099999999999997	0	0.5	0
C6W84_4715	Outer membrane efflux protein BepC	CP027704.1	2566567	2567505	2654	0.08193333333333333	0	0	0
C6W84_4720	Outer membrane efflux protein BepC	CP027704.1	2567492	2567893	2655	0.08133333333333331	0	0	0
C6W84_4725	hypothetical protein	CP027704.1	2567886	2568971	2656	0.08126666666666664	0	0.5	0
C6W84_4730	5'-nucleotidase SurE	CP027704.1	2568928	2569860	2657	0.08046666666666664	0	0	0
C6W84_12550	hypothetical protein	CP027704.1	2569872	2570516	2658	0.08066666666666664	0	0.5	0
C6W84_12555	Bifunctional (p)ppGpp synthase/hydrolase SpoT	CP027704.1	2570992	2570552	2659	0.07959999999999996	0	0	0
C6W84_4735	hypothetical protein	CP027704.1	2571272	2572618	2660	0.0793333333333333	0	0.5	0
C6W84_12565	hypothetical protein	CP027704.1	2572615	2572923	2661	0.07899999999999996	0	0.5	0
C6W84_4740	Biofilm operon icaADBC HTH-type negative transcriptional regulator IcaR	CP027704.1	2573647	2574201	2662	0.07866666666666662	0	0	0
C6W84_12575	hypothetical protein	CP027704.1	2574364	2574954	2663	0.07886666666666661	0	0.5	0
C6W84_12580	hypothetical protein	CP027704.1	2575134	2576342	2664	0.07693333333333328	0	0.5	0
C6W84_4745	hypothetical protein	CP027704.1	2576710	2576459	2665	0.0753333333333333	0	0.5	0
C6W84_12590	hypothetical protein	CP027704.1	2577645	2576713	2666	0.07393333333333331	0	0.5	0
C6W84_12595	hypothetical protein	CP027704.1	2578563	2578249	2667	0.06946666666666666	0	0.5	0
C6W84_4750	hypothetical protein	CP027704.1	2579838	2578576	2668	0.06493333333333334	0	0.5	0
C6W84_12605	hypothetical protein	CP027704.1	2579943	2580134	2669	0.05806666666666669	0	0.5	0
C6W84_12610	hypothetical protein	CP027704.1	2580720	2580406	2670	0.052400000000000016	0	0.5	0
C6W84_4755	hypothetical protein	CP027704.1	2581995	2580733	2671	0.05220000000000002	0	0.5	0
C6W84_12620	hypothetical protein	CP027704.1	2582100	2582291	2672	0.048733333333333344	0	0.5	0
C6W84_12625	hypothetical protein	CP027704.1	2582926	2582717	2673	0.046133333333333346	0	0.5	0
C6W84_12630	Alkanesulfonate monooxygenase	CP027704.1	2584215	2583019	2674	0.04486666666666668	0	0	0
C6W84_4760	Pesticin receptor	CP027704.1	2585668	2584238	2675	0.04320000000000001	0	0	0
C6W84_4765	Colicin I receptor	CP027704.1	2586567	2585866	2676	0.03140000000000001	0	0	0
C6W84_4770	hypothetical protein	CP027704.1	2588333	2587158	2677	0.03193333333333335	0	0.5	0
C6W84_4775	putative TonB-dependent receptor BfrD	CP027704.1	2589430	2588666	2678	0.02720000000000001	0	0	0
C6W84_4780	Periplasmic oligopeptide-binding protein	CP027704.1	2589716	2591242	2679	0.025933333333333343	0	0	0
C6W84_12650	Biopolymer transport protein ExbD	CP027704.1	2591764	2591360	2680	0.02286666666666667	0	0	0
C6W84_4785	Biopolymer transport protein ExbB	CP027704.1	2592159	2591764	2681	0.023600000000000006	0	0	0
C6W84_12665	Putative aliphatic sulfonates transport permease protein SsuC	CP027704.1	2592976	2593764	2682	0.02440000000000001	0	0	0
C6W84_4790	Aliphatic sulfonates import ATP-binding protein SsuB	CP027704.1	2593798	2594307	2683	0.026333333333333337	0	0	0
C6W84_12680	hypothetical protein	CP027704.1	2594738	2594490	2684	0.027066666666666676	0	0.5	0
C6W84_12685	hypothetical protein	CP027704.1	2595564	2594818	2685	0.028133333333333344	0	0.5	0
C6W84_12690	Catalase	CP027704.1	2595780	2596943	2686	0.02733333333333334	0	0	0
C6W84_12700	hypothetical protein	CP027704.1	2598150	2597218	2687	0.0264	0	0.5	0
C6W84_4795	hypothetical protein	CP027704.1	2598192	2598530	2688	0.024733333333333333	0	0.5	0
C6W84_12710	HTH-type transcriptional regulator GltC	CP027704.1	2598677	2599558	2689	0.0242	0	0	0
C6W84_12715	putative succinyl-CoA:3-ketoacid coenzyme A transferase subunit A	CP027704.1	2599804	2600508	2690	0.024066666666666674	0	0	0
C6W84_12720	putative succinyl-CoA:3-ketoacid coenzyme A transferase subunit B	CP027704.1	2600510	2601151	2691	0.024600000000000007	0	0	0
C6W84_4800	Putative short-chain fatty acid transporter	CP027704.1	2601268	2601726	2692	0.024466666666666675	0	0	0
C6W84_4805	Insertion element IS6110 uncharacterized 12.0 kDa protein	CP027704.1	2601701	2602018	2693	0.024000000000000007	0	0.5	0
C6W84_4810	hypothetical protein	CP027704.1	2602018	2602920	2694	0.02393333333333334	0	0.5	0
C6W84_4815	Putative short-chain fatty acid transporter	CP027704.1	2602997	2603989	2695	0.02353333333333334	0	0	0
C6W84_12740	Acetyl-CoA acetyltransferase	CP027704.1	2604055	2605224	2696	0.023066666666666673	0	0	0
C6W84_12745	PCP degradation transcriptional activation protein	CP027704.1	2606181	2605285	2697	0.021600000000000005	0	0	0
C6W84_12750	HTH-type transcriptional regulator YjiE	CP027704.1	2607315	2606419	2698	0.021	0	0	0
C6W84_12760	hypothetical protein	CP027704.1	2608592	2608407	2699	0.019933333333333338	0	0.5	0
C6W84_12765	Aspartate ammonia-lyase	CP027704.1	2609006	2610424	2700	0.01966666666666667	0	0	0
C6W84_4820	Ferrichrome receptor FcuA	CP027704.1	2611706	2610483	2701	0.019266666666666668	0	0	0
C6W84_4825	hypothetical protein	CP027704.1	2612710	2611808	2702	0.019000000000000003	0	0.5	0
C6W84_4830	Insertion element IS6110 uncharacterized 12.0 kDa protein	CP027704.1	2613027	2612710	2703	0.017933333333333336	0	0.5	0
C6W84_4835	Putative aliphatic sulfonates transport permease protein SsuC	CP027704.1	2613643	2613002	2704	0.017133333333333334	0	0	0
C6W84_12785	Putative aliphatic sulfonates-binding protein	CP027704.1	2615108	2613678	2705	0.016866666666666665	0	0	0
C6W84_12790	Adenylylsulfate reductase subunit beta	CP027704.1	2615373	2615128	2706	0.0168	0	0	0
C6W84_4840	Succinate dehydrogenase flavoprotein subunit	CP027704.1	2616737	2615394	2707	0.014800000000000002	0	0	0
C6W84_4845	Adenylylsulfate reductase subunit alpha	CP027704.1	2617126	2616692	2708	0.014466666666666668	0	0	0
C6W84_12800	HTH-type transcriptional repressor YvoA	CP027704.1	2617904	2617155	2709	0.013466666666666667	0	0	0
C6W84_4850	hypothetical protein	CP027704.1	2618139	2618264	2710	0.012733333333333334	0	0.5	0
C6W84_4855	Chromate transport protein	CP027704.1	2618264	2619031	2711	0.011333333333333336	0	0	0
C6W84_4860	hypothetical protein	CP027704.1	2619028	2619486	2712	0.010000000000000002	0	0.5	0
C6W84_12810	FMN-dependent NADH-azoreductase 1	CP027704.1	2620185	2619577	2713	0.007066666666666667	0	0	0
C6W84_12815	HTH-type transcriptional activator HxlR	CP027704.1	2620281	2620676	2714	0.004866666666666668	0	0	0
C6W84_12820	Transposon Tn10 TetD protein	CP027704.1	2621527	2620673	2715	0.003200000000000001	0	0.75	0
C6W84_12825	hypothetical protein	CP027704.1	2621694	2622611	2716	0.0022666666666666673	0	0.5	0
C6W84_12830	Homoserine dehydrogenase	CP027704.1	2623647	2622643	2717	0.001666666666666667	0	0	0
C6W84_12835	hypothetical protein	CP027704.1	2624548	2623757	2718	0.0015333333333333336	0	0.5	0
C6W84_12840	Beta-lactamase hydrolase-like protein	CP027704.1	2626320	2624665	2719	0.0015333333333333336	0	0	0
C6W84_12845	Beta-lactamase hydrolase-like protein	CP027704.1	2627025	2626330	2720	0.0014000000000000004	0	0	0
C6W84_12850	Phenol regulator MopR	CP027704.1	2627217	2628488	2721	0.0011333333333333334	0	0	0
C6W84_4865	hypothetical protein	CP027704.1	2628558	2628824	2722	0.0012000000000000001	0	0.5	0
C6W84_4870	hypothetical protein	CP027704.1	2628791	2629468	2723	0.0012666666666666668	0	0.5	0
C6W84_12860	Sorbitol dehydrogenase	CP027704.1	2630577	2629519	2724	0.0012666666666666668	0	0	0
C6W84_12865	Diacetyl reductase [(S)-acetoin forming]	CP027704.1	2631392	2630607	2725	0.0016666666666666668	0	0	0
C6W84_12870	Dihydrolipoyl dehydrogenase	CP027704.1	2632822	2631419	2726	0.002	0	0	0
C6W84_12875	Dihydrolipoyllysine-residue acetyltransferase component of pyruvate dehydrogenase complex	CP027704.1	2634371	2632833	2727	0.0026666666666666666	0	0	0
C6W84_12880	Acetoin:2,6-dichlorophenolindophenol oxidoreductase subunit beta	CP027704.1	2635392	2634373	2728	0.004066666666666666	0	0	0
C6W84_12885	Acetoin:2,6-dichlorophenolindophenol oxidoreductase subunit alpha	CP027704.1	2636368	2635406	2729	0.005666666666666666	0	0	0
C6W84_12890	Lipoyl synthase	CP027704.1	2636733	2637719	2730	0.008866666666666667	0	0	0
C6W84_12895	Acetoin dehydrogenase operon transcriptional activator AcoR	CP027704.1	2637877	2639016	2731	0.014000000000000002	0	0	0
C6W84_12900	Aminopyrimidine aminohydrolase	CP027704.1	2639815	2639063	2732	0.019533333333333337	0	0	0
C6W84_12905	Phytochrome-like protein cph2	CP027704.1	2640136	2641365	2733	0.025933333333333333	0	0	0
C6W84_12910	Chorismate synthase	CP027704.1	2642553	2641462	2734	0.03206666666666667	0	0	0
C6W84_12915	50S ribosomal protein L3 glutamine methyltransferase	CP027704.1	2643570	2642566	2735	0	0	0	0
C6W84_12920	hypothetical protein	CP027704.1	2644495	2643749	2736	0.050533333333333326	0	0.5	0
C6W84_12925	Tryptophan synthase beta chain	CP027704.1	2645872	2644667	2737	0.05586666666666666	0	0	0
C6W84_12930	hypothetical protein	CP027704.1	2647096	2645909	2738	0.061066666666666665	0	0.5	0
C6W84_12935	hypothetical protein	CP027704.1	2647963	2647112	2739	0.06406666666666666	0	0.5	0
C6W84_4875	hypothetical protein	CP027704.1	2648382	2647993	2740	0.06833333333333333	0	0.5	0
C6W84_12945	Protein YcgL	CP027704.1	2648677	2648372	2741	0.07446666666666665	0	0	0
C6W84_12950	hypothetical protein	CP027704.1	2649119	2649283	2742	0.07626666666666666	0	0.5	0
C6W84_12955	hypothetical protein	CP027704.1	2649696	2649355	2743	0.07673333333333332	0	0.5	0
C6W84_12960	hypothetical protein	CP027704.1	2650093	2649827	2744	0.07726666666666665	0	0.5	0
C6W84_12965	Ribonuclease D	CP027704.1	2651719	2650595	2745	0.07746666666666664	0	0	0
C6W84_12970	Recombination protein RecR	CP027704.1	2652619	2652023	2746	0.07799999999999997	0	0	0
C6W84_12975	Nucleoid-associated protein YbaB	CP027704.1	2652958	2652629	2747	0.07806666666666663	0	0	0
C6W84_12980	hypothetical protein	CP027704.1	2653460	2653224	2748	0.07806666666666663	0	0.5	0
C6W84_12985	O-succinylhomoserine sulfhydrylase	CP027704.1	2654850	2653639	2749	0.07813333333333329	0	0	0
C6W84_12990	Poly(3-hydroxyalkanoate) polymerase subunit PhaC	CP027704.1	2654960	2656045	2750	0.07813333333333329	0	0	0
C6W84_12995	putative methyltransferase YcgJ	CP027704.1	2656893	2656126	2751	0.07793333333333329	0	0	0
C6W84_13000	hypothetical protein	CP027704.1	2657056	2656877	2752	0.07879999999999995	0	0.5	0
C6W84_13005	hypothetical protein	CP027704.1	2657440	2657066	2753	0.07879999999999995	0	0.5	0
C6W84_13010	hypothetical protein	CP027704.1	2657843	2657619	2754	0.07866666666666662	0	0.5	0
C6W84_13015	hypothetical protein	CP027704.1	2658542	2658342	2755	0.07833333333333328	0	0.5	0
C6W84_13025	hypothetical protein	CP027704.1	2659755	2658823	2756	0.07799999999999993	0	0.5	0
C6W84_13030	hypothetical protein	CP027704.1	2660072	2660341	2757	0.07739999999999994	0	0.5	0
C6W84_13035	putative HIT-like protein	CP027704.1	2660360	2660773	2758	0.07599999999999994	0	0	0
C6W84_4880	hypothetical protein	CP027704.1	2661275	2660841	2759	0.07433333333333328	0	0.5	0
C6W84_4885	hypothetical protein	CP027704.1	2661931	2661362	2760	0.0712666666666666	0	0.5	0
C6W84_13045	Major outer membrane protein P.IB	CP027704.1	2662217	2663323	2761	0.06626666666666667	0	0	0
C6W84_13050	hypothetical protein	CP027704.1	2664021	2663431	2762	0.060733333333333334	0	0.5	0
C6W84_13055	hypothetical protein	CP027704.1	2664582	2664121	2763	0.05460000000000001	0	0.5	0
C6W84_13060	hypothetical protein	CP027704.1	2664622	2665491	2764	0.04853333333333334	0	0.5	0
C6W84_13065	Inner membrane transport permease YbhR	CP027704.1	2666659	2665541	2765	0.0374	0	0	0
C6W84_13070	Inner membrane transport permease YbhS	CP027704.1	2667788	2666664	2766	0.031066666666666673	0	0	0
C6W84_4890	putative ABC transporter ATP-binding protein YbhF	CP027704.1	2668635	2667799	2767	0.02813333333333334	0	0	0
C6W84_4895	hypothetical protein	CP027704.1	2668658	2669005	2768	0.02466666666666667	0	0.5	0
C6W84_13085	Lipid-A-disaccharide synthase	CP027704.1	2670177	2669002	2769	0.02193333333333334	0	0	0
C6W84_4900	FhuE receptor	CP027704.1	2670369	2672498	2770	0.017800000000000003	0	0	0
C6W84_13095	hypothetical protein	CP027704.1	2672584	2672859	2771	0.012133333333333335	0	0.5	0
C6W84_4905	hypothetical protein	CP027704.1	2672881	2674407	2772	0.010666666666666668	0	0.5	0
C6W84_13105	hypothetical protein	CP027704.1	2674404	2674700	2773	0.011133333333333335	0	0.5	0
C6W84_13110	hypothetical protein	CP027704.1	2674839	2675726	2774	0.011400000000000002	0	0.5	0
C6W84_4910	Phospho-2-dehydro-3-deoxyheptonate aldolase, Tyr-sensitive	CP027704.1	2675790	2676932	2775	0.011200000000000003	0	0	0
C6W84_13120	Adenosylcobinamide-GDP ribazoletransferase	CP027704.1	2677752	2677009	2776	0.013133333333333335	0	0	0
C6W84_13125	hypothetical protein	CP027704.1	2679427	2677859	2777	0.013133333333333335	0	0.5	0
C6W84_4915	Putative phosphoserine phosphatase 2	CP027704.1	2680130	2679552	2778	0.013133333333333335	0	0	0
C6W84_13135	Nicotinate-nucleotide--dimethylbenzimidazole phosphoribosyltransferase	CP027704.1	2681199	2680144	2779	0.01306666666666667	0	0	0
C6W84_13140	Bifunctional adenosylcobalamin biosynthesis protein CobP	CP027704.1	2681720	2681202	2780	0.013133333333333335	0	0	0
C6W84_13145	hypothetical protein	CP027704.1	2682334	2681708	2781	0.013333333333333336	0	0.5	0
C6W84_13150	Phosphorylated carbohydrates phosphatase	CP027704.1	2684586	2682439	2782	0.012800000000000004	0	0	0
C6W84_13155	Lysine N-acyltransferase MbtK	CP027704.1	2685538	2684918	2783	0.013200000000000005	0	0	0
C6W84_13160	hypothetical protein	CP027704.1	2686012	2685674	2784	0.013400000000000004	0	0.5	0
C6W84_13165	hypothetical protein	CP027704.1	2687532	2686009	2785	0.013933333333333337	0	0.5	0
C6W84_4920	hypothetical protein	CP027704.1	2687772	2687533	2786	0.014066666666666672	0	0.5	0
C6W84_13175	Ferric aerobactin receptor	CP027704.1	2690124	2687911	2787	0.014133333333333336	0	0	0
C6W84_4925	hypothetical protein	CP027704.1	2690584	2690219	2788	0.01426666666666667	0	0.5	0
C6W84_4930	hypothetical protein	CP027704.1	2690835	2690560	2789	0.01426666666666667	0	0.5	0
C6W84_13185	hypothetical protein	CP027704.1	2691592	2690822	2790	0.014133333333333336	0	0.5	0
C6W84_13190	Aerobactin synthase	CP027704.1	2693515	2691605	2791	0.01406666666666667	0	0	0
C6W84_13195	Aerobactin synthase	CP027704.1	2695366	2693525	2792	0.014200000000000003	0	0	0
C6W84_13200	Riboflavin transporter RibZ	CP027704.1	2696817	2695378	2793	0.014400000000000003	0	0	0
C6W84_13205	L-lysine N6-monooxygenase	CP027704.1	2698271	2696838	2794	0.015466666666666668	0	0	0
C6W84_13210	N(2)-citryl-N(6)-acetyl-N(6)-hydroxylysine synthase	CP027704.1	2700048	2698264	2795	0.018000000000000002	0	0	0
C6W84_13215	Cys-tRNA(Pro)/Cys-tRNA(Cys) deacylase YbaK	CP027704.1	2700885	2700421	2796	0.021200000000000004	0	0	0
C6W84_4935	hypothetical protein	CP027704.1	2701076	2701378	2797	0.022600000000000002	0	0.5	0
C6W84_13225	putative protein kinase UbiB	CP027704.1	2701615	2702988	2798	0.023	0	0	0
C6W84_13230	Acyl-CoA dehydrogenase	CP027704.1	2703209	2704501	2799	0.025599999999999998	0	0	0
C6W84_13235	Acyl-CoA dehydrogenase, short-chain specific	CP027704.1	2704523	2705728	2800	0.02893333333333333	0	0	0
C6W84_4940	Alkane 1-monooxygenase	CP027704.1	2706345	2705848	2801	0.03146666666666667	0	0	0
C6W84_4945	Alkane 1-monooxygenase	CP027704.1	2707071	2706379	2802	0.038533333333333336	0	0	0
C6W84_4950	RCS-specific HTH-type transcriptional activator RclR	CP027704.1	2707243	2708058	2803	0.04753333333333334	0	0	0
C6W84_4955	Peptidyl-prolyl cis-trans isomerase D	CP027704.1	2709831	2708248	2804	0.0582	0	0	0
C6W84_4960	hypothetical protein	CP027704.1	2710112	2709939	2805	0.0678	0	0.5	0
C6W84_13255	DNA-binding protein HU-beta	CP027704.1	2710516	2710244	2806	0.06706666666666666	0	0	0
C6W84_13260	hypothetical protein	CP027704.1	2711140	2710685	2807	0.06953333333333335	0	0.5	0
C6W84_13265	hypothetical protein	CP027704.1	2711351	2711998	2808	0.07033333333333334	0	0.5	0
C6W84_13270	HTH-type transcriptional regulator IscR	CP027704.1	2712109	2712582	2809	0.07073333333333334	0	0	0
C6W84_13275	Cysteine desulfurase IscS	CP027704.1	2712584	2713801	2810	0.07126666666666666	0	0	0
C6W84_13280	Iron-sulfur cluster assembly scaffold protein IscU	CP027704.1	2713868	2714254	2811	0.07186666666666668	0	0	0
C6W84_13285	Iron-binding protein IscA	CP027704.1	2714285	2714605	2812	0.07313333333333331	0	0	0
C6W84_13290	Co-chaperone protein HscB	CP027704.1	2714691	2715209	2813	0.07379999999999999	0	0	0
C6W84_13295	Chaperone protein HscA	CP027704.1	2715248	2717107	2814	0.0737333333333333	0	0	0
C6W84_4965	2Fe-2S ferredoxin	CP027704.1	2717126	2717392	2815	0.07459999999999999	0	0	0
C6W84_13305	Adenylate cyclase 1	CP027704.1	2718980	2717511	2816	0.07586666666666665	0	0	0
C6W84_13310	hypothetical protein	CP027704.1	2719467	2719033	2817	0.07719999999999998	0	0.5	0
C6W84_4970	Transcription-repair-coupling factor	CP027704.1	2720123	2719668	2818	0.08073333333333331	0	0	0
C6W84_4975	Transcription-repair-coupling factor	CP027704.1	2723128	2720114	2819	0.08299999999999998	0	0	0
C6W84_13320	hypothetical protein	CP027704.1	2723619	2723263	2820	0.08486666666666665	0	0.5	0
C6W84_4980	putative deferrochelatase/peroxidase YfeX	CP027704.1	2724241	2723699	2821	0.08653333333333331	0	0	0
C6W84_4985	hypothetical protein	CP027704.1	2724639	2724292	2822	0.08819999999999997	0	0.5	0
C6W84_4990	hypothetical protein	CP027704.1	2725555	2724776	2823	0.08866666666666663	0	0.5	0
C6W84_13335	Putative 4-hydroxy-4-methyl-2-oxoglutarate aldolase	CP027704.1	2726089	2725583	2824	0.0875333333333333	0	0	0
C6W84_4995	hypothetical protein	CP027704.1	2726765	2726517	2825	0.08459999999999997	0	0.5	0
C6W84_13345	30S ribosomal protein S20	CP027704.1	2726978	2727244	2826	0	0	0	0
C6W84_13350	hypothetical protein	CP027704.1	2728035	2727301	2827	0.07706666666666666	0	0.5	0
C6W84_13355	3'(2'),5'-bisphosphate nucleotidase CysQ	CP027704.1	2728950	2728093	2828	0.07493333333333334	0	0	0
C6W84_13360	hypothetical protein	CP027704.1	2729260	2729628	2829	0.07206666666666667	0	0.5	0
C6W84_13365	hypothetical protein	CP027704.1	2730416	2729682	2830	0.06860000000000001	0	0.5	0
C6W84_5000	Oligopeptide transport ATP-binding protein OppF	CP027704.1	2730898	2730449	2831	0.06553333333333336	0	0	0
C6W84_5005	Glutathione import ATP-binding protein GsiA	CP027704.1	2732178	2731033	2832	0.05806666666666669	0	0	0
C6W84_13375	Oligopeptide transport system permease protein OppC	CP027704.1	2733333	2732191	2833	0.04813333333333335	0	0	0
C6W84_13380	Glutathione transport system permease protein GsiC	CP027704.1	2734279	2733341	2834	0.03686666666666668	0	0	0
C6W84_5010	Oligopeptidase A	CP027704.1	2736304	2734292	2835	0.027933333333333345	0	0	0
C6W84_5015	Oligopeptide-binding protein OppA	CP027704.1	2737357	2736326	2836	0.027133333333333343	0	0	0
C6W84_5020	Periplasmic oligopeptide-binding protein	CP027704.1	2738144	2737338	2837	0.025600000000000008	0	0	0
C6W84_5025	Heme-binding protein A	CP027704.1	2739947	2738163	2838	0.027333333333333338	0	0	0
C6W84_5030	hypothetical protein	CP027704.1	2740492	2740584	2839	0.03233333333333334	0	0.5	0
C6W84_5035	Vitamin B12 transporter BtuB	CP027704.1	2740826	2742118	2840	0.039866666666666675	0	0	0
C6W84_5040	hypothetical protein	CP027704.1	2742106	2742264	2841	0.04700000000000001	0	0.5	0
C6W84_5045	Vitamin B12 transporter BtuB	CP027704.1	2742483	2743397	2842	0.0534	0	0	0
C6W84_13405	hypothetical protein	CP027704.1	2743542	2744258	2843	0.0644	0	0.5	0
C6W84_5050	Biopolymer transport protein ExbB	CP027704.1	2744302	2745180	2844	0.08033333333333334	0	0	0
C6W84_5055	hypothetical protein	CP027704.1	2745196	2745312	2845	0.09886666666666666	0	0.5	0
C6W84_5060	hypothetical protein	CP027704.1	2745330	2745617	2846	0.11773333333333333	0	0.5	0
C6W84_13420	Biopolymer transport protein ExbD	CP027704.1	2745637	2746050	2847	0.13586666666666666	1	0	0
C6W84_13425	hypothetical protein	CP027704.1	2746251	2746090	2848	0.13806666666666667	1	0.5	0
C6W84_13430	Malate synthase G	CP027704.1	2748519	2746354	2849	0.1368	1	0	0
C6W84_13435	Cell division protein ZapE	CP027704.1	2750030	2748888	2850	0.13520000000000001	1	0	0
C6W84_5065	putative HTH-type transcriptional regulator	CP027704.1	2751133	2750114	2851	0.1344	1	0	0
C6W84_5070	Baeyer-Villiger monooxygenase	CP027704.1	2751294	2752778	2852	0.1481333333333333	1	0	0
C6W84_13450	hypothetical protein	CP027704.1	2752830	2754053	2853	0.16433333333333333	1	0.5	0
C6W84_13455	Lysine exporter LysO	CP027704.1	2754193	2755104	2854	0.181	1	0	0
C6W84_13460	Orotidine 5'-phosphate decarboxylase	CP027704.1	2755799	2755101	2855	0.20173333333333332	1	0	0
C6W84_13465	Lipopolysaccharide assembly protein A	CP027704.1	2756330	2755965	2856	0.22133333333333333	1	0	0
C6W84_13470	Integration host factor subunit beta	CP027704.1	2756657	2756355	2857	0.23413333333333333	1	0	0
C6W84_13475	30S ribosomal protein S1	CP027704.1	2758487	2756814	2858	0	0	0	0
C6W84_13480	Cytidylate kinase	CP027704.1	2759278	2758592	2859	0.2518666666666667	1	0	0
C6W84_13485	hypothetical protein	CP027704.1	2759729	2759286	2860	0.2581333333333333	1	0.5	0
C6W84_5075	tRNA-specific adenosine deaminase	CP027704.1	2760275	2759799	2861	0.2592	1	0	0
C6W84_5080	hypothetical protein	CP027704.1	2760752	2760309	2862	0.2642	1	0.5	0
C6W84_5085	Short-chain-enoyl-CoA hydratase	CP027704.1	2761429	2760758	2863	0.26653333333333334	1	0	0
C6W84_13500	Uracil-DNA glycosylase	CP027704.1	2762142	2761429	2864	0.2676666666666667	1	0	0
C6W84_13505	hypothetical protein	CP027704.1	2762789	2762193	2865	0.2699333333333333	1	0.5	0
C6W84_13510	Putative type II secretion system protein K	CP027704.1	2763978	2763019	2866	0.26953333333333335	1	0	0
C6W84_13515	Type II secretion system protein J	CP027704.1	2764679	2763978	2867	0.26986666666666664	1	0	0
C6W84_13520	Type II secretion system protein I	CP027704.1	2765059	2764679	2868	0.2679333333333334	1	0	0
C6W84_13525	Type II secretion system protein G	CP027704.1	2765603	2765049	2869	0.2635333333333334	1	0	0
C6W84_13530	hypothetical protein	CP027704.1	2766221	2765613	2870	0.2568666666666667	1	0.5	0
C6W84_13535	putative metal-dependent hydrolase YcfH	CP027704.1	2767032	2766259	2871	0.2502666666666667	1	0	0
C6W84_13540	hypothetical protein	CP027704.1	2767391	2767050	2872	0.24480000000000002	1	0.5	0
C6W84_13545	DNA polymerase III subunit tau	CP027704.1	2768383	2767403	2873	0.2328666666666667	1	0	0
C6W84_13550	3-deoxy-manno-octulosonate cytidylyltransferase	CP027704.1	2769156	2768395	2874	0.2174666666666667	1	0	0
C6W84_5090	Tetraacyldisaccharide 4'-kinase	CP027704.1	2769412	2769167	2875	0.19786666666666666	1	0	0
C6W84_5095	Tetraacyldisaccharide 4'-kinase	CP027704.1	2769882	2769409	2876	0.17766666666666664	1	0	0
C6W84_5100	Tetraacyldisaccharide 4'-kinase	CP027704.1	2770175	2769966	2877	0.1583333333333333	1	0	0
C6W84_5105	Lipid A export ATP-binding/permease protein MsbA	CP027704.1	2771410	2770178	2878	0.15259999999999999	1	0	0
C6W84_5110	hypothetical protein	CP027704.1	2771903	2771649	2879	0.15206666666666666	1	0.5	0
C6W84_13565	hypothetical protein	CP027704.1	2772328	2771900	2880	0.15186666666666665	1	0.5	0
C6W84_13570	Biopolymer transport protein ExbB	CP027704.1	2772979	2772344	2881	0.15099999999999994	1	0	0
C6W84_13575	putative chromosome-partitioning protein ParB	CP027704.1	2773916	2773029	2882	0.1355999999999999	1	0	0
C6W84_13580	Sporulation initiation inhibitor protein Soj	CP027704.1	2774695	2773913	2883	0.11853333333333328	0	0	0
C6W84_13585	Ribosomal RNA small subunit methyltransferase G	CP027704.1	2775349	2774717	2884	0.10193333333333326	0	0	0
C6W84_13590	UTP--glucose-1-phosphate uridylyltransferase	CP027704.1	2776126	2775437	2885	0.0820666666666666	0	0	0
C6W84_13595	hypothetical protein	CP027704.1	2777139	2776126	2886	0.06293333333333334	0	0.5	0
C6W84_5115	LPS-assembly protein LptD	CP027704.1	2777260	2778396	2887	0.05133333333333335	0	0	0
C6W84_5120	LPS-assembly protein LptD	CP027704.1	2778564	2779697	2888	0.04480000000000001	0	0	0
C6W84_13605	Chaperone SurA	CP027704.1	2779697	2781007	2889	0.035733333333333346	0	0	0
C6W84_13610	Fructose-bisphosphate aldolase class 2	CP027704.1	2782163	2781126	2890	0.030400000000000007	0	0	0
C6W84_13615	hypothetical protein	CP027704.1	2782527	2782285	2891	0.030200000000000008	0	0.5	0
C6W84_13620	Phosphoglycerate kinase	CP027704.1	2783839	2782652	2892	0.027666666666666673	0	0	0
C6W84_5125	hypothetical protein	CP027704.1	2783978	2784319	2893	0.02653333333333334	0	0.5	0
C6W84_13630	Maf-like protein YceF	CP027704.1	2784360	2784953	2894	0.026800000000000008	0	0	0
C6W84_13635	putative ribosomal oxygenase	CP027704.1	2784984	2786147	2895	0.028066666666666674	0	0	0
C6W84_13640	putative HTH-type transcriptional regulator YxaF	CP027704.1	2786482	2787048	2896	0.028000000000000008	0	0	0
C6W84_13645	Biofilm growth-associated repressor	CP027704.1	2787523	2787831	2897	0.027666666666666673	0	0	0
C6W84_5130	hypothetical protein	CP027704.1	2787972	2788583	2898	0.027400000000000004	0	0.5	0
C6W84_5135	hypothetical protein	CP027704.1	2788623	2788946	2899	0.026733333333333338	0	0.5	0
C6W84_13655	Serine/threonine transporter SstT	CP027704.1	2789360	2790562	2900	0.025466666666666676	0	0	0
C6W84_13660	hypothetical protein	CP027704.1	2790568	2791248	2901	0.024000000000000007	0	0.5	0
C6W84_13665	hypothetical protein	CP027704.1	2791252	2791788	2902	0.021400000000000006	0	0.5	0
C6W84_13670	Putative multidrug export ATP-binding/permease protein	CP027704.1	2792163	2794010	2903	0.021200000000000004	0	0	0
C6W84_13675	hypothetical protein	CP027704.1	2794010	2794450	2904	0.020600000000000004	0	0.5	0
C6W84_13680	putative HTH-type transcriptional regulator	CP027704.1	2794559	2795584	2905	0.020333333333333335	0	0	0
C6W84_13685	Glycine cleavage system H protein	CP027704.1	2795623	2795997	2906	0.02026666666666667	0	0	0
C6W84_5140	NAD-dependent protein deacylase	CP027704.1	2796098	2796796	2907	0.020000000000000004	0	0	0
C6W84_13695	Sodium/proline symporter	CP027704.1	2797199	2798689	2908	0.019933333333333338	0	0	0
C6W84_5145	Leucine-responsive regulatory protein	CP027704.1	2798908	2798723	2909	0.02	0	0	0
C6W84_5150	Leucine-responsive regulatory protein	CP027704.1	2799210	2798875	2910	0.019933333333333334	0	0	0
C6W84_5155	Bifunctional protein PutA	CP027704.1	2799335	2803087	2911	0.019866666666666664	0	0	0
C6W84_5160	hypothetical protein	CP027704.1	2803450	2803665	2912	0.02	0	0.5	0
C6W84_5165	tRNA/tmRNA (uracil-C(5))-methyltransferase	CP027704.1	2803769	2804392	2913	0.02	0	0	0
C6W84_5170	tRNA/tmRNA (uracil-C(5))-methyltransferase	CP027704.1	2804449	2804853	2914	0.0202	0	0	0
C6W84_13720	hypothetical protein	CP027704.1	2805101	2805331	2915	0.020600000000000004	0	0.5	0
C6W84_13725	hypothetical protein	CP027704.1	2806113	2805367	2916	0.020133333333333336	0	0.5	0
C6W84_13730	hypothetical protein	CP027704.1	2806300	2806890	2917	0.019000000000000006	0	0.5	0
C6W84_13735	Protein YceI	CP027704.1	2807526	2806936	2918	0.018400000000000007	0	0	0
C6W84_13740	hypothetical protein	CP027704.1	2807741	2808148	2919	0.017133333333333337	0	0.5	0
C6W84_13745	Transketolase 1	CP027704.1	2810190	2808202	2920	0.016200000000000003	0	0	0
C6W84_13750	S-adenosylmethionine synthase	CP027704.1	2810714	2811880	2921	0.015733333333333335	0	0	0
C6W84_13755	hypothetical protein	CP027704.1	2812252	2812004	2922	0.013333333333333336	0	0.5	0
C6W84_13760	hypothetical protein	CP027704.1	2812511	2812696	2923	0.012133333333333335	0	0.5	0
C6W84_13765	hypothetical protein	CP027704.1	2813320	2812760	2924	0.010533333333333336	0	0.5	0
C6W84_13770	Beta-lactamase OXA-133	CP027704.1	2813719	2814543	2925	0.0065333333333333354	0	0	0
C6W84_13775	L-methionine sulfoximine/L-methionine sulfone acetyltransferase	CP027704.1	2815157	2814612	2926	0.0058666666666666685	0	0	0
C6W84_13780	HTH-type transcriptional regulator SutR	CP027704.1	2815747	2815154	2927	0.004933333333333334	0	0	0
C6W84_13785	Crossover junction endodeoxyribonuclease RuvC	CP027704.1	2815977	2816522	2928	0.005733333333333335	0	0	0
C6W84_5175	Bifunctional NAD(P)H-hydrate repair enzyme Nnr	CP027704.1	2817238	2816534	2929	0.006533333333333334	0	0	0
C6W84_5180	Bifunctional NAD(P)H-hydrate repair enzyme Nnr	CP027704.1	2817993	2817190	2930	0.006600000000000001	0	0	0
C6W84_13795	Epoxyqueuosine reductase	CP027704.1	2818022	2819110	2931	0.007066666666666668	0	0	0
C6W84_13800	Biotin synthase	CP027704.1	2819210	2820199	2932	0.009333333333333334	0	0	0
C6W84_13805	hypothetical protein	CP027704.1	2820458	2820246	2933	0.009333333333333334	0	0.5	0
C6W84_13810	hypothetical protein	CP027704.1	2820872	2820522	2934	0.009666666666666667	0	0.5	0
C6W84_5185	Major fimbrial subunit SMF-1	CP027704.1	2821286	2821633	2935	0.009533333333333335	0	0	0
C6W84_5190	Major fimbrial subunit SMF-1	CP027704.1	2821711	2821938	2936	0.009533333333333335	0	0	0
C6W84_13825	putative fimbrial chaperone YehC	CP027704.1	2822044	2822469	2937	0.011333333333333334	0	0	0
C6W84_5195	hypothetical protein	CP027704.1	2823068	2822466	2938	0.01566666666666667	0	0.5	0
C6W84_5200	Outer membrane usher protein HtrE	CP027704.1	2823815	2825218	2939	0.017933333333333336	0	0	0
C6W84_5205	hypothetical protein	CP027704.1	2826117	2825215	2940	0.019866666666666668	0	0.5	0
C6W84_5210	Insertion element IS6110 uncharacterized 12.0 kDa protein	CP027704.1	2826434	2826117	2941	0.020200000000000003	0	0.5	0
C6W84_5215	hypothetical protein	CP027704.1	2827282	2828034	2942	0.02006666666666667	0	0.5	0
C6W84_5220	hypothetical protein	CP027704.1	2828864	2828064	2943	0.020133333333333336	0	0.5	0
C6W84_13875	Tyrosine recombinase XerC	CP027704.1	2830150	2829113	2944	0.019866666666666668	0	1.5	0
C6W84_13880	Multifunctional conjugation protein TraI	CP027704.1	2832838	2830373	2945	0.018400000000000003	0	0	0
C6W84_5225	Coupling protein TraD	CP027704.1	2833782	2832835	2946	0.01846666666666667	0	0	0
C6W84_13890	hypothetical protein	CP027704.1	2834636	2833764	2947	0.018400000000000003	0	0.5	0
C6W84_13895	hypothetical protein	CP027704.1	2834887	2834639	2948	0.018600000000000002	0	0.5	0
C6W84_5230	hypothetical protein	CP027704.1	2835065	2834877	2949	0.018600000000000002	0	0.5	0
C6W84_13905	hypothetical protein	CP027704.1	2835144	2836232	2950	0.018600000000000002	0	0.5	0
C6W84_13910	hypothetical protein	CP027704.1	2836292	2840341	2951	0.018200000000000004	0	0.5	0
C6W84_5235	Insertion element IS6110 uncharacterized 12.0 kDa protein	CP027704.1	2840803	2841120	2952	0.022133333333333338	0	0.5	0
C6W84_5240	hypothetical protein	CP027704.1	2841120	2842022	2953	0.022400000000000007	0	0.5	0
C6W84_13920	hypothetical protein	CP027704.1	2842987	2842019	2954	0.02286666666666667	0	0.5	0
C6W84_13925	hypothetical protein	CP027704.1	2843363	2843773	2955	0.023066666666666673	0	0.5	0
C6W84_13930	hypothetical protein	CP027704.1	2843959	2844504	2956	0.023400000000000008	0	0.5	0
C6W84_13935	putative transcriptional regulatory protein YebC	CP027704.1	2844666	2845415	2957	0.024066666666666674	0	0	0
C6W84_13940	DNA-binding transcriptional activator DecR	CP027704.1	2845917	2845447	2958	0.0234	0	0	0
C6W84_13945	hypothetical protein	CP027704.1	2846283	2847215	2959	0.022600000000000006	0	0.5	0
C6W84_13950	hypothetical protein	CP027704.1	2847296	2848627	2960	0.02286666666666667	0	0.5	0
C6W84_13955	Glutamine transport ATP-binding protein GlnQ	CP027704.1	2849423	2848680	2961	0.022466666666666673	0	0	0
C6W84_5245	Glutamate/aspartate import permease protein GltK	CP027704.1	2849822	2849424	2962	0.020600000000000004	0	0	0
C6W84_5250	hypothetical protein	CP027704.1	2850111	2849986	2963	0.02066666666666667	0	0.5	0
C6W84_5255	Glutamate/aspartate import permease protein GltK	CP027704.1	2850416	2850114	2964	0.020333333333333335	0	0	0
C6W84_5260	hypothetical protein	CP027704.1	2850955	2850539	2965	0.020333333333333335	0	0.5	0
C6W84_13970	Glutamate/aspartate import solute-binding protein	CP027704.1	2851943	2851050	2966	0.020333333333333335	0	0	0
C6W84_5265	hypothetical protein	CP027704.1	2852941	2852480	2967	0.018466666666666673	0	0.5	0
C6W84_5270	hypothetical protein	CP027704.1	2853243	2852905	2968	0.014066666666666672	0	0.5	0
C6W84_5275	Dibenzothiophene desulfurization enzyme C	CP027704.1	2853612	2854823	2969	0.011266666666666671	0	0	0
C6W84_13985	Dibenzothiophene desulfurization enzyme C	CP027704.1	2854836	2856101	2970	0.009333333333333336	0	0	0
C6W84_13990	Dimethyl-sulfide monooxygenase	CP027704.1	2856058	2857470	2971	0.008933333333333337	0	0	0
C6W84_13995	D-methionine-binding lipoprotein MetQ	CP027704.1	2857485	2858315	2972	0.008800000000000002	0	0	0
C6W84_14000	D-methionine-binding lipoprotein MetQ	CP027704.1	2858329	2859162	2973	0.008666666666666668	0	0	0
C6W84_5280	Methionine import ATP-binding protein MetN	CP027704.1	2859174	2860244	2974	0.008666666666666668	0	0	0
C6W84_14010	Methionine import system permease protein MetP	CP027704.1	2860225	2860884	2975	0.008733333333333336	0	0	0
C6W84_14015	Ribosome-binding ATPase YchF	CP027704.1	2860978	2862069	2976	0.008666666666666668	0	0	0
C6W84_14020	hypothetical protein	CP027704.1	2862635	2862114	2977	0.008666666666666668	0	0.5	0
C6W84_14025	HTH-type transcriptional regulator Cmr	CP027704.1	2862728	2863435	2978	0.008200000000000002	0	0	0
C6W84_14030	hypothetical protein	CP027704.1	2863608	2863943	2979	0.008200000000000002	0	0.5	0
C6W84_14035	hypothetical protein	CP027704.1	2864486	2864016	2980	0.008200000000000002	0	0.5	0
C6W84_5285	Inner membrane protein YgaZ	CP027704.1	2864588	2865328	2981	0.008200000000000002	0	0	0
C6W84_14045	hypothetical protein	CP027704.1	2865330	2865671	2982	0.0042	0	0.5	0
C6W84_14050	hypothetical protein	CP027704.1	2865800	2866189	2983	0.003933333333333334	0	0.5	0
C6W84_5290	Formate-dependent phosphoribosylglycinamide formyltransferase	CP027704.1	2866301	2867509	2984	0.0034666666666666665	0	0	0
C6W84_14060	Bifunctional uridylyltransferase/uridylyl-removing enzyme	CP027704.1	2867537	2870200	2985	0.0032666666666666673	0	0	0
C6W84_5295	LL-diaminopimelate aminotransferase	CP027704.1	2870169	2871395	2986	0.0030000000000000005	0	0	0
C6W84_14070	Threonine efflux protein	CP027704.1	2872085	2871453	2987	0.002333333333333334	0	0	0
C6W84_14075	Bifunctional transcriptional activator/DNA repair enzyme Ada	CP027704.1	2872986	2872150	2988	0.001933333333333334	0	0	0
C6W84_5300	Hydroperoxy fatty acid reductase gpx1	CP027704.1	2873206	2872994	2989	0.001666666666666667	0	0	0
C6W84_5305	Peptide methionine sulfoxide reductase MsrB	CP027704.1	2873867	2873493	2990	0.0018666666666666669	0	0	0
C6W84_14090	Glutamate-pyruvate aminotransferase AlaA	CP027704.1	2874272	2875681	2991	0.0018000000000000002	0	0	0
C6W84_14095	hypothetical protein	CP027704.1	2877212	2876280	2992	0.0014	0	0.5	0
C6W84_14100	Glutaminase-asparaginase	CP027704.1	2877458	2878525	2993	0.0013333333333333333	0	0	0
C6W84_14105	DNA polymerase III subunit alpha	CP027704.1	2878740	2882303	2994	0.0012666666666666666	0	0	0
C6W84_14110	tRNA (cytidine/uridine-2'-O-)-methyltransferase TrmJ	CP027704.1	2882318	2883157	2995	0.0018666666666666664	0	0	0
C6W84_14115	Serine acetyltransferase	CP027704.1	2883150	2883965	2996	0.0021999999999999997	0	0	0
C6W84_14120	hypothetical protein	CP027704.1	2884069	2885010	2997	0.002333333333333333	0	0.5	0
C6W84_14125	hypothetical protein	CP027704.1	2885126	2887132	2998	0.002333333333333333	0	0.5	0
C6W84_5310	Alkyl hydroperoxide reductase subunit F	CP027704.1	2887778	2887188	2999	0.002333333333333333	0	0	0
C6W84_5315	NADH dehydrogenase	CP027704.1	2887938	2887765	3000	0.0024666666666666665	0	0	0
C6W84_5320	NADH dehydrogenase	CP027704.1	2888484	2887951	3001	0.0024666666666666665	0	0	0
C6W84_5325	Alkyl hydroperoxide reductase subunit F	CP027704.1	2888747	2888481	3002	0.0026	0	0	0
C6W84_5330	Chromate transport protein	CP027704.1	2889445	2889038	3003	0.0027333333333333333	0	0	0
C6W84_14145	Chromate transport protein	CP027704.1	2890005	2889445	3004	0.0027333333333333333	0	0	0
C6W84_14150	HTH-type transcriptional regulator BenM	CP027704.1	2890107	2891009	3005	0.0027333333333333333	0	0	0
C6W84_14155	Arsenical-resistance protein Acr3	CP027704.1	2892135	2891101	3006	0.0028	0	0	0
C6W84_14160	Arsenic resistance transcriptional regulator ArsR1	CP027704.1	2892563	2892234	3007	0.002933333333333334	0	0	0
C6W84_14165	Arsenate reductase	CP027704.1	2892648	2893076	3008	0.002933333333333334	0	0	0
C6W84_14170	hypothetical protein	CP027704.1	2893306	2893145	3009	0.002933333333333334	0	0.5	0
C6W84_14175	N-substituted formamide deformylase	CP027704.1	2895238	2893364	3010	0.002933333333333334	0	0	0
C6W84_14185	hypothetical protein	CP027704.1	2895693	2896625	3011	0.002933333333333334	0	0.5	0
C6W84_5335	hypothetical protein	CP027704.1	2897283	2896663	3012	0.0030000000000000005	0	0.5	0
C6W84_5340	HTH-type transcriptional regulator CysL	CP027704.1	2897479	2897874	3013	0.0030000000000000005	0	0	0
C6W84_14200	hypothetical protein	CP027704.1	2898836	2897904	3014	0.0030000000000000005	0	0.5	0
C6W84_5345	HTH-type transcriptional repressor RspR	CP027704.1	2899725	2898988	3015	0.002800000000000001	0	0	0
C6W84_14210	putative allantoin permease	CP027704.1	2900135	2901604	3016	0.0027333333333333337	0	0	0
C6W84_14215	Glutamate racemase	CP027704.1	2901601	2902335	3017	0.002666666666666667	0	0	0
C6W84_14220	Alpha-ketoglutarate-dependent taurine dioxygenase	CP027704.1	2903284	2902403	3018	0.002666666666666667	0	0	0
C6W84_14225	Putative aliphatic sulfonates transport permease protein SsuC	CP027704.1	2904162	2903293	3019	0.0026000000000000003	0	0	0
C6W84_14230	Taurine import ATP-binding protein TauB	CP027704.1	2904953	2904159	3020	0.0022000000000000006	0	0	0
C6W84_14235	Taurine-binding periplasmic protein	CP027704.1	2906003	2904963	3021	0.0022000000000000006	0	0	0
C6W84_14240	hypothetical protein	CP027704.1	2906445	2907629	3022	0.0022000000000000006	0	0.5	0
C6W84_5350	Inner membrane metabolite transport protein YgcS	CP027704.1	2908539	2907691	3023	0.0022666666666666673	0	0	0
C6W84_5355	Inner membrane metabolite transport protein YgcS	CP027704.1	2909156	2908551	3024	0.002666666666666667	0	0	0
C6W84_14250	Dimethyl-sulfide monooxygenase	CP027704.1	2910743	2909352	3025	0.0022000000000000006	0	0	0
C6W84_5360	Dibenzothiophene desulfurization enzyme C	CP027704.1	2912134	2910920	3026	0.0020000000000000005	0	0	0
C6W84_14260	hypothetical protein	CP027704.1	2913151	2912333	3027	0.0019333333333333336	0	0.5	0
C6W84_14270	Cytochrome bd-I ubiquinol oxidase subunit 1	CP027704.1	2913804	2915249	3028	0.002066666666666667	0	0	0
C6W84_5365	Cytochrome bd-I ubiquinol oxidase subunit 2	CP027704.1	2915242	2915520	3029	0.0025333333333333336	0	0	0
C6W84_5370	hypothetical protein	CP027704.1	2915576	2916244	3030	0.0024666666666666674	0	0.5	0
C6W84_14280	hypothetical protein	CP027704.1	2916259	2916387	3031	0.0024666666666666674	0	0.5	0
C6W84_14285	HTH-type transcriptional regulator NorG	CP027704.1	2916491	2917909	3032	0.002333333333333334	0	0	0
C6W84_14290	HTH-type transcriptional regulator CynR	CP027704.1	2918007	2918924	3033	0.0022000000000000006	0	0	0
C6W84_5375	hypothetical protein	CP027704.1	2919201	2918974	3034	0.0022000000000000006	0	0.5	0
C6W84_14300	Cyclopentanol dehydrogenase	CP027704.1	2919216	2920046	3035	0.002133333333333334	0	0	0
C6W84_14305	HTH-type transcriptional regulator VirS	CP027704.1	2920086	2921078	3036	0.002066666666666667	0	0	0
C6W84_14310	hypothetical protein	CP027704.1	2921675	2921082	3037	0.0019333333333333336	0	0.5	0
C6W84_14315	Protease synthase and sporulation protein PAI 2	CP027704.1	2922353	2921718	3038	0.0022	0	0	0
C6W84_14320	HTH-type transcriptional regulatory protein GabR	CP027704.1	2922469	2923959	3039	0.002533333333333333	0	0	0
C6W84_14325	Holin-like protein CidB	CP027704.1	2924656	2923967	3040	0.0034666666666666665	0	1	0
C6W84_5380	Holin-like protein CidA	CP027704.1	2925101	2924670	3041	0.0034666666666666665	0	1	0
C6W84_5385	HTH-type transcriptional regulator CynR	CP027704.1	2925212	2925766	3042	0.0034	0	0	0
C6W84_5390	HTH-type transcriptional regulator GltC	CP027704.1	2925799	2926116	3043	0.0034	0	0	0
C6W84_14340	Glutathione S-transferase YfcF	CP027704.1	2926236	2926862	3044	0.0034	0	0	0
C6W84_14345	Disulfide-bond oxidoreductase YghU	CP027704.1	2926896	2927756	3045	0.0034666666666666665	0	0	0
C6W84_5395	hypothetical protein	CP027704.1	2928099	2927794	3046	0.0034666666666666665	0	0.5	0
C6W84_14355	hypothetical protein	CP027704.1	2928214	2929146	3047	0.0034666666666666665	0	0.5	0
C6W84_5400	Major membrane protein I	CP027704.1	2929149	2929673	3048	0.0038666666666666667	0	0	0
C6W84_5405	Major membrane protein I	CP027704.1	2929634	2930068	3049	0.004066666666666667	0	0	0
C6W84_14365	Cysteine desulfurase	CP027704.1	2930043	2932004	3050	0.0037333333333333337	0	0	0
C6W84_14370	Threonine efflux protein	CP027704.1	2933111	2932473	3051	0.0037333333333333337	0	0	0
C6W84_14375	HTH-type transcriptional regulator DmlR	CP027704.1	2933203	2934132	3052	0.0037333333333333337	0	0	0
C6W84_14380	ABC transporter glutamine-binding protein GlnH	CP027704.1	2935060	2934194	3053	0.003666666666666667	0	0	0
C6W84_14385	ABC transporter glutamine-binding protein GlnH	CP027704.1	2936004	2935144	3054	0.003266666666666667	0	0	0
C6W84_14390	Glutamine transport ATP-binding protein GlnQ	CP027704.1	2936766	2936035	3055	0.003133333333333334	0	0	0
C6W84_14395	putative glutamine ABC transporter permease protein GlnP	CP027704.1	2937434	2936769	3056	0.003066666666666667	0	0	0
C6W84_5410	putative glutamine ABC transporter permease protein GlnM	CP027704.1	2938083	2937424	3057	0.0030000000000000005	0	0	0
C6W84_14410	hypothetical protein	CP027704.1	2938652	2938368	3058	0.003066666666666667	0	0.5	0
C6W84_14415	Response regulator PleD	CP027704.1	2939755	2938796	3059	0.0026000000000000003	0	0	0
C6W84_14420	Autoinducer 2 sensor kinase/phosphatase LuxQ	CP027704.1	2943216	2939752	3060	0.0025333333333333336	0	0	0
C6W84_5415	hypothetical protein	CP027704.1	2943412	2945028	3061	0.0025333333333333336	0	0.5	0
C6W84_14430	Leucine-responsive regulatory protein	CP027704.1	2945540	2945085	3062	0.002933333333333334	0	0	0
C6W84_14435	Homoserine/homoserine lactone efflux protein	CP027704.1	2945697	2946308	3063	0.002933333333333334	0	0	0
C6W84_14440	LexA repressor	CP027704.1	2946990	2946379	3064	0.002933333333333334	0	0	0
C6W84_14445	hypothetical protein	CP027704.1	2948066	2947134	3065	0.002933333333333334	0	0.5	0
C6W84_5420	hypothetical protein	CP027704.1	2948386	2948604	3066	0.002933333333333334	0	0.5	0
C6W84_14455	hypothetical protein	CP027704.1	2948890	2949822	3067	0.002933333333333334	0	0.5	0
C6W84_5425	General stress protein 39	CP027704.1	2950066	2950866	3068	0.0026666666666666666	0	0	0
C6W84_5430	Catalase HPII	CP027704.1	2952856	2950922	3069	0.002333333333333333	0	0	0
C6W84_5435	hypothetical protein	CP027704.1	2953059	2952904	3070	0.0013999999999999998	0	0.5	0
C6W84_14470	hypothetical protein	CP027704.1	2954529	2953120	3071	0.0013999999999999998	0	0.5	0
C6W84_5440	CinA-like protein	CP027704.1	2954844	2955251	3072	0.0013999999999999998	0	0	0
C6W84_14480	hypothetical protein	CP027704.1	2955729	2955950	3073	0.0013999999999999998	0	0.5	0
C6W84_14485	hypothetical protein	CP027704.1	2956056	2956373	3074	0.0013999999999999998	0	0.5	0
C6W84_14490	hypothetical protein	CP027704.1	2956640	2956458	3075	0.001333333333333333	0	0.5	0
C6W84_14500	hypothetical protein	CP027704.1	2956682	2957614	3076	0.0013999999999999998	0	0.5	0
C6W84_5445	HTH-type transcriptional regulator DmlR	CP027704.1	2958257	2957652	3077	0.0013999999999999998	0	0	0
C6W84_14510	hypothetical protein	CP027704.1	2958369	2959607	3078	0.0009333333333333334	0	0.5	0
C6W84_5450	hypothetical protein	CP027704.1	2960086	2959652	3079	0.0007333333333333333	0	0.5	0
C6W84_5455	hypothetical protein	CP027704.1	2960937	2960077	3080	0.0007333333333333333	0	0.5	0
C6W84_14520	tRNA (cmo5U34)-methyltransferase	CP027704.1	2961848	2961177	3081	0.0008	0	0	0
C6W84_14525	3-[(3aS,4S,7aS)-7a-methyl-1, 5-dioxo-octahydro-1H-inden-4-yl]propanoyl:CoA ligase	CP027704.1	2963613	2961919	3082	0.0009333333333333333	0	0	0
C6W84_5460	Fatty acid metabolism regulator protein	CP027704.1	2964341	2963724	3083	0.0009333333333333333	0	0	0
C6W84_14535	Acyl-CoA dehydrogenase	CP027704.1	2964486	2965658	3084	0.0009333333333333333	0	0	0
C6W84_5465	hypothetical protein	CP027704.1	2965683	2965871	3085	0.0009333333333333333	0	0.5	0
C6W84_5470	Methylmalonyl-CoA carboxyltransferase 12S subunit	CP027704.1	2965907	2967283	3086	0.0008666666666666668	0	0	0
C6W84_14545	Enoyl-CoA-hydratase	CP027704.1	2967293	2968096	3087	0.0008666666666666668	0	0	0
C6W84_14550	Acetyl-/propionyl-coenzyme A carboxylase alpha chain	CP027704.1	2968108	2970099	3088	0.0006666666666666666	0	0	0
C6W84_14555	3-hydroxy-3-isohexenylglutaryl-CoA/hydroxy- methylglutaryl-CoA lyase	CP027704.1	2970096	2970998	3089	0.0007333333333333333	0	0	0
C6W84_5475	hypothetical protein	CP027704.1	2971467	2971249	3090	0.0008666666666666666	0	0.5	0
C6W84_5480	HTH-type transcriptional regulator DmlR	CP027704.1	2972189	2971485	3091	0.0008666666666666666	0	0	0
C6W84_14565	hypothetical protein	CP027704.1	2972394	2975876	3092	0.0005333333333333334	0	0.5	0
C6W84_14570	hypothetical protein	CP027704.1	2976704	2975901	3093	0.0006000000000000001	0	0.5	0
C6W84_5485	3-methylmercaptopropionyl-CoA dehydrogenase	CP027704.1	2977422	2976901	3094	0.0008666666666666667	0	0	0
C6W84_5490	3-methylmercaptopropionyl-CoA dehydrogenase	CP027704.1	2978704	2977508	3095	0.0008666666666666667	0	0	0
C6W84_5495	hypothetical protein	CP027704.1	2979024	2979458	3096	0.001	0	0.5	0
C6W84_5500	sugar efflux transporter	CP027704.1	2979982	2979479	3097	0.0010666666666666667	0	0	0
C6W84_5505	putative transporter	CP027704.1	2980695	2979979	3098	0.0012000000000000001	0	0	0
C6W84_14590	hypothetical protein	CP027704.1	2982030	2980714	3099	0.0012000000000000001	0	0.5	0
C6W84_14595	3-oxoadipate CoA-transferase subunit B	CP027704.1	2982720	2982067	3100	0.0012000000000000001	0	0	0
C6W84_14600	3-oxoadipate CoA-transferase subunit A	CP027704.1	2983388	2982720	3101	0.0012666666666666668	0	0	0
C6W84_14605	Putative sialic acid transporter	CP027704.1	2984749	2983436	3102	0.0013333333333333335	0	0	0
C6W84_5510	Caffeyl-CoA reductase-Etf complex subunit CarC	CP027704.1	2985431	2984778	3103	0.001666666666666667	0	0	0
C6W84_5515	Acyl-CoA dehydrogenase	CP027704.1	2985931	2985431	3104	0.001666666666666667	0	0	0
C6W84_5520	putative enoyl-CoA hydratase echA8	CP027704.1	2986243	2986665	3105	0.001666666666666667	0	0	0
C6W84_5525	2,3-dehydroadipyl-CoA hydratase	CP027704.1	2986665	2987030	3106	0.0018666666666666669	0	0	0
C6W84_14620	Dihydroanticapsin 7-dehydrogenase	CP027704.1	2987060	2987821	3107	0.0020000000000000005	0	0	0
C6W84_14625	3-hydroxyadipyl-CoA dehydrogenase	CP027704.1	2987883	2989406	3108	0.002066666666666667	0	0	0
C6W84_5530	Beta-ketoadipyl-CoA thiolase	CP027704.1	2989421	2990134	3109	0.002066666666666667	0	0	0
C6W84_5535	3-oxoadipyl-CoA/3-oxo-5,6-dehydrosuberyl-CoA thiolase	CP027704.1	2990155	2990625	3110	0.0023333333333333335	0	0	0
C6W84_14635	HTH-type transcriptional regulator TsaQ1/TsaQ2	CP027704.1	2990735	2991577	3111	0.0025333333333333336	0	0	0
C6W84_5540	putative transporter	CP027704.1	2991629	2992813	3112	0.0026000000000000003	0	0	0
C6W84_14645	Nitronate monooxygenase	CP027704.1	2993823	2992852	3113	0.0030000000000000005	0	0	0
C6W84_14650	2,3-dehydroadipyl-CoA hydratase	CP027704.1	2994045	2994854	3114	0.003133333333333334	0	0	0
C6W84_5545	HTH-type transcriptional regulator TsaQ1/TsaQ2	CP027704.1	2995772	2994921	3115	0.0036000000000000003	0	0	0
C6W84_5550	Acetyl-CoA:oxalate CoA-transferase	CP027704.1	2997017	2995953	3116	0.0048000000000000004	0	0	0
C6W84_5555	Formyl-CoA:oxalate CoA-transferase	CP027704.1	2997169	2997014	3117	0.0054666666666666665	0	0	0
C6W84_14665	Caffeyl-CoA reductase-Etf complex subunit CarC	CP027704.1	2997501	2998652	3118	0.005933333333333334	0	0	0
C6W84_5560	Putative metabolite transport protein YjhB	CP027704.1	2998714	2999847	3119	0.0068000000000000005	0	0	0
C6W84_14675	Phosphonoacetaldehyde hydrolase	CP027704.1	3000993	3000178	3120	0.007133333333333334	0	0	0
C6W84_14680	2-aminoethylphosphonate--pyruvate transaminase	CP027704.1	3002217	3001030	3121	0.0074666666666666675	0	0	0
C6W84_5565	hypothetical protein	CP027704.1	3002939	3002244	3122	0.007666666666666668	0	0.5	0
C6W84_5570	Monomeric sarcosine oxidase	CP027704.1	3003397	3002894	3123	0.009000000000000001	0	0	0
C6W84_14690	Putative 2-aminoethylphosphonate transport system permease protein PhnU	CP027704.1	3005208	3003499	3124	0.009600000000000001	0	0	0
C6W84_5575	sn-glycerol-3-phosphate import ATP-binding protein UgpC	CP027704.1	3005813	3005220	3125	0.010533333333333336	0	0	0
C6W84_5580	Sulfate/thiosulfate import ATP-binding protein CysA	CP027704.1	3006403	3005939	3126	0.010533333333333336	0	0	0
C6W84_14700	Iron uptake protein A1	CP027704.1	3007463	3006426	3127	0.011333333333333336	0	0	0
C6W84_14705	Putative transcriptional regulator of 2-aminoethylphosphonate degradation operons	CP027704.1	3008277	3007555	3128	0.011933333333333336	0	0	0
C6W84_14710	p-hydroxybenzoate hydroxylase	CP027704.1	3009667	3008453	3129	0.01206666666666667	0	0	0
C6W84_14715	p-hydroxybenzoate hydroxylase transcriptional activator	CP027704.1	3009809	3010624	3130	0.012600000000000004	0	0	0
C6W84_5585	FMN-dependent NADH-azoreductase	CP027704.1	3011275	3010829	3131	0.015266666666666671	0	0	0
C6W84_5590	HTH-type transcriptional regulator CynR	CP027704.1	3011374	3011745	3132	0.015800000000000005	0	0	0
C6W84_5595	HTH-type transcriptional regulator PgrR	CP027704.1	3011798	3012283	3133	0.017066666666666674	0	0	0
C6W84_5600	hypothetical protein	CP027704.1	3012577	3012338	3134	0.017933333333333343	0	0.5	0
C6W84_5605	hypothetical protein	CP027704.1	3012719	3012567	3135	0.018533333333333343	0	0.5	0
C6W84_14735	Glutarate-semialdehyde dehydrogenase DavD	CP027704.1	3014173	3012716	3136	0.018266666666666674	0	0	0
C6W84_5610	hypothetical protein	CP027704.1	3015148	3014312	3137	0.018533333333333343	0	0.5	0
C6W84_5615	hypothetical protein	CP027704.1	3015481	3015380	3138	0.02033333333333334	0	0.5	0
C6W84_5620	hypothetical protein	CP027704.1	3016535	3015507	3139	0.021666666666666674	0	0.5	0
C6W84_5625	Putative allantoin permease	CP027704.1	3016912	3016475	3140	0.02173333333333334	0	0	0
C6W84_14755	NAD/NADP-dependent betaine aldehyde dehydrogenase	CP027704.1	3018686	3017217	3141	0.021533333333333342	0	0	0
C6W84_14760	Alkanal monooxygenase alpha chain	CP027704.1	3019735	3018698	3142	0.021533333333333342	0	0	0
C6W84_14765	p-hydroxyphenylacetate 3-hydroxylase, reductase component	CP027704.1	3020670	3019738	3143	0.02113333333333334	0	0	0
C6W84_14770	3-oxoadipate enol-lactonase 2	CP027704.1	3021492	3020701	3144	0.02113333333333334	0	0	0
C6W84_14775	hypothetical protein	CP027704.1	3022063	3021461	3145	0.020666666666666673	0	0.5	0
C6W84_14780	HTH-type transcriptional regulator McbR	CP027704.1	3022215	3022877	3146	0.01953333333333334	0	0	0
C6W84_14785	hypothetical protein	CP027704.1	3022940	3023224	3147	0.018866666666666674	0	0.5	0
C6W84_14790	Cytochrome b561	CP027704.1	3023932	3023360	3148	0.018400000000000003	0	0	0
C6W84_5630	Catalase-related peroxidase	CP027704.1	3025009	3023945	3149	0.01766666666666667	0	0	0
C6W84_14805	hypothetical protein	CP027704.1	3025471	3026403	3150	0.017666666666666667	0	0.5	0
C6W84_5635	hypothetical protein	CP027704.1	3026637	3026897	3151	0.01846666666666667	0	0.5	0
C6W84_14815	hypothetical protein	CP027704.1	3027881	3026949	3152	0.0188	0	0.5	0
C6W84_14820	1,2-epoxyphenylacetyl-CoA isomerase	CP027704.1	3029670	3027961	3153	0.017400000000000006	0	0	0
C6W84_14825	Hydrogen cyanide synthase subunit HcnA	CP027704.1	3029900	3029670	3154	0.016866666666666672	0	0	0
C6W84_14830	Hydrogen cyanide synthase subunit HcnC	CP027704.1	3031004	3029901	3155	0.0176	0	0	0
C6W84_14835	4-hydroxyproline 2-epimerase	CP027704.1	3031933	3031001	3156	0.0198	0	0	0
C6W84_14840	putative D-xylose utilization operon transcriptional repressor	CP027704.1	3032785	3032102	3157	0.020200000000000003	0	0	0
C6W84_14845	hypothetical protein	CP027704.1	3033203	3034108	3158	0.02086666666666667	0	0.5	0
C6W84_5640	hypothetical protein	CP027704.1	3034591	3034214	3159	0.02186666666666667	0	0.5	0
C6W84_14855	hypothetical protein	CP027704.1	3034654	3035586	3160	0.02313333333333334	0	0.5	0
C6W84_5645	Chloride/fluoride channel protein	CP027704.1	3036914	3035748	3161	0.022000000000000006	0	0	0
C6W84_5650	Biotin carboxylase	CP027704.1	3038992	3037271	3162	0.023466666666666674	0	0	0
C6W84_14870	KipI antagonist	CP027704.1	3040572	3038989	3163	0.023333333333333338	0	0	0
C6W84_5655	hypothetical protein	CP027704.1	3041410	3040601	3164	0.025333333333333336	0	0.5	0
C6W84_14880	hypothetical protein	CP027704.1	3042186	3041422	3165	0.026066666666666672	0	0.5	0
C6W84_5660	hypothetical protein	CP027704.1	3043453	3042221	3166	0.028600000000000004	0	0.5	0
C6W84_5665	hypothetical protein	CP027704.1	3044298	3043819	3167	0.03479999999999999	0	0.5	0
C6W84_5670	HTH-type transcriptional regulator BenM	CP027704.1	3044729	3044238	3168	0.03606666666666667	0	0	0
C6W84_5675	hypothetical protein	CP027704.1	3045271	3044825	3169	0.0364	0	0.5	0
C6W84_5680	6-hydroxynicotinate 3-monooxygenase	CP027704.1	3045411	3045725	3170	0.0396	0	0	0
C6W84_14905	hypothetical protein	CP027704.1	3046831	3045899	3171	0.042600000000000006	0	0.5	0
C6W84_5685	1D-myo-inositol 2-acetamido-2-deoxy-alpha-D-glucopyranoside deacetylase	CP027704.1	3047036	3047761	3172	0.043466666666666674	0	0	0
C6W84_14920	hypothetical protein	CP027704.1	3047758	3048690	3173	0.04646666666666668	0	0.5	0
C6W84_14925	hypothetical protein	CP027704.1	3049382	3048912	3174	0.05260000000000001	0	0.5	0
C6W84_5690	tRNA nuclease CdiA-2	CP027704.1	3050388	3049384	3175	0.056200000000000014	0	0	0
C6W84_14935	hypothetical protein	CP027704.1	3051615	3050392	3176	0.05926666666666668	0	0.5	0
C6W84_5695	tRNA nuclease CdiA-2	CP027704.1	3052266	3051667	3177	0.062266666666666685	0	0	0
C6W84_5700	Hemolysin transporter protein ShlB	CP027704.1	3053844	3052330	3178	0.06640000000000001	0	0	0
C6W84_14970	Serine/threonine-protein kinase pkn5	CP027704.1	3055672	3054869	3179	0.07080000000000002	0	0	0
C6W84_5705	hypothetical protein	CP027704.1	3056624	3055659	3180	0.07513333333333334	0	0.5	0
C6W84_5710	hypothetical protein	CP027704.1	3057166	3056672	3181	0.07786666666666668	0	0.5	0
C6W84_14980	hypothetical protein	CP027704.1	3057345	3058226	3182	0.08000000000000002	0	0.5	0
C6W84_5715	hypothetical protein	CP027704.1	3058330	3058683	3183	0.08440000000000002	0	0.5	0
C6W84_5720	Insertion element IS6110 uncharacterized 12.0 kDa protein	CP027704.1	3058696	3059013	3184	0.09153333333333337	0	0.5	0
C6W84_5725	hypothetical protein	CP027704.1	3059013	3059915	3185	0.09413333333333336	0	0.5	0
C6W84_5730	hypothetical protein	CP027704.1	3060185	3060745	3186	0.09546666666666669	0	0.5	0
C6W84_5735	tRNA N6-adenosine threonylcarbamoyltransferase	CP027704.1	3060918	3060748	3187	0.0976	0	0	0
C6W84_5740	tRNA N6-adenosine threonylcarbamoyltransferase	CP027704.1	3061757	3061008	3188	0.0982	0	0	0
C6W84_15010	30S ribosomal protein S21	CP027704.1	3061903	3062118	3189	0	0	0	0
C6W84_15015	hypothetical protein	CP027704.1	3062145	3062591	3190	0.10179999999999999	0	0.5	0
C6W84_5745	Beta-barrel assembly-enhancing protease	CP027704.1	3063726	3062683	3191	0.10233333333333335	0	0	0
C6W84_5750	Beta-barrel assembly-enhancing protease	CP027704.1	3064118	3063726	3192	0.10333333333333335	0	0	0
C6W84_5755	Glyoxylate/hydroxypyruvate reductase B	CP027704.1	3065008	3064256	3193	0.11120000000000001	0	0	0
C6W84_5760	hypothetical protein	CP027704.1	3065220	3065005	3194	0.11906666666666667	0	0.5	0
C6W84_15030	hypothetical protein	CP027704.1	3065882	3065232	3195	0.11873333333333333	0	0.5	0
C6W84_15035	Protease HtpX	CP027704.1	3067872	3065983	3196	0.11660000000000001	0	0	0
C6W84_15040	Amidophosphoribosyltransferase	CP027704.1	3069492	3067951	3197	0.11073333333333332	0	0	0
C6W84_15045	Colicin V production protein	CP027704.1	3070105	3069518	3198	0.10806666666666663	0	0	0
C6W84_15050	Dihydroorotate dehydrogenase (quinone)	CP027704.1	3071116	3070112	3199	0.10653333333333331	0	0	0
C6W84_15055	hypothetical protein	CP027704.1	3071685	3071206	3200	0.10393333333333331	0	0.5	0
C6W84_15060	hypothetical protein	CP027704.1	3072824	3071685	3201	0.10119999999999998	0	0.5	0
C6W84_15065	Phosphohistidine phosphatase SixA	CP027704.1	3073302	3072847	3202	0.10039999999999999	0	0	0
C6W84_15070	Glycerol-3-phosphate dehydrogenase [NAD(P)+]	CP027704.1	3074432	3073359	3203	0.09739999999999999	0	0	0
C6W84_15075	Putative NAD(P)H nitroreductase YdjA	CP027704.1	3075041	3074466	3204	0.0911333333333333	0	0	0
C6W84_15080	hypothetical protein	CP027704.1	3075245	3075625	3205	0.08759999999999997	0	0.5	0
C6W84_5765	ATP-dependent RNA helicase RhlB	CP027704.1	3076814	3075663	3206	0.08446666666666665	0	0	0
C6W84_15090	Cold shock-like protein CspG	CP027704.1	3077130	3076918	3207	0.08186666666666666	0	0	0
C6W84_15095	Sulfurtransferase TusA	CP027704.1	3077505	3077750	3208	0.07786666666666665	0	0	0
C6W84_15100	RNA polymerase sigma factor RpoH	CP027704.1	3077884	3078750	3209	0.07359999999999997	0	0	0
C6W84_15105	hypothetical protein	CP027704.1	3078861	3079226	3210	0.06919999999999998	0	0.5	0
C6W84_15110	hypothetical protein	CP027704.1	3079240	3079437	3211	0.06533333333333334	0	0.5	0
C6W84_15115	Thiazole synthase	CP027704.1	3079451	3080236	3212	0.06260000000000002	0	0	0
C6W84_15120	hypothetical protein	CP027704.1	3080997	3080374	3213	0.058333333333333334	0	0.5	0
C6W84_15125	hypothetical protein	CP027704.1	3081790	3081017	3214	0.050933333333333344	0	0.5	0
C6W84_15130	hypothetical protein	CP027704.1	3081917	3082549	3215	0.04666666666666667	0	0.5	0
C6W84_5770	Nif-specific regulatory protein	CP027704.1	3083572	3082607	3216	0.04300000000000001	0	0	0
C6W84_5775	hypothetical protein	CP027704.1	3084616	3083714	3217	0.0396	0	0.5	0
C6W84_5780	Insertion element IS6110 uncharacterized 12.0 kDa protein	CP027704.1	3084933	3084616	3218	0.0376	0	0.5	0
C6W84_5785	hypothetical protein	CP027704.1	3085412	3084981	3219	0.03346666666666667	0	0.5	0
C6W84_5790	hypothetical protein	CP027704.1	3085781	3085882	3220	0.03113333333333334	0	0.5	0
C6W84_15160	hypothetical protein	CP027704.1	3085893	3086351	3221	0.029000000000000005	0	0.5	0
C6W84_5795	RNA 3'-terminal phosphate cyclase	CP027704.1	3086611	3086727	3222	0.025933333333333343	0	0	0
C6W84_15165	hypothetical protein	CP027704.1	3086779	3088002	3223	0.016600000000000004	0	0.5	0
C6W84_5800	RNA 3'-terminal phosphate cyclase	CP027704.1	3088006	3088401	3224	0.0058666666666666685	0	0	0
C6W84_5805	RNA 3'-terminal phosphate cyclase	CP027704.1	3088533	3088997	3225	0.004866666666666668	0	0	0
C6W84_15175	Cytosol non-specific dipeptidase	CP027704.1	3090493	3089033	3226	0.0044666666666666665	0	0	0
C6W84_15180	hypothetical protein	CP027704.1	3091047	3090664	3227	0.0037333333333333333	0	0.5	0
C6W84_15185	3-phosphoshikimate 1-carboxyvinyltransferase	CP027704.1	3093445	3091175	3228	0.003266666666666667	0	0	0
C6W84_15190	P-protein	CP027704.1	3094639	3093530	3229	0.0032	0	0	0
C6W84_5810	Ferri-bacillibactin esterase BesA	CP027704.1	3094825	3095769	3230	0.0024000000000000007	0	0	0
C6W84_15200	Acyl-CoA dehydrogenase	CP027704.1	3096957	3095812	3231	0.0022666666666666673	0	0	0
C6W84_15205	Aerobic C4-dicarboxylate transport protein	CP027704.1	3098477	3097119	3232	0.0026000000000000003	0	0	0
C6W84_15215	Anthranilate phosphoribosyltransferase	CP027704.1	3098976	3099986	3233	0.0030000000000000005	0	0	0
C6W84_15220	hypothetical protein	CP027704.1	3100455	3100183	3234	0.0030000000000000005	0	0.5	0
C6W84_15225	NAD kinase	CP027704.1	3101360	3100452	3235	0.002933333333333334	0	0	0
C6W84_5815	Penicillin-binding protein 1B	CP027704.1	3101546	3102250	3236	0.0030000000000000005	0	0	0
C6W84_5820	Penicillin-binding protein 1B	CP027704.1	3102250	3102807	3237	0.0026	0	0	0
C6W84_5825	Penicillin-binding protein 1B	CP027704.1	3102912	3103940	3238	0.0024666666666666665	0	0	0
C6W84_15235	hypothetical protein	CP027704.1	3103999	3104511	3239	0.0022	0	0.5	0
C6W84_15240	8-oxo-dGTP diphosphatase	CP027704.1	3105432	3104533	3240	0.0018000000000000002	0	0	0
C6W84_15245	hypothetical protein	CP027704.1	3105569	3105739	3241	0.0018000000000000002	0	0.5	0
C6W84_5830	Sensor protein QseC	CP027704.1	3107046	3105805	3242	0.0018000000000000002	0	0	0
C6W84_15255	Transcriptional regulatory protein QseB	CP027704.1	3107821	3107159	3243	0.0018666666666666666	0	0	0
C6W84_15260	hypothetical protein	CP027704.1	3108288	3107929	3244	0.0018	0	0.5	0
C6W84_15265	Type II secretion system protein E	CP027704.1	3110127	3108370	3245	0.0018	0	0	0
C6W84_15270	hypothetical protein	CP027704.1	3110415	3111683	3246	0.0024	0	0.5	0
C6W84_15275	tRNA (adenine(37)-N6)-methyltransferase	CP027704.1	3112399	3111680	3247	0.002733333333333333	0	0	0
C6W84_15280	Ferredoxin--NADP reductase	CP027704.1	3112504	3113283	3248	0.0037999999999999996	0	0	0
C6W84_15285	putative isomerase YddE	CP027704.1	3114206	3113337	3249	0.005066666666666666	0	0	0
C6W84_5835	hypothetical protein	CP027704.1	3114657	3114965	3250	0.0061333333333333335	0	0.5	0
C6W84_5840	2-aminoadipate transaminase	CP027704.1	3114977	3115900	3251	0.007266666666666667	0	0	0
C6W84_15295	putative protease YdcP	CP027704.1	3115957	3117327	3252	0.008066666666666666	0	0	0
C6W84_15300	putative ferredoxin-like protein	CP027704.1	3117330	3117593	3253	0.009000000000000001	0	0	0
C6W84_15305	Multidrug transporter EmrE	CP027704.1	3117830	3118159	3254	0.010733333333333334	0	0	0
C6W84_15310	Histidine transport ATP-binding protein HisP	CP027704.1	3119007	3118231	3255	0.015866666666666664	0	0	0
C6W84_15315	Histidine transport system permease protein HisM	CP027704.1	3119730	3119017	3256	0.022399999999999996	0	0	0
C6W84_15320	Histidine transport system permease protein HisQ	CP027704.1	3120416	3119727	3257	0.027666666666666666	0	0	0
C6W84_15325	Lysine/arginine/ornithine-binding periplasmic protein	CP027704.1	3121293	3120508	3258	0.028933333333333332	0	0	0
C6W84_5845	HTH-type transcriptional regulator PgrR	CP027704.1	3122208	3121468	3259	0.03493333333333334	0	0	0
C6W84_5850	HTH-type transcriptional regulator BenM	CP027704.1	3122498	3122184	3260	0.040933333333333335	0	0	0
C6W84_5855	hypothetical protein	CP027704.1	3122623	3122477	3261	0.0418	0	0.5	0
C6W84_15335	Multidrug resistance protein MdtE	CP027704.1	3122696	3123916	3262	0.04126666666666667	0	0	0
C6W84_5860	Toluene efflux pump membrane transporter TtgE	CP027704.1	3123923	3124033	3263	0.04380000000000001	0	0	0
C6W84_5865	Efflux pump membrane transporter BepE	CP027704.1	3124055	3126118	3264	0.043933333333333345	0	0	0
C6W84_5870	Multidrug/solvent efflux pump membrane transporter MepB	CP027704.1	3126082	3127101	3265	0.04480000000000001	0	0	0
C6W84_15350	Serine hydroxymethyltransferase	CP027704.1	3129855	3128602	3266	0.047533333333333344	0	0	0
C6W84_15360	hypothetical protein	CP027704.1	3131331	3130102	3267	0.05226666666666668	0	0.5	0
C6W84_15365	Exodeoxyribonuclease 10	CP027704.1	3131581	3132267	3268	0.05666666666666667	0	0	0
C6W84_5875	hypothetical protein	CP027704.1	3132415	3133053	3269	0.058866666666666685	0	0.5	0
C6W84_15380	Daunorubicin/doxorubicin resistance ATP-binding protein DrrA	CP027704.1	3133339	3134274	3270	0.061933333333333354	0	0	0
C6W84_5880	Inner membrane transport permease YadH	CP027704.1	3134271	3134654	3271	0.06320000000000002	0	0	0
C6W84_5885	Inner membrane transport permease YadH	CP027704.1	3134627	3135043	3272	0.06340000000000003	0	0	0
C6W84_15390	NADPH-dependent 7-cyano-7-deazaguanine reductase	CP027704.1	3135040	3135852	3273	0.06366666666666668	0	0	0
C6W84_15395	hypothetical protein	CP027704.1	3135876	3136526	3274	0.06413333333333335	0	0.5	0
C6W84_15400	Peptidoglycan glycosyltransferase MrdB	CP027704.1	3136655	3137797	3275	0.06426666666666668	0	0	0
C6W84_15405	Membrane-bound lytic murein transglycosylase B	CP027704.1	3137817	3138818	3276	0.06366666666666669	0	0	0
C6W84_15410	Endolytic peptidoglycan transglycosylase RlpA	CP027704.1	3139109	3139726	3277	0.06333333333333334	0	0	0
C6W84_15415	hypothetical protein	CP027704.1	3140279	3140731	3278	0.06226666666666668	0	0.5	0
C6W84_15420	hypothetical protein	CP027704.1	3141088	3140792	3279	0.060933333333333346	0	0.5	0
C6W84_5890	hypothetical protein	CP027704.1	3141224	3141090	3280	0.05986666666666667	0	0.5	0
C6W84_15430	hypothetical protein	CP027704.1	3141300	3142232	3281	0.058733333333333346	0	0.5	0
C6W84_5895	hypothetical protein	CP027704.1	3142507	3142262	3282	0.05793333333333335	0	0.5	0
C6W84_15440	HTH-type transcriptional activator Btr	CP027704.1	3143506	3142682	3283	0.057000000000000016	0	0	0
C6W84_15445	hypothetical protein	CP027704.1	3144094	3143609	3284	0.05526666666666668	0	0.5	0
C6W84_15450	Elongation factor Ts	CP027704.1	3145035	3144160	3285	0.0502	0	0	0
C6W84_15455	30S ribosomal protein S2	CP027704.1	3145925	3145173	3286	0	0	0	0
C6W84_15460	Methionine aminopeptidase	CP027704.1	3146135	3146962	3287	0.038400000000000004	0	0	0
C6W84_5900	hypothetical protein	CP027704.1	3147167	3147649	3288	0.03713333333333334	0	0.5	0
C6W84_5905	hypothetical protein	CP027704.1	3147718	3148284	3289	0.03106666666666667	0	0.5	0
C6W84_15470	putative nitrate transporter NarT	CP027704.1	3148697	3150043	3290	0.02493333333333334	0	0	0
C6W84_15475	Oxalate:formate antiporter	CP027704.1	3150218	3151432	3291	0.023866666666666668	0	0	0
C6W84_5910	hypothetical protein	CP027704.1	3151422	3151556	3292	0.0238	0	0.5	0
C6W84_15480	Soluble pyridine nucleotide transhydrogenase	CP027704.1	3153088	3151676	3293	0.02086666666666667	0	0	0
C6W84_15485	Lipoyl synthase	CP027704.1	3153285	3154298	3294	0.020733333333333336	0	0	0
C6W84_5915	Acyl-coenzyme A dehydrogenase	CP027704.1	3154582	3154917	3295	0.019933333333333338	0	0	0
C6W84_5920	Acyl-coenzyme A dehydrogenase	CP027704.1	3154887	3155543	3296	0.017133333333333334	0	0	0
C6W84_5925	Acyl-coenzyme A dehydrogenase	CP027704.1	3155603	3156649	3297	0.012400000000000001	0	0	0
C6W84_5930	hypothetical protein	CP027704.1	3156655	3157044	3298	0.008000000000000002	0	0.5	0
C6W84_15495	hypothetical protein	CP027704.1	3157148	3157531	3299	0.005733333333333335	0	0.5	0
C6W84_15500	hypothetical protein	CP027704.1	3158106	3157570	3300	0.0026666666666666666	0	0.5	0
C6W84_5935	Adenosylhomocysteinase	CP027704.1	3158328	3159206	3301	0.0014000000000000004	0	0	0
C6W84_5940	Adenosylhomocysteinase	CP027704.1	3159242	3159709	3302	0.0012000000000000001	0	0	0
C6W84_15510	5,10-methylenetetrahydrofolate reductase	CP027704.1	3159781	3160617	3303	0.0007333333333333336	0	0	0
C6W84_15515	Ribosomal RNA small subunit methyltransferase E	CP027704.1	3160636	3161358	3304	0.0002666666666666667	0	0	0
C6W84_15520	putative signaling protein	CP027704.1	3161493	3164342	3305	0.00013333333333333334	0	0	0
C6W84_15525	NADP-dependent malic enzyme	CP027704.1	3164579	3166849	3306	0.00013333333333333334	0	0	0
C6W84_15530	Multifunctional CCA protein	CP027704.1	3166941	3168179	3307	0.00013333333333333334	0	0	0
C6W84_15535	Serine endoprotease DegS	CP027704.1	3169404	3168229	3308	0.00013333333333333334	0	0	0
C6W84_15540	GTP cyclohydrolase 1 type 2	CP027704.1	3169598	3170356	3309	0.00013333333333333334	0	0	0
C6W84_15545	Superoxide dismutase [Fe]	CP027704.1	3170502	3171128	3310	0.00013333333333333334	0	0	0
C6W84_15550	hypothetical protein	CP027704.1	3172448	3171225	3311	0.00013333333333333334	0	0.5	0
C6W84_15570	hypothetical protein	CP027704.1	3173090	3173533	3312	0.00013333333333333334	0	0.5	0
C6W84_5945	hypothetical protein	CP027704.1	3173801	3173538	3313	0.00013333333333333334	0	0.5	0
C6W84_5950	hypothetical protein	CP027704.1	3175085	3173850	3314	0.00013333333333333334	0	0.5	0
C6W84_15585	hypothetical protein	CP027704.1	3175337	3176269	3315	6.666666666666667e-05	0	0.5	0
C6W84_15590	4-hydroxybenzoate octaprenyltransferase	CP027704.1	3177343	3176465	3316	6.666666666666667e-05	0	0	0
C6W84_15595	Chorismate pyruvate-lyase	CP027704.1	3177849	3177340	3317	6.666666666666667e-05	0	0	0
C6W84_15600	3-hydroxylaminophenol mutase	CP027704.1	3179384	3177975	3318	6.666666666666667e-05	0	0	0
C6W84_5955	Di-/tripeptide transporter	CP027704.1	3180169	3181710	3319	0.00013333333333333334	0	0	0
C6W84_15610	Aminopeptidase	CP027704.1	3181707	3183509	3320	0.00013333333333333334	0	0	0
C6W84_15615	Anthranilate synthase component 2	CP027704.1	3183803	3184387	3321	0.0003333333333333333	0	0	0
C6W84_5960	hypothetical protein	CP027704.1	3184710	3184483	3322	0.00046666666666666666	0	0.5	0
C6W84_5965	Aminopeptidase N	CP027704.1	3187181	3184722	3323	0.00046666666666666666	0	0	0
C6W84_15625	Colicin I receptor	CP027704.1	3189993	3187261	3324	0.0009333333333333333	0	0	0
C6W84_5970	Anthranilate phosphoribosyltransferase	CP027704.1	3190344	3191399	3325	0.001	0	0	0
C6W84_5975	hypothetical protein	CP027704.1	3191409	3191576	3326	0.001	0	0.5	0
C6W84_5980	Indole-3-glycerol phosphate synthase	CP027704.1	3191573	3192214	3327	0.001	0	0	0
C6W84_15640	putative DNA endonuclease SmrA	CP027704.1	3192224	3192919	3328	0.001	0	0	0
C6W84_5985	hypothetical protein	CP027704.1	3193073	3192930	3329	0.001	0	0.5	0
C6W84_5990	hypothetical protein	CP027704.1	3193913	3193104	3330	0.001	0	0.5	0
C6W84_15650	putative xanthine dehydrogenase subunit D	CP027704.1	3196295	3193920	3331	0.0011333333333333334	0	0	0
C6W84_15655	Carbon monoxide dehydrogenase small chain	CP027704.1	3197796	3196297	3332	0.0011333333333333334	0	0	0
C6W84_5995	GTP cyclohydrolase 1	CP027704.1	3198059	3198607	3333	0.0011333333333333334	0	0	0
C6W84_6000	Beta-lactamase	CP027704.1	3198768	3199235	3334	0.0011333333333333334	0	0	0
C6W84_6005	Beta-lactamase	CP027704.1	3199193	3199918	3335	0.0011333333333333334	0	0	0
C6W84_6010	hypothetical protein	CP027704.1	3201165	3199987	3336	0.0011333333333333334	0	0.5	0
C6W84_6015	hypothetical protein	CP027704.1	3201731	3201162	3337	0.0011333333333333334	0	0.5	0
C6W84_15680	hypothetical protein	CP027704.1	3202409	3201939	3338	0.0011333333333333334	0	0.5	0
C6W84_15685	hypothetical protein	CP027704.1	3203348	3202554	3339	0.0011333333333333334	0	0.5	0
C6W84_15690	Uroporphyrinogen decarboxylase	CP027704.1	3204428	3203355	3340	0.0011333333333333334	0	0	0
C6W84_15695	Putative L,D-transpeptidase YkuD	CP027704.1	3204728	3205975	3341	0.0011333333333333334	0	0	0
C6W84_6020	Isochorismate synthase DhbC	CP027704.1	3206552	3206097	3342	0.0011333333333333334	0	0	0
C6W84_6025	Isochorismate synthase EntC	CP027704.1	3207265	3206588	3343	0.0011333333333333334	0	0	0
C6W84_6030	hypothetical protein	CP027704.1	3208142	3207765	3344	0.0012000000000000001	0	0.5	0
C6W84_15710	Linear gramicidin dehydrogenase LgrE	CP027704.1	3208887	3208153	3345	0.0012000000000000001	0	0	0
C6W84_15715	hypothetical protein	CP027704.1	3209032	3209964	3346	0.002466666666666667	0	0.5	0
C6W84_6035	Phenylserine dehydratase	CP027704.1	3210004	3210219	3347	0.002466666666666667	0	0	0
C6W84_6040	Quercetin 2,3-dioxygenase	CP027704.1	3210464	3210577	3348	0.002466666666666667	0	0	0
C6W84_6045	Quercetin 2,3-dioxygenase	CP027704.1	3210649	3210780	3349	0.0024000000000000002	0	0	0
C6W84_15740	hypothetical protein	CP027704.1	3212035	3211733	3350	0.0024000000000000002	0	0.5	0
C6W84_15745	Carbon starvation protein A	CP027704.1	3214134	3212038	3351	0.0022	0	0	0
C6W84_15750	Elongation factor P	CP027704.1	3214870	3214301	3352	0.0023333333333333335	0	0	0
C6W84_15755	L-lysine 2,3-aminomutase	CP027704.1	3214944	3215960	3353	0.0023333333333333335	0	0	0
C6W84_15760	hypothetical protein	CP027704.1	3215976	3217721	3354	0.0018666666666666666	0	0.5	0
C6W84_6050	hypothetical protein	CP027704.1	3217718	3219043	3355	0.0017333333333333333	0	0.5	0
C6W84_6055	hypothetical protein	CP027704.1	3219079	3219825	3356	0.0017333333333333333	0	0.5	0
C6W84_15770	50S ribosomal protein L31	CP027704.1	3220112	3219888	3357	0	0	0	0
C6W84_6060	hypothetical protein	CP027704.1	3220596	3220306	3358	0.0018	0	0.5	0
C6W84_6065	hypothetical protein	CP027704.1	3221270	3220593	3359	0.0018	0	0.5	0
C6W84_15780	Lactoylglutathione lyase	CP027704.1	3221811	3221410	3360	0.002	0	0	0
C6W84_6070	hypothetical protein	CP027704.1	3223668	3221833	3361	0.0018666666666666666	0	0.5	0
C6W84_15790	Lon protease 2	CP027704.1	3224169	3226787	3362	0.0019333333333333333	0	0	0
C6W84_15795	HTH-type transcriptional regulator DmlR	CP027704.1	3227774	3226845	3363	0.0022	0	0	0
C6W84_15800	Murein hydrolase activator NlpD	CP027704.1	3228706	3227876	3364	0.0027333333333333333	0	0	0
C6W84_15805	5'-nucleotidase SurE	CP027704.1	3229588	3228821	3365	0.0028	0	0	0
C6W84_15810	hypothetical protein	CP027704.1	3229691	3230062	3366	0.002866666666666667	0	0.5	0
C6W84_15815	hypothetical protein	CP027704.1	3230210	3230632	3367	0.002933333333333334	0	0.5	0
C6W84_15820	D-alanyl-D-alanine carboxypeptidase DacA	CP027704.1	3230759	3231907	3368	0.002933333333333334	0	0	0
C6W84_15825	Carnitine operon protein CaiE	CP027704.1	3232007	3232552	3369	0.002933333333333334	0	0	0
C6W84_6075	Phosphatase NudJ	CP027704.1	3232672	3232944	3370	0.002933333333333334	0	0	0
C6W84_6080	Phosphatase NudJ	CP027704.1	3232905	3233159	3371	0.002933333333333334	0	0	0
C6W84_15835	tRNA-specific 2-thiouridylase MnmA	CP027704.1	3233164	3234297	3372	0.002933333333333334	0	0	0
C6W84_6085	High frequency lysogenization protein HflD	CP027704.1	3234311	3235045	3373	0.002933333333333334	0	0	0
C6W84_15845	Adenylosuccinate lyase	CP027704.1	3235100	3236488	3374	0.002866666666666667	0	0	0
C6W84_15850	Inner membrane protein YjdF	CP027704.1	3236571	3237212	3375	0.002866666666666667	0	0	0
C6W84_15855	hypothetical protein	CP027704.1	3239442	3237256	3376	0.0016000000000000003	0	0.5	0
C6W84_15860	putative protease SohB	CP027704.1	3240680	3239718	3377	0.0016000000000000003	0	0	0
C6W84_15865	Phosphate import ATP-binding protein PstB	CP027704.1	3241732	3240830	3378	0.0016000000000000003	0	0	0
C6W84_6090	Phosphate transport system permease protein PstA	CP027704.1	3243143	3241746	3379	0.0016000000000000003	0	0	0
C6W84_15875	Phosphate transport system permease protein PstC 1	CP027704.1	3244519	3243140	3380	0.001666666666666667	0	0	0
C6W84_15880	Phosphate-binding protein PstS	CP027704.1	3245651	3244620	3381	0.0018000000000000002	0	0	0
C6W84_6095	Aromatic amino acid transport protein AroP	CP027704.1	3247345	3246107	3382	0.0018000000000000004	0	0	0
C6W84_6100	hypothetical protein	CP027704.1	3247485	3247387	3383	0.0038000000000000004	0	0.5	0
C6W84_6105	Alpha-keto-acid decarboxylase	CP027704.1	3248261	3247626	3384	0.005333333333333334	0	0	0
C6W84_6110	Indole-3-pyruvate decarboxylase	CP027704.1	3249347	3248277	3385	0.005466666666666667	0	0	0
C6W84_15895	Leucine-responsive regulatory protein	CP027704.1	3249482	3249922	3386	0.009800000000000001	0	0	0
C6W84_6115	3-succinoylsemialdehyde-pyridine dehydrogenase	CP027704.1	3250649	3250161	3387	0.0164	0	0	0
C6W84_15910	hypothetical protein	CP027704.1	3251966	3250743	3388	0.021866666666666666	0	0.5	0
C6W84_6120	Phenylacetaldehyde dehydrogenase	CP027704.1	3252931	3252029	3389	0.027533333333333337	0	0	0
C6W84_15920	L-2,4-diaminobutyrate decarboxylase	CP027704.1	3254740	3253208	3390	0.0356	0	0	0
C6W84_15925	Diaminobutyrate--2-oxoglutarate aminotransferase	CP027704.1	3256116	3254743	3391	0.04286666666666667	0	0	0
C6W84_15930	hypothetical protein	CP027704.1	3256583	3257284	3392	0.04873333333333333	0	0.5	0
C6W84_6125	hypothetical protein	CP027704.1	3257536	3257339	3393	0.05586666666666666	0	0.5	0
C6W84_6130	HTH-type transcriptional repressor AcnR	CP027704.1	3257970	3257533	3394	0.058333333333333334	0	0	0
C6W84_15940	hypothetical protein	CP027704.1	3258092	3258556	3395	0.058866666666666664	0	0.5	0
C6W84_15945	NADPH-dependent stearoyl-CoA 9-desaturase	CP027704.1	3259683	3258589	3396	0.0604	0	0	0
C6W84_15950	NADPH oxidoreductase	CP027704.1	3260766	3259696	3397	0.0648	0	0	0
C6W84_15955	HTH-type transcriptional repressor FabR	CP027704.1	3260907	3261602	3398	0.07006666666666667	0	0	0
C6W84_6135	hypothetical protein	CP027704.1	3261769	3262230	3399	0.07106666666666665	0	0.5	0
C6W84_6140	hypothetical protein	CP027704.1	3262361	3262783	3400	0.07206666666666665	0	0.5	0
C6W84_6145	RNA polymerase-associated protein RapA	CP027704.1	3265412	3262839	3401	0.07366666666666664	0	0	0
C6W84_6150	RNA polymerase-associated protein RapA	CP027704.1	3265675	3265493	3402	0.07959999999999998	0	0	0
C6W84_15970	Ribosomal large subunit pseudouridine synthase A	CP027704.1	3266458	3265820	3403	0.08446666666666665	0	0	0
C6W84_15975	hypothetical protein	CP027704.1	3267295	3266591	3404	0.08766666666666664	0	0.5	0
C6W84_6155	Glutamate-1-semialdehyde 2,1-aminomutase	CP027704.1	3268654	3267479	3405	0.0897333333333333	0	0	0
C6W84_15985	Thiamine-phosphate synthase	CP027704.1	3269308	3268697	3406	0.09046666666666664	0	0	0
C6W84_15990	CRISPR-associated endonuclease Cas6/Csy4	CP027704.1	3281766	3281155	3407	0.0905333333333333	0	0	0
C6W84_6160	CRISPR-associated protein Csy3	CP027704.1	3282596	3281769	3408	0.09066666666666663	0	0	0
C6W84_6165	CRISPR-associated protein Csy3	CP027704.1	3282781	3282620	3409	0.09139999999999995	0	0	0
C6W84_6170	CRISPR-associated protein Csy2	CP027704.1	3283331	3282807	3410	0.09199999999999996	0	0	0
C6W84_6175	CRISPR-associated protein Csy2	CP027704.1	3283690	3283328	3411	0.09206666666666662	0	0	0
C6W84_6180	CRISPR-associated protein Csy1	CP027704.1	3284442	3283690	3412	0.09179999999999995	0	0	0
C6W84_16010	CRISPR-associated protein Csy1	CP027704.1	3284939	3284532	3413	0.08979999999999995	0	0	0
C6W84_16015	CRISPR-associated nuclease/helicase Cas3 subtype I-F/YPEST	CP027704.1	3288329	3284955	3414	0.08826666666666663	0	0	0
C6W84_16020	hypothetical protein	CP027704.1	3288701	3288474	3415	0.0881333333333333	0	0.5	0
C6W84_6185	CRISPR-associated endonuclease Cas1	CP027704.1	3289494	3288838	3416	0.08379999999999996	0	0	0
C6W84_6190	CRISPR-associated endonuclease Cas1	CP027704.1	3289781	3289482	3417	0.0771333333333333	0	0	0
C6W84_6195	hypothetical protein	CP027704.1	3290281	3289904	3418	0.07166666666666663	0	0.5	0
C6W84_16035	Inorganic triphosphatase	CP027704.1	3290453	3291916	3419	0.06613333333333332	0	0	0
C6W84_16040	hypothetical protein	CP027704.1	3292584	3291952	3420	0.05786666666666667	0	0.5	0
C6W84_16045	hypothetical protein	CP027704.1	3292688	3293071	3421	0.050600000000000006	0	0.5	0
C6W84_16050	putative zinc protease	CP027704.1	3295891	3293129	3422	0.044666666666666674	0	0	0
C6W84_16055	putative isomerase YddE	CP027704.1	3296829	3296014	3423	0.03726666666666668	0	0	0
C6W84_6200	L-cystine uptake protein TcyP	CP027704.1	3298372	3296978	3424	0.03426666666666667	0	0	0
C6W84_16065	HTH-type transcriptional regulator GltR	CP027704.1	3299451	3298570	3425	0.033666666666666664	0	0	0
C6W84_6205	Insertion element IS6110 uncharacterized 12.0 kDa protein	CP027704.1	3299626	3299943	3426	0.032066666666666674	0	0.5	0
C6W84_6210	hypothetical protein	CP027704.1	3299943	3300845	3427	0.027600000000000003	0	0.5	0
C6W84_6215	hypothetical protein	CP027704.1	3300946	3302037	3428	0.02233333333333333	0	0.5	0
C6W84_16090	hypothetical protein	CP027704.1	3302383	3302793	3429	0.021333333333333336	0	0.5	0
C6W84_16095	hypothetical protein	CP027704.1	3302844	3303284	3430	0.020733333333333336	0	0.5	0
C6W84_6220	Isocitrate dehydrogenase [NADP]	CP027704.1	3303942	3303385	3431	0.0192	0	0	0
C6W84_6225	Isocitrate dehydrogenase [NADP]	CP027704.1	3304640	3304014	3432	0.01326666666666667	0	0	0
C6W84_16105	Ribosomal large subunit pseudouridine synthase E	CP027704.1	3304841	3305629	3433	0.0084	0	0	0
C6W84_16110	Isocitrate dehydrogenase [NADP]	CP027704.1	3307984	3305747	3434	0.0052	0	0	0
C6W84_6230	hypothetical protein	CP027704.1	3309754	3308384	3435	0.0032000000000000006	0	0.5	0
C6W84_6235	hypothetical protein	CP027704.1	3310085	3309714	3436	0.0027999999999999995	0	0.5	0
C6W84_16120	D-alanyl-D-alanine carboxypeptidase DacD	CP027704.1	3310258	3311577	3437	0.0029333333333333334	0	0	0
C6W84_6240	NADH dehydrogenase	CP027704.1	3311676	3312497	3438	0.003333333333333333	0	0	0
C6W84_6245	NADH dehydrogenase	CP027704.1	3312557	3312961	3439	0.0027333333333333337	0	0	0
C6W84_16130	FKBP-type peptidyl-prolyl cis-trans isomerase SlyD	CP027704.1	3313097	3313579	3440	0.0021333333333333334	0	0	0
C6W84_16135	Deoxyribodipyrimidine photo-lyase	CP027704.1	3313683	3315125	3441	0.0019333333333333336	0	0	0
C6W84_16140	hypothetical protein	CP027704.1	3315255	3316187	3442	0.0020000000000000005	0	0.5	0
C6W84_16145	hypothetical protein	CP027704.1	3316368	3317108	3443	0.0024000000000000002	0	0.5	0
C6W84_6250	hypothetical protein	CP027704.1	3317108	3318259	3444	0.0034000000000000002	0	0.5	0
C6W84_6255	hypothetical protein	CP027704.1	3318418	3318272	3445	0.007733333333333333	0	0.5	0
C6W84_16160	hypothetical protein	CP027704.1	3318670	3319371	3446	0.008266666666666667	0	0.5	0
C6W84_6260	hypothetical protein	CP027704.1	3319482	3319814	3447	0.010333333333333333	0	0.5	0
C6W84_6265	Putative monooxygenase	CP027704.1	3319931	3320380	3448	0.012199999999999999	0	0	0
C6W84_16170	putative tRNA-dihydrouridine synthase	CP027704.1	3321595	3320570	3449	0	0	0	0
C6W84_6270	hypothetical protein	CP027704.1	3321738	3322886	3450	0.019066666666666666	0	0.5	0
C6W84_6275	hypothetical protein	CP027704.1	3323048	3323509	3451	0.028133333333333333	0	0.5	0
C6W84_16185	Glutamate 5-kinase	CP027704.1	3324669	3323536	3452	0.0306	0	0	0
C6W84_16190	GTPase Obg	CP027704.1	3325905	3324685	3453	0.03273333333333333	0	0	0
C6W84_6280	hypothetical protein	CP027704.1	3326744	3326070	3454	0.03546666666666667	0	0.5	0
C6W84_6285	hypothetical protein	CP027704.1	3327409	3326756	3455	0.03673333333333333	0	0.5	0
C6W84_16205	Glyceraldehyde-3-phosphate dehydrogenase-like protein	CP027704.1	3329095	3327638	3456	0.037333333333333336	0	0	0
C6W84_16210	hypothetical protein	CP027704.1	3330256	3329312	3457	0.03766666666666667	0	0.5	0
C6W84_16215	Outer membrane lipoprotein Blc	CP027704.1	3330955	3330368	3458	0.039200000000000006	0	0	0
C6W84_16220	UvrABC system protein B	CP027704.1	3333070	3331049	3459	0.04413333333333334	0	0	0
C6W84_16225	hypothetical protein	CP027704.1	3333250	3334041	3460	0.045533333333333335	0	0.5	0
C6W84_6290	hypothetical protein	CP027704.1	3334727	3334125	3461	0.04766666666666667	0	0.5	0
C6W84_16235	putative diguanylate cyclase YdaM	CP027704.1	3335198	3336634	3462	0.04800000000000001	0	0	0
C6W84_16240	hypothetical protein	CP027704.1	3336848	3336669	3463	0.04953333333333334	0	0.5	0
C6W84_6295	Aspartate aminotransferase	CP027704.1	3337056	3337907	3464	0.050066666666666676	0	0	0
C6W84_6300	Aspartate aminotransferase	CP027704.1	3337904	3338290	3465	0.05020000000000001	0	0	0
C6W84_16250	hypothetical protein	CP027704.1	3338752	3338342	3466	0.05040000000000001	0	0.5	0
C6W84_16255	hypothetical protein	CP027704.1	3338938	3339375	3467	0.050466666666666674	0	0.5	0
C6W84_6305	hypothetical protein	CP027704.1	3339818	3339390	3468	0.05033333333333334	0	0.5	0
C6W84_16275	NADP-dependent 3-hydroxy acid dehydrogenase YdfG	CP027704.1	3341067	3340309	3469	0.050466666666666674	0	0	0
C6W84_6310	hypothetical protein	CP027704.1	3341852	3341361	3470	0.05040000000000001	0	0.5	0
C6W84_6315	hypothetical protein	CP027704.1	3342004	3341849	3471	0.05040000000000001	0	0.5	0
C6W84_16285	Pyridoxine 5'-phosphate synthase	CP027704.1	3342736	3342011	3472	0.050466666666666674	0	0	0
C6W84_16290	DNA repair protein RecO	CP027704.1	3343463	3342750	3473	0.05053333333333333	0	0	0
C6W84_16295	hypothetical protein	CP027704.1	3343673	3343473	3474	0.05	0	0.5	0
C6W84_6320	GTPase Era	CP027704.1	3344720	3343692	3475	0.04586666666666668	0	0	0
C6W84_16305	Ribonuclease 3	CP027704.1	3345418	3344726	3476	0.045333333333333344	0	0	0
C6W84_16310	hypothetical protein	CP027704.1	3345764	3345390	3477	0.043266666666666675	0	0.5	0
C6W84_16315	Signal peptidase I	CP027704.1	3346615	3345788	3478	0.041400000000000006	0	0	0
C6W84_16320	Elongation factor 4	CP027704.1	3348503	3346686	3479	0.03926666666666668	0	0	0
C6W84_16325	hypothetical protein	CP027704.1	3349130	3348681	3480	0.03440000000000001	0	0.5	0
C6W84_6325	Periplasmic pH-dependent serine endoprotease DegQ	CP027704.1	3350627	3349251	3481	0.02533333333333334	0	0	0
C6W84_6330	L-aspartate oxidase	CP027704.1	3350852	3352501	3482	0.02286666666666667	0	0	0
C6W84_16340	hypothetical protein	CP027704.1	3352972	3352556	3483	0.020733333333333336	0	0.5	0
C6W84_16345	Thymidylate kinase	CP027704.1	3353710	3353111	3484	0.018666666666666668	0	0	0
C6W84_16350	Endolytic murein transglycosylase	CP027704.1	3354790	3353720	3485	0.017666666666666667	0	0	0
C6W84_16355	Aminodeoxychorismate lyase	CP027704.1	3355604	3354792	3486	0.01726666666666667	0	0	0
C6W84_16360	Sulfate-binding protein	CP027704.1	3355868	3356875	3487	0.017333333333333336	0	0	0
C6W84_16365	hypothetical protein	CP027704.1	3356906	3357514	3488	0.016200000000000006	0	0.5	0
C6W84_16370	Sulfate transport system permease protein CysT	CP027704.1	3357595	3358428	3489	0.011733333333333339	0	0	0
C6W84_16375	Sulfate transport system permease protein CysW	CP027704.1	3358425	3359309	3490	0.01126666666666667	0	0	0
C6W84_16380	Sulfate/thiosulfate import ATP-binding protein CysA	CP027704.1	3359321	3360382	3491	0.00926666666666667	0	0	0
C6W84_16385	HTH-type transcriptional regulator cbl	CP027704.1	3360454	3361377	3492	0.010933333333333335	0	0	0
C6W84_16390	hypothetical protein	CP027704.1	3362172	3361429	3493	0.009600000000000001	0	0.5	0
C6W84_16395	2,3,4,5-tetrahydropyridine-2,6-dicarboxylate N-succinyltransferase	CP027704.1	3362466	3363287	3494	0.009266666666666668	0	0	0
C6W84_6335	7-carboxy-7-deazaguanine synthase	CP027704.1	3363366	3363635	3495	0.013133333333333335	0	0	0
C6W84_6340	7-carboxy-7-deazaguanine synthase	CP027704.1	3363728	3364075	3496	0.016866666666666665	0	0	0
C6W84_6345	7-cyano-7-deazaguanine synthase	CP027704.1	3364116	3364787	3497	0.016866666666666665	0	0	0
C6W84_16410	hypothetical protein	CP027704.1	3364801	3365217	3498	0.016866666666666665	0	0.5	0
C6W84_16415	hypothetical protein	CP027704.1	3365308	3365994	3499	0.019133333333333332	0	0.5	0
C6W84_16420	Putative peroxiredoxin bcp	CP027704.1	3366012	3366473	3500	0.021	0	0	0
C6W84_16425	hypothetical protein	CP027704.1	3366596	3367165	3501	0.023066666666666666	0	0.5	0
C6W84_16430	Bifunctional NMN adenylyltransferase/Nudix hydrolase	CP027704.1	3367868	3367236	3502	0.025399999999999995	0	0	0
C6W84_16435	2,3-dehydroadipyl-CoA hydratase	CP027704.1	3367936	3368736	3503	0.025733333333333337	0	0	0
C6W84_16440	GTP cyclohydrolase 1 type 2	CP027704.1	3369050	3368733	3504	0.026466666666666673	0	0	0
C6W84_16445	Bicyclomycin resistance protein	CP027704.1	3370649	3369444	3505	0.026600000000000006	0	0	0
C6W84_16450	Phosphoribosylformylglycinamidine synthase	CP027704.1	3374565	3370732	3506	0.02713333333333334	0	0	0
C6W84_16455	Deoxyguanosinetriphosphate triphosphohydrolase	CP027704.1	3374875	3376215	3507	0.03300000000000001	0	0	0
C6W84_16460	Holliday junction ATP-dependent DNA helicase RuvA	CP027704.1	3376307	3376906	3508	0.03500000000000001	0	0	0
C6W84_16465	Holliday junction ATP-dependent DNA helicase RuvB	CP027704.1	3376915	3377919	3509	0.036933333333333346	0	0	0
C6W84_6350	putative hydrolase YxeP	CP027704.1	3378173	3378463	3510	0.03840000000000001	0	0	0
C6W84_6355	putative hydrolase YxeP	CP027704.1	3378500	3379459	3511	0.039533333333333344	0	0	0
C6W84_16475	Acyl-CoA thioesterase YbgC	CP027704.1	3379670	3380077	3512	0.040000000000000015	0	0	0
C6W84_6360	Biopolymer transport protein ExbB	CP027704.1	3380043	3380798	3513	0.040200000000000014	0	0	0
C6W84_16485	Biopolymer transport protein ExbD	CP027704.1	3380798	3381250	3514	0.040000000000000015	0	0	0
C6W84_16490	hypothetical protein	CP027704.1	3381254	3382663	3515	0.04160000000000001	0	0.5	0
C6W84_16495	Protein TolB	CP027704.1	3382757	3384037	3516	0.04173333333333335	0	0	0
C6W84_16500	Peptidoglycan-associated lipoprotein	CP027704.1	3384065	3384628	3517	0.04146666666666668	0	0	0
C6W84_16505	hypothetical protein	CP027704.1	3384871	3384683	3518	0.041200000000000014	0	0.5	0
C6W84_16510	Fructose-1,6-bisphosphatase class 1	CP027704.1	3385053	3386024	3519	0.04086666666666668	0	0	0
C6W84_6365	23S rRNA (guanosine-2'-O-)-methyltransferase RlmB	CP027704.1	3386081	3386608	3520	0.03973333333333335	0	0	0
C6W84_6370	23S rRNA (guanosine-2'-O-)-methyltransferase RlmB	CP027704.1	3386605	3386856	3521	0.03960000000000001	0	0	0
C6W84_16520	ECF RNA polymerase sigma factor SigE	CP027704.1	3387016	3387630	3522	0.037800000000000014	0	0	0
C6W84_16525	hypothetical protein	CP027704.1	3387620	3387940	3523	0.037800000000000014	0	0.5	0
C6W84_16530	hypothetical protein	CP027704.1	3387930	3388319	3524	0.037666666666666675	0	0.5	0
C6W84_6375	hypothetical protein	CP027704.1	3388455	3388856	3525	0.03486666666666668	0	0.5	0
C6W84_6380	hypothetical protein	CP027704.1	3389451	3388807	3526	0.031133333333333346	0	0.5	0
C6W84_6385	hypothetical protein	CP027704.1	3389743	3390345	3527	0.030866666666666678	0	0.5	0
C6W84_6390	hypothetical protein	CP027704.1	3390620	3390342	3528	0.03046666666666668	0	0.5	0
C6W84_6395	DnaA regulatory inactivator Hda	CP027704.1	3391566	3390937	3529	0.027933333333333345	0	0	0
C6W84_6400	hypothetical protein	CP027704.1	3391891	3391655	3530	0.026066666666666675	0	0.5	0
C6W84_6405	hypothetical protein	CP027704.1	3392235	3391876	3531	0.024000000000000007	0	0.5	0
C6W84_6410	hypothetical protein	CP027704.1	3392846	3392229	3532	0.02153333333333334	0	0.5	0
C6W84_16565	Phosphoribosylformylglycinamidine cyclo-ligase	CP027704.1	3392982	3394040	3533	0.020733333333333336	0	0	0
C6W84_16570	Phosphoribosylglycinamide formyltransferase	CP027704.1	3394048	3394677	3534	0.019533333333333337	0	0	0
C6W84_16575	hypothetical protein	CP027704.1	3395551	3394742	3535	0.019200000000000002	0	0.5	0
C6W84_6415	Putative signal peptide peptidase SppA	CP027704.1	3396406	3395570	3536	0.018666666666666668	0	0	0
C6W84_16585	Lipid A biosynthesis lauroyltransferase	CP027704.1	3396722	3397705	3537	0.012800000000000002	0	0	0
C6W84_6420	ComE operon protein 3	CP027704.1	3399556	3397658	3538	0.010800000000000002	0	0	0
C6W84_6425	hypothetical protein	CP027704.1	3400089	3399538	3539	0.008866666666666669	0	0.5	0
C6W84_16595	Lipoprotein-releasing system ATP-binding protein LolD	CP027704.1	3400860	3400174	3540	0.0074666666666666675	0	0	0
C6W84_6430	Lipoprotein-releasing system transmembrane protein LolE	CP027704.1	3402133	3400853	3541	0.006333333333333333	0	0	0
C6W84_6435	putative inner membrane transporter YedA	CP027704.1	3403208	3402336	3542	0.0058666666666666685	0	0	0
C6W84_6440	hypothetical protein	CP027704.1	3403586	3403254	3543	0.005666666666666668	0	0.5	0
C6W84_6445	hypothetical protein	CP027704.1	3403720	3403559	3544	0.005266666666666668	0	0.5	0
C6W84_16615	hypothetical protein	CP027704.1	3403995	3404936	3545	0.0034000000000000002	0	0.5	0
C6W84_6450	hypothetical protein	CP027704.1	3404970	3405116	3546	0.003066666666666667	0	0.5	0
C6W84_16620	Phosphoserine aminotransferase	CP027704.1	3406253	3405174	3547	0.003133333333333334	0	0	0
C6W84_16625	hypothetical protein	CP027704.1	3406633	3408120	3548	0.003133333333333334	0	0.5	0
C6W84_16630	Multidrug export protein EmrA	CP027704.1	3408133	3409254	3549	0.0030000000000000005	0	0	0
C6W84_16635	hypothetical protein	CP027704.1	3409318	3410388	3550	0.002800000000000001	0	0.5	0
C6W84_16640	Inner membrane transport permease YbhR	CP027704.1	3410385	3411476	3551	0.0027333333333333337	0	0	0
C6W84_6455	hypothetical protein	CP027704.1	3411706	3412449	3552	0.0025333333333333336	0	0.5	0
C6W84_6460	Insertion element IS6110 uncharacterized 12.0 kDa protein	CP027704.1	3412648	3412965	3553	0.002466666666666667	0	0.5	0
C6W84_6465	hypothetical protein	CP027704.1	3412965	3413867	3554	0.0024827586206896553	0	0.5	0
C6W84_6470	hypothetical protein	CP027704.1	3415017	3413869	3555	0.0012142857142857144	0	0.5	0
C6W84_16675	DNA gyrase subunit A	CP027704.1	3418300	3415586	3556	0.0006666666666666668	0	0	0
C6W84_16680	Electron transfer flavoprotein subunit alpha	CP027704.1	3419597	3418665	3557	0.0006923076923076924	0	0	0
C6W84_16685	Electron transfer flavoprotein subunit beta	CP027704.1	3420364	3419615	3558	0.00072	0	0	0
C6W84_6475	Tyrosine recombinase XerC	CP027704.1	3421713	3420790	3559	0.0007500000000000001	0	1.5	0
C6W84_16695	Homoserine/homoserine lactone efflux protein	CP027704.1	3421848	3422471	3560	0.000782608695652174	0	0	0
C6W84_16700	Diaminopimelate epimerase	CP027704.1	3423403	3422558	3561	0.0008181818181818183	0	0	0
C6W84_16705	Diaminopimelate decarboxylase	CP027704.1	3424659	3423409	3562	0.0008571428571428572	0	0	0
C6W84_16710	hypothetical protein	CP027704.1	3424906	3424682	3563	0.0009000000000000001	0	0.5	0
C6W84_6480	D-serine/D-alanine/glycine transporter	CP027704.1	3426525	3425047	3564	0.0009473684210526316	0	0	0
C6W84_16720	DNA repair protein RadA	CP027704.1	3426943	3428331	3565	0.001	0	0	0
C6W84_16725	hypothetical protein	CP027704.1	3428414	3429391	3566	0.0010588235294117648	0	0.5	0
C6W84_16730	Elongation factor P--(R)-beta-lysine ligase	CP027704.1	3430424	3429450	3567	0.0011250000000000001	0	0	0
C6W84_6485	Erythronate-4-phosphate dehydrogenase	CP027704.1	3430759	3430421	3568	0.0012000000000000001	0	0	0
